alpha,beta,seed,sinalpha,cosalpha,
inf,0.00000000,11.00000000,0.93630866,0.70936977,
inf,0.01000000,11.00000000,0.93626269,0.70940869,
inf,0.01000000,12.00000000,0.64237100,2.06565783,
inf,0.01000000,13.00000000,1.84685728,-7.02866479,
inf,0.01000000,14.00000000,1.15248999,2.29112663,
inf,0.01000000,15.00000000,0.76674921,1.55335766,
inf,0.01000000,16.00000000,1.14352170,2.24552254,
inf,0.01000000,17.00000000,1.13058573,1.61912654,
inf,0.01000000,18.00000000,1.82952603,-6.61359392,
inf,0.01000000,19.00000000,1.02045662,1.97745421,alpha,beta,seed,sinalpha,cosalpha,
inf,0.00000000,12.00000000,0.64238784,2.06569878,
inf,0.01000000,20.00000000,0.97570078,1.79423040,alpha,beta,seed,sinalpha,cosalpha,
inf,0.00000000,13.00000000,1.85902531,-7.03957012,alpha,beta,seed,sinalpha,cosalpha,
inf,0.00000000,14.00000000,1.15251647,2.29116530,alpha,beta,seed,sinalpha,cosalpha,
inf,0.00000000,15.00000000,0.76676946,1.55338763,alpha,beta,seed,sinalpha,cosalpha,
inf,0.00000000,16.00000000,1.14353758,2.24561878,alpha,beta,seed,sinalpha,cosalpha,
inf,0.00000000,17.00000000,1.13059931,1.61920215,alpha,beta,seed,sinalpha,cosalpha,
inf,0.00000000,18.00000000,1.82988581,-6.61424610,alpha,beta,seed,sinalpha,cosalpha,
inf,0.00000000,19.00000000,1.02045756,1.97747498,alpha,beta,seed,sinalpha,cosalpha,
inf,0.00000000,20.00000000,0.97651178,1.79429171,
inf,0.10000000,11.00000000,0.93586080,0.70977978,
inf,0.10000000,12.00000000,0.64221954,2.06528921,
inf,0.10000000,13.00000000,1.85464721,-7.02915545,
inf,0.10000000,14.00000000,1.15225187,2.29077876,
inf,0.10000000,15.00000000,0.76655498,1.55311020,
inf,0.10000000,16.00000000,1.14337883,2.24465666,
inf,0.10000000,17.00000000,1.13050647,1.61841242,
inf,0.10000000,18.00000000,1.82651874,-6.60952757,
inf,0.10000000,19.00000000,1.02044823,1.97726732,
inf,0.10000000,20.00000000,0.96923421,1.80200278,
inf,1000000.00000000,11.00000000,0.00180042,0.00013653,
inf,1000000.00000000,12.00000000,0.00050081,0.00053052,
inf,1000000.00000000,13.00000000,0.00152190,-0.00021034,
inf,1000000.00000000,14.00000000,0.00372905,0.00144324,
inf,1000000.00000000,15.00000000,0.00103168,0.00012795,
inf,1000000.00000000,16.00000000,0.00412963,0.00141569,
inf,1000000.00000000,17.00000000,0.00417510,0.00135752,
inf,1000000.00000000,18.00000000,0.00428481,0.00115974,
inf,1000000.00000000,19.00000000,0.00386577,0.00156357,
inf,1000000.00000000,20.00000000,0.00400019,0.00147450,
inf,100000.00000000,11.00000000,0.01757427,0.00122302,
inf,100000.00000000,12.00000000,0.00492391,0.00530246,
inf,100000.00000000,13.00000000,0.01494370,-0.00206146,
inf,100000.00000000,14.00000000,0.03633624,0.01400536,
inf,100000.00000000,15.00000000,0.01009082,0.00132525,
inf,100000.00000000,16.00000000,0.04030056,0.01317394,
inf,100000.00000000,17.00000000,0.04076411,0.01255625,
inf,100000.00000000,18.00000000,0.04171637,0.01052458,
inf,100000.00000000,19.00000000,0.03754773,0.01500113,
inf,100000.00000000,20.00000000,0.03871586,0.01401396,
inf,10000.00000000,11.00000000,0.14085196,0.00556260,
inf,10000.00000000,12.00000000,0.04230055,0.05283889,
inf,10000.00000000,13.00000000,0.12480052,-0.01698664,
inf,10000.00000000,14.00000000,0.25732706,0.12332156,
inf,10000.00000000,15.00000000,0.08299309,0.01818761,
inf,10000.00000000,16.00000000,0.28502078,0.08213057,
inf,10000.00000000,17.00000000,0.28754663,0.07650165,
inf,10000.00000000,18.00000000,0.29175525,0.05184641,
inf,10000.00000000,19.00000000,0.26021767,0.12503453,
inf,10000.00000000,20.00000000,0.26486857,0.11076905,
inf,1000.00000000,11.00000000,0.48555103,0.06204045,
inf,1000.00000000,12.00000000,0.19797332,0.47726934,
inf,1000.00000000,13.00000000,0.45821339,-0.10356408,
inf,1000.00000000,14.00000000,0.64233376,0.89320312,
inf,1000.00000000,15.00000000,0.33141257,0.36247545,
inf,1000.00000000,16.00000000,0.69800292,0.33299197,
inf,1000.00000000,17.00000000,0.70101764,0.30254054,
inf,1000.00000000,18.00000000,0.71249217,0.02731173,
inf,1000.00000000,19.00000000,0.63802413,0.84915548,
inf,1000.00000000,20.00000000,0.64243637,0.77583282,
inf,100.00000000,11.00000000,0.78298660,0.44487901,
inf,100.00000000,12.00000000,0.50670727,1.67956684,
inf,100.00000000,13.00000000,0.70881284,-0.84894429,
inf,100.00000000,14.00000000,1.02350401,1.98753536,
inf,100.00000000,15.00000000,0.66524171,1.33288103,
inf,100.00000000,16.00000000,0.98258666,1.28216782,
inf,100.00000000,17.00000000,0.98999117,0.98806719,
inf,100.00000000,18.00000000,1.03008921,-0.60393903,
inf,100.00000000,19.00000000,0.92146397,1.74456465,
inf,100.00000000,20.00000000,0.90420872,1.62024040,
inf,10.00000000,11.00000000,0.90843331,0.66411223,
inf,10.00000000,12.00000000,0.62412208,2.02283594,
inf,10.00000000,13.00000000,0.85364249,-2.85068151,
inf,10.00000000,14.00000000,1.12942326,2.25534377,
inf,10.00000000,15.00000000,0.75568748,1.53104162,
inf,10.00000000,16.00000000,1.12783292,2.15170929,
inf,10.00000000,17.00000000,1.11709520,1.54654229,
inf,10.00000000,18.00000000,1.31952506,-3.22865537,
inf,10.00000000,19.00000000,1.00500782,1.94873661,
inf,10.00000000,20.00000000,0.96181728,1.78192697,
inf,1.00000000,11.00000000,0.93265571,0.70745602,
inf,1.00000000,12.00000000,0.63962267,2.06064388,
inf,1.00000000,13.00000000,1.83981176,-6.96205670,
inf,1.00000000,14.00000000,1.14988430,2.28731583,
inf,1.00000000,15.00000000,0.76572501,1.55187709,
inf,1.00000000,16.00000000,1.14195457,2.23602455,
inf,1.00000000,17.00000000,1.12928906,1.61163724,
inf,1.00000000,18.00000000,1.78965982,-6.51920271,
inf,1.00000000,19.00000000,1.02036428,1.97540248,
inf,1.00000000,20.00000000,0.96841993,1.80009555,
inf,20.00000000,11.00000000,0.87695343,0.62402623,
inf,20.00000000,12.00000000,0.60989792,1.98324926,
inf,20.00000000,13.00000000,0.79199753,-2.19022769,
inf,20.00000000,14.00000000,1.10722033,2.21913053,
inf,20.00000000,15.00000000,0.74977355,1.49877443,
inf,20.00000000,16.00000000,1.11340929,2.05184133,
inf,20.00000000,17.00000000,1.10364338,1.47915799,
inf,20.00000000,18.00000000,1.19368658,-2.09966338,
inf,20.00000000,19.00000000,0.99382473,1.92280695,
inf,20.00000000,20.00000000,0.95442079,1.76203000,
inf,2.00000000,11.00000000,0.92930182,0.70485331,
inf,2.00000000,12.00000000,0.63809137,2.05667222,
inf,2.00000000,13.00000000,0.89872680,-3.41455543,
inf,2.00000000,14.00000000,1.14728315,2.28350149,
inf,2.00000000,15.00000000,0.76386003,1.54903726,
inf,2.00000000,16.00000000,1.14034599,2.22648496,
inf,2.00000000,17.00000000,1.12793579,1.60416738,
inf,2.00000000,18.00000000,1.75416130,-6.34165502,
inf,2.00000000,19.00000000,1.02027108,1.97333907,
inf,2.00000000,20.00000000,0.96779311,1.79803603,
inf,50.00000000,11.00000000,0.84065849,0.56074820,
inf,50.00000000,12.00000000,0.56305961,1.86356423,
inf,50.00000000,13.00000000,0.74669119,-1.39176149,
inf,50.00000000,14.00000000,1.02585679,2.09561713,
inf,50.00000000,15.00000000,0.71260147,1.44153247,
inf,50.00000000,16.00000000,1.07218928,1.75357341,
inf,50.00000000,17.00000000,1.06549876,1.29732769,
inf,50.00000000,18.00000000,1.09460686,-1.02074105,
inf,50.00000000,19.00000000,0.96362097,1.85068252,
inf,50.00000000,20.00000000,0.93627138,1.70675758,
inf,5.00000000,11.00000000,0.92050509,0.69992934,
inf,5.00000000,12.00000000,0.63343708,2.04460149,
inf,5.00000000,13.00000000,0.89254882,-3.19544944,
inf,5.00000000,14.00000000,1.13966450,2.27224641,
inf,5.00000000,15.00000000,0.76040768,1.54223999,
inf,5.00000000,16.00000000,1.13565225,2.19818371,
inf,5.00000000,17.00000000,1.12386913,1.58211823,
inf,5.00000000,18.00000000,1.43641912,-4.18463376,
inf,5.00000000,19.00000000,1.01085077,1.96211395,
inf,5.00000000,20.00000000,0.96479880,1.78576503,alpha,beta,seed,sinalpha,cosalpha,
inf,0.00000000,1.00000000,1.22814669,2.41046149,alpha,beta,seed,sinalpha,cosalpha,
inf,0.00000000,10.00000000,4.99938932,4.42108500,
inf,0.01000000,1.00000000,1.22814361,2.41043560,
inf,0.01000000,10.00000000,4.99907166,4.42171302,
inf,0.01000000,2.00000000,0.97525298,1.94192673,
inf,0.01000000,3.00000000,0.93122767,1.72554651,
inf,0.01000000,4.00000000,1.37035722,3.14273788,
inf,0.01000000,5.00000000,0.78876196,0.89171530,
inf,0.01000000,6.00000000,0.98053446,1.83837038,
inf,0.01000000,7.00000000,0.86555947,2.33196210,
inf,0.01000000,8.00000000,5.41304603,4.22706830,
inf,0.01000000,9.00000000,63.55390178,-0.45083546,alpha,beta,seed,sinalpha,cosalpha,
inf,0.00000000,2.00000000,0.97526314,1.94195544,alpha,beta,seed,sinalpha,cosalpha,
inf,0.00000000,3.00000000,0.93123163,1.72556074,alpha,beta,seed,sinalpha,cosalpha,
inf,0.00000000,4.00000000,1.37037004,3.14282158,alpha,beta,seed,sinalpha,cosalpha,
inf,0.00000000,5.00000000,0.78878129,0.89175998,alpha,beta,seed,sinalpha,cosalpha,
inf,0.00000000,6.00000000,0.98054176,1.83839139,alpha,beta,seed,sinalpha,cosalpha,
inf,0.00000000,7.00000000,0.86558926,2.33211346,alpha,beta,seed,sinalpha,cosalpha,
inf,0.00000000,8.00000000,5.41306143,4.22712132,alpha,beta,seed,sinalpha,cosalpha,
inf,0.00000000,9.00000000,63.81792871,-0.47164942,
inf,0.10000000,1.00000000,1.22811592,2.41020273,
inf,0.10000000,10.00000000,4.99622145,4.42753298,
inf,0.10000000,2.00000000,0.97516133,1.94166852,
inf,0.10000000,3.00000000,0.93119169,1.72541893,
inf,0.10000000,4.00000000,1.37024191,3.14198480,
inf,0.10000000,5.00000000,0.78858812,0.89131328,
inf,0.10000000,6.00000000,0.98046884,1.83818126,
inf,0.10000000,7.00000000,0.86530103,2.33070453,
inf,0.10000000,8.00000000,5.41290867,4.22659352,
inf,0.10000000,9.00000000,63.76340953,-0.48782944,
inf,1000000.00000000,1.00000000,0.00114655,0.00046846,
inf,1000000.00000000,10.00000000,0.00285376,0.00177700,
inf,1000000.00000000,2.00000000,0.00350816,0.00167216,
inf,1000000.00000000,3.00000000,0.00377545,0.00164272,
inf,1000000.00000000,4.00000000,0.00123065,0.00028854,
inf,1000000.00000000,5.00000000,0.00106050,0.00011486,
inf,1000000.00000000,6.00000000,0.00358533,0.00129450,
inf,1000000.00000000,7.00000000,0.00266812,0.00160607,
inf,1000000.00000000,8.00000000,0.00324704,0.00190703,
inf,1000000.00000000,9.00000000,0.00033739,0.00013318,
inf,100000.00000000,1.00000000,0.01113670,0.00468771,
inf,100000.00000000,10.00000000,0.02786550,0.01717038,
inf,100000.00000000,2.00000000,0.03418164,0.01608254,
inf,100000.00000000,3.00000000,0.03668479,0.01564778,
inf,100000.00000000,4.00000000,0.01208697,0.00299178,
inf,100000.00000000,5.00000000,0.01043049,0.00110782,
inf,100000.00000000,6.00000000,0.03503577,0.01256356,
inf,100000.00000000,7.00000000,0.02624323,0.01568300,
inf,100000.00000000,8.00000000,0.03167710,0.01823735,
inf,100000.00000000,9.00000000,0.00334594,0.00132210,
inf,10000.00000000,1.00000000,0.08680401,0.04829380,
inf,10000.00000000,10.00000000,0.21125857,0.13938916,
inf,10000.00000000,2.00000000,0.24578922,0.13194458,
inf,10000.00000000,3.00000000,0.25689127,0.12574811,
inf,10000.00000000,4.00000000,0.10096939,0.03978410,
inf,10000.00000000,5.00000000,0.08955133,0.00881358,
inf,10000.00000000,6.00000000,0.25370962,0.10974790,
inf,10000.00000000,7.00000000,0.20629806,0.13472881,
inf,10000.00000000,8.00000000,0.23310765,0.14191831,
inf,10000.00000000,9.00000000,0.03100568,0.01239265,
inf,1000.00000000,1.00000000,0.32046223,0.51792816,
inf,1000.00000000,10.00000000,0.59057996,0.90921407,
inf,1000.00000000,2.00000000,0.62533707,0.86407210,
inf,1000.00000000,3.00000000,0.63292006,0.84631952,
inf,1000.00000000,4.00000000,0.40225303,0.65050221,
inf,1000.00000000,5.00000000,0.38234356,0.09625564,
inf,1000.00000000,6.00000000,0.64031035,0.79599962,
inf,1000.00000000,7.00000000,0.58608895,0.91474330,
inf,1000.00000000,8.00000000,0.61552355,0.93151062,
inf,1000.00000000,9.00000000,0.19205000,0.09186862,
inf,100.00000000,1.00000000,0.74915572,1.84109491,
inf,100.00000000,10.00000000,0.92679372,1.86031240,
inf,100.00000000,2.00000000,0.89868771,1.74041566,
inf,100.00000000,3.00000000,0.87679451,1.57657527,
inf,100.00000000,4.00000000,0.85775141,2.23777690,
inf,100.00000000,5.00000000,0.66305808,0.55994668,
inf,100.00000000,6.00000000,0.91354653,1.65235345,
inf,100.00000000,7.00000000,0.83278046,1.96376757,
inf,100.00000000,8.00000000,1.12489862,2.26980623,
inf,100.00000000,9.00000000,0.56162048,0.57039062,
inf,10.00000000,1.00000000,1.22929220,2.37914040,
inf,10.00000000,10.00000000,4.96492474,4.29550340,
inf,10.00000000,2.00000000,0.96383596,1.91463840,
inf,10.00000000,3.00000000,0.92524220,1.71138818,
inf,10.00000000,4.00000000,1.35793042,3.06177985,
inf,10.00000000,5.00000000,0.77056430,0.84878289,
inf,10.00000000,6.00000000,0.97272563,1.81739351,
inf,10.00000000,7.00000000,0.85568258,2.29004129,
inf,10.00000000,8.00000000,5.39378399,4.17505725,
inf,10.00000000,9.00000000,0.96209126,1.08498226,
inf,1.00000000,1.00000000,1.22784002,2.40788421,
inf,1.00000000,10.00000000,4.99337235,4.42856315,
inf,1.00000000,2.00000000,0.97422394,1.93909993,
inf,1.00000000,3.00000000,0.93065169,1.72417636,
inf,1.00000000,4.00000000,1.36909225,3.13447793,
inf,1.00000000,5.00000000,0.78685770,0.88730547,
inf,1.00000000,6.00000000,0.97981312,1.83629289,
inf,1.00000000,7.00000000,0.86492205,2.32667068,
inf,1.00000000,8.00000000,5.41169261,4.22185982,
inf,1.00000000,9.00000000,62.97449522,-0.47800465,
inf,20.00000000,1.00000000,1.22736189,2.35086127,
inf,20.00000000,10.00000000,1.11673564,2.09116337,
inf,20.00000000,2.00000000,0.94961714,1.88928499,
inf,20.00000000,3.00000000,0.91946761,1.69739726,
inf,20.00000000,4.00000000,1.34621864,2.98576094,
inf,20.00000000,5.00000000,0.75472461,0.80871947,
inf,20.00000000,6.00000000,0.96553435,1.79721266,
inf,20.00000000,7.00000000,0.85340978,2.24020543,
inf,20.00000000,8.00000000,5.36720121,4.12478192,
inf,20.00000000,9.00000000,0.82157068,0.96727319,
inf,2.00000000,1.00000000,1.22753562,2.40533030,
inf,2.00000000,10.00000000,4.97674591,4.40018058,
inf,2.00000000,2.00000000,0.97312839,1.93626498,
inf,2.00000000,3.00000000,0.92990936,1.72269552,
inf,2.00000000,4.00000000,1.36782213,3.12618791,
inf,2.00000000,5.00000000,0.78495188,0.88287888,
inf,2.00000000,6.00000000,0.97908526,1.83420039,
inf,2.00000000,7.00000000,0.85342218,2.33413705,
inf,2.00000000,8.00000000,5.41009635,4.21658919,
inf,2.00000000,9.00000000,62.97104399,-0.46592836,
inf,50.00000000,1.00000000,0.85341270,2.03886052,
inf,50.00000000,10.00000000,1.00176815,1.97540813,
inf,50.00000000,2.00000000,0.92432920,1.81577148,
inf,50.00000000,3.00000000,0.90346261,1.65678210,
inf,50.00000000,4.00000000,1.31232514,2.73144733,
inf,50.00000000,5.00000000,0.71526704,0.70301581,
inf,50.00000000,6.00000000,0.94478150,1.73960794,
inf,50.00000000,7.00000000,0.84765455,2.11609535,
inf,50.00000000,8.00000000,5.25374936,3.97725860,
inf,50.00000000,9.00000000,0.67050179,0.77020744,
inf,5.00000000,1.00000000,1.23026573,2.39389438,
inf,5.00000000,10.00000000,4.98767013,4.36990618,
inf,5.00000000,2.00000000,0.96965804,1.92790179,
inf,5.00000000,3.00000000,0.92814426,1.71843714,
inf,5.00000000,4.00000000,1.36405668,3.10163852,
inf,5.00000000,5.00000000,0.77928070,0.86971218,
inf,5.00000000,6.00000000,0.97689937,1.82795421,
inf,5.00000000,7.00000000,0.85767532,2.31918130,
inf,5.00000000,8.00000000,5.40471308,4.20086717,
inf,5.00000000,9.00000000,1.03903889,1.13612690,