alpha,seed,kish[0],relkish[0],test_kish[0],test_relkish[0],
inf,1.00000000,0.00000149,1.00000000,0.00000301,1.00000000,
0.01000000,1.00000000,0.05284435,35471.92934594,1.00000000,332746.99928094,alpha,seed,kish[0],relkish[0],test_kish[0],test_relkish[0],
inf,10.00000000,0.00000150,1.00000000,0.00000298,1.00000000,
0.01000000,10.00000000,0.04851431,32415.02802988,0.99999893,335845.63970799,alpha,seed,kish[0],relkish[0],test_kish[0],test_relkish[0],
inf,11.00000000,0.00000150,1.00000000,0.00000298,1.00000000,
0.01000000,11.00000000,0.05991213,40017.22674909,0.46690508,156911.85604235,alpha,seed,kish[0],relkish[0],test_kish[0],test_relkish[0],
inf,12.00000000,0.00000149,1.00000000,0.00000302,1.00000000,
0.01000000,12.00000000,0.04713837,31735.57811786,1.00000000,330757.00000000,alpha,seed,kish[0],relkish[0],test_kish[0],test_relkish[0],
inf,13.00000000,0.00000149,1.00000000,0.00000300,1.00000000,
0.01000000,13.00000000,0.04620786,30980.61359548,0.74459026,248349.14643179,alpha,seed,kish[0],relkish[0],test_kish[0],test_relkish[0],
inf,14.00000000,0.00000149,1.00000000,0.00000299,1.00000000,
0.01000000,14.00000000,0.03034212,20314.02181942,0.92276632,308666.25628010,alpha,seed,kish[0],relkish[0],test_kish[0],test_relkish[0],
inf,15.00000000,0.00000150,1.00000000,0.00000298,1.00000000,
0.01000000,15.00000000,0.02705494,18080.57012410,1.00000000,335708.99999991,alpha,seed,kish[0],relkish[0],test_kish[0],test_relkish[0],
inf,16.00000000,0.00000151,1.00000000,0.00000294,1.00000000,
0.01000000,16.00000000,0.04647910,30869.60738857,0.99945999,339655.48363831,alpha,seed,kish[0],relkish[0],test_kish[0],test_relkish[0],
inf,17.00000000,0.00000150,1.00000000,0.00000298,1.00000000,
0.01000000,17.00000000,0.07184761,47990.10909006,0.56362806,189411.15554709,alpha,seed,kish[0],relkish[0],test_kish[0],test_relkish[0],
inf,18.00000000,0.00000150,1.00000000,0.00000297,1.00000000,
0.01000000,18.00000000,0.04873981,32544.93474415,1.00000000,336272.00000000,alpha,seed,kish[0],relkish[0],test_kish[0],test_relkish[0],
inf,19.00000000,0.00000149,1.00000000,0.00000299,1.00000000,
0.01000000,19.00000000,0.06246068,41838.53496085,1.00000000,334162.00000000,alpha,seed,kish[0],relkish[0],test_kish[0],test_relkish[0],
inf,2.00000000,0.00000149,1.00000000,0.00000299,1.00000000,
0.01000000,2.00000000,0.04431396,29657.74123458,0.99960224,334602.85704140,alpha,seed,kish[0],relkish[0],test_kish[0],test_relkish[0],
inf,20.00000000,0.00000149,1.00000000,0.00000300,1.00000000,
0.01000000,20.00000000,0.05650212,37879.13260917,0.72943990,243339.69169842,alpha,seed,kish[0],relkish[0],test_kish[0],test_relkish[0],
inf,21.00000000,0.00000150,1.00000000,0.00000297,1.00000000,
0.01000000,21.00000000,0.05073548,33875.77288823,1.00000000,336305.99873104,alpha,seed,kish[0],relkish[0],test_kish[0],test_relkish[0],
inf,22.00000000,0.00000149,1.00000000,0.00000301,1.00000000,
0.01000000,22.00000000,0.03487702,23417.19655730,0.99997902,332571.02312668,alpha,seed,kish[0],relkish[0],test_kish[0],test_relkish[0],
inf,23.00000000,0.00000149,1.00000000,0.00000302,1.00000000,
0.01000000,23.00000000,0.04559205,30653.99595338,0.99991343,331617.29091048,alpha,seed,kish[0],relkish[0],test_kish[0],test_relkish[0],
inf,24.00000000,0.00000150,1.00000000,0.00000297,1.00000000,
0.01000000,24.00000000,0.04146184,27674.49234627,1.00000000,336530.99999250,alpha,seed,kish[0],relkish[0],test_kish[0],test_relkish[0],
inf,25.00000000,0.00000149,1.00000000,0.00000302,1.00000000,
0.01000000,25.00000000,0.05356906,36022.19186019,0.99966977,331446.51127445,alpha,seed,kish[0],relkish[0],test_kish[0],test_relkish[0],
inf,26.00000000,0.00000149,1.00000000,0.00000300,1.00000000,
0.01000000,26.00000000,0.06025505,40382.99576304,1.00000000,333798.99999934,alpha,seed,kish[0],relkish[0],test_kish[0],test_relkish[0],
inf,27.00000000,0.00000149,1.00000000,0.00000301,1.00000000,
0.01000000,27.00000000,0.05366038,36055.05050219,0.61675383,204816.54737600,alpha,seed,kish[0],relkish[0],test_kish[0],test_relkish[0],
inf,28.00000000,0.00000149,1.00000000,0.00000299,1.00000000,
0.01000000,28.00000000,0.05647295,37831.17283582,1.00000000,334101.00000000,alpha,seed,kish[0],relkish[0],test_kish[0],test_relkish[0],
inf,29.00000000,0.00000149,1.00000000,0.00000299,1.00000000,
0.01000000,29.00000000,0.03689666,24709.46896786,0.36594979,122339.20994505,alpha,seed,kish[0],relkish[0],test_kish[0],test_relkish[0],
inf,3.00000000,0.00000148,1.00000000,0.00000304,1.00000000,
0.01000000,3.00000000,0.03186509,21499.66464017,1.00000000,329291.00000000,alpha,seed,kish[0],relkish[0],test_kish[0],test_relkish[0],
inf,30.00000000,0.00000148,1.00000000,0.00000305,1.00000000,
0.01000000,30.00000000,0.03788733,25604.10832829,0.99256708,325764.48497631,alpha,seed,kish[0],relkish[0],test_kish[0],test_relkish[0],
inf,31.00000000,0.00000150,1.00000000,0.00000297,1.00000000,
0.01000000,31.00000000,0.04670639,31180.53213369,0.92865274,312411.78311208,alpha,seed,kish[0],relkish[0],test_kish[0],test_relkish[0],
inf,32.00000000,0.00000150,1.00000000,0.00000295,1.00000000,
0.01000000,32.00000000,0.04417310,29384.03750396,0.99999334,338795.74490484,alpha,seed,kish[0],relkish[0],test_kish[0],test_relkish[0],
inf,33.00000000,0.00000150,1.00000000,0.00000295,1.00000000,
0.01000000,33.00000000,0.01377450,9153.52534786,0.92480001,313944.63286191,alpha,seed,kish[0],relkish[0],test_kish[0],test_relkish[0],
inf,34.00000000,0.00000148,1.00000000,0.00000307,1.00000000,
0.01000000,34.00000000,0.03943606,26732.04929266,0.99999999,326141.99567353,alpha,seed,kish[0],relkish[0],test_kish[0],test_relkish[0],
inf,35.00000000,0.00000149,1.00000000,0.00000301,1.00000000,
0.01000000,35.00000000,0.06699515,44990.59294437,0.99999873,332449.57629250,alpha,seed,kish[0],relkish[0],test_kish[0],test_relkish[0],
inf,36.00000000,0.00000150,1.00000000,0.00000297,1.00000000,
0.01000000,36.00000000,0.04966379,33135.97795087,1.00000000,336793.99979461,alpha,seed,kish[0],relkish[0],test_kish[0],test_relkish[0],
inf,37.00000000,0.00000149,1.00000000,0.00000301,1.00000000,
0.01000000,37.00000000,0.03654099,24563.51116476,0.35486085,117736.44120223,alpha,seed,kish[0],relkish[0],test_kish[0],test_relkish[0],
inf,38.00000000,0.00000150,1.00000000,0.00000296,1.00000000,
0.01000000,38.00000000,0.03995831,26617.82622366,0.62243461,210295.75819164,alpha,seed,kish[0],relkish[0],test_kish[0],test_relkish[0],
inf,39.00000000,0.00000150,1.00000000,0.00000298,1.00000000,
0.01000000,39.00000000,0.04484749,29962.29688411,0.81647889,274260.97549590,alpha,seed,kish[0],relkish[0],test_kish[0],test_relkish[0],
inf,4.00000000,0.00000149,1.00000000,0.00000299,1.00000000,
0.01000000,4.00000000,0.05872722,39292.15450513,0.98944108,331401.41628226,alpha,seed,kish[0],relkish[0],test_kish[0],test_relkish[0],
inf,40.00000000,0.00000148,1.00000000,0.00000304,1.00000000,
0.01000000,40.00000000,0.03595914,24275.15157242,1.00000000,328924.00000000,alpha,seed,kish[0],relkish[0],test_kish[0],test_relkish[0],
inf,41.00000000,0.00000149,1.00000000,0.00000299,1.00000000,
0.01000000,41.00000000,0.05510026,36866.42637422,1.00000000,334920.99999974,alpha,seed,kish[0],relkish[0],test_kish[0],test_relkish[0],
inf,42.00000000,0.00000150,1.00000000,0.00000297,1.00000000,
0.01000000,42.00000000,0.05184101,34575.88248586,0.51295677,172886.94886309,alpha,seed,kish[0],relkish[0],test_kish[0],test_relkish[0],
inf,43.00000000,0.00000150,1.00000000,0.00000297,1.00000000,
0.01000000,43.00000000,0.02180009,14538.84807025,0.28048283,94545.99278808,alpha,seed,kish[0],relkish[0],test_kish[0],test_relkish[0],
inf,44.00000000,0.00000149,1.00000000,0.00000299,1.00000000,
0.01000000,44.00000000,0.04127537,27618.79703233,0.99999978,334864.92773320,alpha,seed,kish[0],relkish[0],test_kish[0],test_relkish[0],
inf,45.00000000,0.00000151,1.00000000,0.00000294,1.00000000,
0.01000000,45.00000000,0.05100037,33884.59428510,1.00000000,339600.99999991,alpha,seed,kish[0],relkish[0],test_kish[0],test_relkish[0],
inf,46.00000000,0.00000149,1.00000000,0.00000300,1.00000000,
0.01000000,46.00000000,0.04253821,28528.29546116,0.99991387,333320.28871052,alpha,seed,kish[0],relkish[0],test_kish[0],test_relkish[0],
inf,47.00000000,0.00000149,1.00000000,0.00000300,1.00000000,
0.01000000,47.00000000,0.04251667,28526.38869625,0.99071151,329960.43118007,alpha,seed,kish[0],relkish[0],test_kish[0],test_relkish[0],
inf,48.00000000,0.00000149,1.00000000,0.00000300,1.00000000,
0.01000000,48.00000000,0.04290210,28759.97900566,0.85149796,284091.22387746,alpha,seed,kish[0],relkish[0],test_kish[0],test_relkish[0],
inf,49.00000000,0.00000150,1.00000000,0.00000298,1.00000000,
0.01000000,49.00000000,0.06293545,42045.16127081,0.68755410,230971.42551026,alpha,seed,kish[0],relkish[0],test_kish[0],test_relkish[0],
inf,5.00000000,0.00000150,1.00000000,0.00000298,1.00000000,
0.01000000,5.00000000,0.04000210,26733.80055310,1.00000000,335689.99991355,alpha,seed,kish[0],relkish[0],test_kish[0],test_relkish[0],
inf,50.00000000,0.00000150,1.00000000,0.00000295,1.00000000,
0.01000000,50.00000000,0.03413808,22698.07035919,0.91121915,309003.52651705,alpha,seed,kish[0],relkish[0],test_kish[0],test_relkish[0],
inf,6.00000000,0.00000151,1.00000000,0.00000294,1.00000000,
0.01000000,6.00000000,0.05525064,36652.06027813,0.99746713,339759.24915842,alpha,seed,kish[0],relkish[0],test_kish[0],test_relkish[0],
inf,7.00000000,0.00000150,1.00000000,0.00000296,1.00000000,
0.01000000,7.00000000,0.03779417,25170.99606810,0.98244915,332065.84720714,alpha,seed,kish[0],relkish[0],test_kish[0],test_relkish[0],
inf,8.00000000,0.00000149,1.00000000,0.00000299,1.00000000,
0.01000000,8.00000000,0.03358560,22476.02059815,0.76975549,257701.82307448,alpha,seed,kish[0],relkish[0],test_kish[0],test_relkish[0],
inf,9.00000000,0.00000149,1.00000000,0.00000299,1.00000000,
0.01000000,9.00000000,0.03541407,23720.87562388,0.99999958,334184.85992140,
0.10000000,1.00000000,0.01424449,9561.65528554,0.87389894,290787.25154775,
0.10000000,10.00000000,0.01258917,8411.50725611,0.34604622,116218.23831242,
0.10000000,11.00000000,0.00897364,5993.78201343,0.01032725,3470.65799532,
0.10000000,12.00000000,0.01108890,7465.52717477,0.37967280,125579.43725596,
0.10000000,13.00000000,0.01354104,9078.75228570,0.19734806,65823.07782139,
0.10000000,14.00000000,0.00552857,3701.37005858,0.03244389,10852.51287997,
0.10000000,15.00000000,0.00395339,2642.01529007,0.98063096,329206.63795400,
0.10000000,16.00000000,0.02414340,16035.10288494,0.15995997,54360.63645259,
0.10000000,17.00000000,0.02461228,16439.59798205,0.04559916,15323.91608097,
0.10000000,18.00000000,0.00861124,5749.96764124,0.99540782,334727.77816973,
0.10000000,19.00000000,0.00674941,4521.01310379,0.99243454,331633.91166244,
0.10000000,2.00000000,0.00636002,4256.53039680,0.19627827,65701.40299368,
0.10000000,20.00000000,0.01198041,8031.69215953,0.18218983,60778.16379715,
0.10000000,21.00000000,0.01079878,7210.27839129,0.74832614,251666.57152148,
0.10000000,22.00000000,0.01171969,7868.85608061,0.17798976,59195.47963365,
0.10000000,23.00000000,0.01041492,7002.51587275,0.51103714,169483.42334438,
0.10000000,24.00000000,0.00416798,2781.99880318,0.52292729,175981.24264747,
0.10000000,25.00000000,0.01719734,11564.25081900,0.16330645,54145.23328913,
0.10000000,26.00000000,0.01256289,8419.66035092,0.97396792,325109.51740963,
0.10000000,27.00000000,0.00857819,5763.78780587,0.16528987,54890.78250990,
0.10000000,28.00000000,0.02020757,13537.03216412,0.99425158,332180.44742339,
0.10000000,29.00000000,0.00567385,3799.74444384,0.02427454,8115.12518175,
0.10000000,3.00000000,0.00410478,2769.53409681,0.99942854,329102.82428577,
0.10000000,30.00000000,0.00566088,3825.60033675,0.08576091,28147.07500612,
0.10000000,31.00000000,0.01367314,9127.99466212,0.49331927,165959.50765271,
0.10000000,32.00000000,0.01066114,7091.81189453,0.03604047,12210.43811279,
0.10000000,33.00000000,0.00590398,3923.35707990,0.86981877,295279.98625891,
0.10000000,34.00000000,0.01455321,9865.01252309,0.32148850,104850.90098459,
0.10000000,35.00000000,0.02133885,14330.10636797,0.16962291,56391.13724114,
0.10000000,36.00000000,0.01788814,11935.07117497,0.55031442,185342.59617847,
0.10000000,37.00000000,0.01132274,7611.35061064,0.03634808,12059.63785335,
0.10000000,38.00000000,0.00566297,3772.32939149,0.27647788,93410.81713210,
0.10000000,39.00000000,0.00694841,4642.18604273,0.02082022,6993.65662959,
0.10000000,4.00000000,0.02591063,17335.81480210,0.39861767,133512.20601123,
0.10000000,40.00000000,0.01729395,11674.73295664,0.94107495,309542.13661050,
0.10000000,41.00000000,0.01413755,9459.13826514,0.88633195,296851.18421896,
0.10000000,42.00000000,0.01412970,9423.94507343,0.01892879,6379.76022959,
0.10000000,43.00000000,0.00294887,1966.65296898,0.13787752,46476.16875588,
0.10000000,44.00000000,0.00662221,4431.15382327,0.50437127,168896.28647809,
0.10000000,45.00000000,0.01709369,11357.03144202,0.19836967,67366.53949252,
0.10000000,46.00000000,0.01815341,12174.60028945,0.61875767,206262.25096943,
0.10000000,47.00000000,0.01104075,7407.74688269,0.06746828,22470.58123409,
0.10000000,48.00000000,0.01817889,12186.45386780,0.69956413,233400.47787185,
0.10000000,49.00000000,0.02334218,15594.16676607,0.04548063,15278.39814792,
0.10000000,5.00000000,0.00960440,6418.71380168,0.68658652,230480.22841802,
0.10000000,50.00000000,0.00745420,4956.22198711,0.64131803,217477.35775303,
0.10000000,6.00000000,0.01890631,12542.03321141,0.05736880,19541.07589098,
0.10000000,7.00000000,0.00478807,3188.86205734,0.07282952,24616.23190732,
0.10000000,8.00000000,0.00187651,1255.79335520,0.01041096,3485.42285886,
0.10000000,9.00000000,0.01080543,7237.63940999,0.19086434,63783.99782118,
1000000.00000000,1.00000000,0.00000149,1.00000000,0.00000301,1.00000000,
1000000.00000000,10.00000000,0.00000150,1.00000000,0.00000298,1.00000000,
1000000.00000000,11.00000000,0.00000150,1.00000000,0.00000298,1.00000000,
1000000.00000000,12.00000000,0.00000149,1.00000000,0.00000302,1.00000000,
1000000.00000000,13.00000000,0.00000149,1.00000000,0.00000300,1.00000000,
1000000.00000000,14.00000000,0.00000149,1.00000001,0.00000299,1.00000001,
1000000.00000000,15.00000000,0.00000150,1.00000000,0.00000298,1.00000000,
1000000.00000000,16.00000000,0.00000151,1.00000000,0.00000294,1.00000000,
1000000.00000000,17.00000000,0.00000150,1.00000000,0.00000298,1.00000000,
1000000.00000000,18.00000000,0.00000150,1.00000000,0.00000297,1.00000000,
1000000.00000000,19.00000000,0.00000149,1.00000000,0.00000299,1.00000000,
1000000.00000000,2.00000000,0.00000149,1.00000000,0.00000299,1.00000000,
1000000.00000000,20.00000000,0.00000149,1.00000000,0.00000300,1.00000000,
1000000.00000000,21.00000000,0.00000150,1.00000000,0.00000297,1.00000000,
1000000.00000000,22.00000000,0.00000149,1.00000000,0.00000301,1.00000000,
1000000.00000000,23.00000000,0.00000149,1.00000000,0.00000302,1.00000000,
1000000.00000000,24.00000000,0.00000150,1.00000001,0.00000297,1.00000001,
1000000.00000000,25.00000000,0.00000149,1.00000000,0.00000302,1.00000000,
1000000.00000000,26.00000000,0.00000149,1.00000000,0.00000300,1.00000000,
1000000.00000000,27.00000000,0.00000149,1.00000001,0.00000301,1.00000001,
1000000.00000000,28.00000000,0.00000149,1.00000000,0.00000299,1.00000000,
1000000.00000000,29.00000000,0.00000149,1.00000001,0.00000299,1.00000001,
1000000.00000000,3.00000000,0.00000148,1.00000000,0.00000304,1.00000000,
1000000.00000000,30.00000000,0.00000148,1.00000000,0.00000305,1.00000000,
1000000.00000000,31.00000000,0.00000150,1.00000000,0.00000297,1.00000000,
1000000.00000000,32.00000000,0.00000150,1.00000000,0.00000295,1.00000000,
1000000.00000000,33.00000000,0.00000150,1.00000001,0.00000295,1.00000001,
1000000.00000000,34.00000000,0.00000148,1.00000000,0.00000307,1.00000000,
1000000.00000000,35.00000000,0.00000149,1.00000000,0.00000301,1.00000000,
1000000.00000000,36.00000000,0.00000150,1.00000000,0.00000297,1.00000000,
1000000.00000000,37.00000000,0.00000149,1.00000001,0.00000301,1.00000001,
1000000.00000000,38.00000000,0.00000150,1.00000000,0.00000296,1.00000000,
1000000.00000000,39.00000000,0.00000150,1.00000000,0.00000298,1.00000000,
1000000.00000000,4.00000000,0.00000149,1.00000000,0.00000299,1.00000000,
1000000.00000000,40.00000000,0.00000148,1.00000001,0.00000304,1.00000001,
1000000.00000000,41.00000000,0.00000149,1.00000000,0.00000299,1.00000000,
1000000.00000000,42.00000000,0.00000150,1.00000001,0.00000297,1.00000001,
1000000.00000000,43.00000000,0.00000150,1.00000001,0.00000297,1.00000001,
1000000.00000000,44.00000000,0.00000149,1.00000000,0.00000299,1.00000000,
1000000.00000000,45.00000000,0.00000151,1.00000000,0.00000294,1.00000000,
1000000.00000000,46.00000000,0.00000149,1.00000000,0.00000300,1.00000000,
1000000.00000000,47.00000000,0.00000149,1.00000000,0.00000300,1.00000000,
1000000.00000000,48.00000000,0.00000149,1.00000000,0.00000300,1.00000000,
1000000.00000000,49.00000000,0.00000150,1.00000000,0.00000298,1.00000000,
1000000.00000000,5.00000000,0.00000150,1.00000000,0.00000298,1.00000000,
1000000.00000000,50.00000000,0.00000150,1.00000001,0.00000295,1.00000001,
1000000.00000000,6.00000000,0.00000151,1.00000000,0.00000294,1.00000000,
1000000.00000000,7.00000000,0.00000150,1.00000000,0.00000296,1.00000000,
1000000.00000000,8.00000000,0.00000149,1.00000001,0.00000299,1.00000001,
1000000.00000000,9.00000000,0.00000149,1.00000001,0.00000299,1.00000001,
100000.00000000,1.00000000,0.00000149,1.00000044,0.00000301,1.00000043,
100000.00000000,10.00000000,0.00000150,1.00000047,0.00000298,1.00000047,
100000.00000000,11.00000000,0.00000150,1.00000049,0.00000298,1.00000048,
100000.00000000,12.00000000,0.00000149,1.00000005,0.00000302,1.00000005,
100000.00000000,13.00000000,0.00000149,1.00000003,0.00000300,1.00000003,
100000.00000000,14.00000000,0.00000149,1.00000053,0.00000299,1.00000053,
100000.00000000,15.00000000,0.00000150,1.00000046,0.00000298,1.00000046,
100000.00000000,16.00000000,0.00000151,1.00000005,0.00000294,1.00000005,
100000.00000000,17.00000000,0.00000150,1.00000004,0.00000298,1.00000004,
100000.00000000,18.00000000,0.00000150,1.00000005,0.00000297,1.00000005,
100000.00000000,19.00000000,0.00000149,1.00000003,0.00000299,1.00000003,
100000.00000000,2.00000000,0.00000149,1.00000049,0.00000299,1.00000048,
100000.00000000,20.00000000,0.00000149,1.00000043,0.00000300,1.00000044,
100000.00000000,21.00000000,0.00000150,1.00000004,0.00000297,1.00000004,
100000.00000000,22.00000000,0.00000149,1.00000049,0.00000301,1.00000049,
100000.00000000,23.00000000,0.00000149,1.00000048,0.00000302,1.00000048,
100000.00000000,24.00000000,0.00000150,1.00000053,0.00000297,1.00000052,
100000.00000000,25.00000000,0.00000149,1.00000003,0.00000302,1.00000003,
100000.00000000,26.00000000,0.00000149,1.00000046,0.00000300,1.00000046,
100000.00000000,27.00000000,0.00000149,1.00000051,0.00000301,1.00000051,
100000.00000000,28.00000000,0.00000149,1.00000003,0.00000299,1.00000003,
100000.00000000,29.00000000,0.00000149,1.00000052,0.00000299,1.00000052,
100000.00000000,3.00000000,0.00000148,1.00000046,0.00000304,1.00000046,
100000.00000000,30.00000000,0.00000148,1.00000046,0.00000305,1.00000046,
100000.00000000,31.00000000,0.00000150,1.00000005,0.00000297,1.00000005,
100000.00000000,32.00000000,0.00000150,1.00000004,0.00000295,1.00000004,
100000.00000000,33.00000000,0.00000150,1.00000054,0.00000295,1.00000054,
100000.00000000,34.00000000,0.00000148,1.00000049,0.00000307,1.00000050,
100000.00000000,35.00000000,0.00000149,1.00000044,0.00000301,1.00000044,
100000.00000000,36.00000000,0.00000150,1.00000051,0.00000297,1.00000051,
100000.00000000,37.00000000,0.00000149,1.00000052,0.00000301,1.00000053,
100000.00000000,38.00000000,0.00000150,1.00000049,0.00000296,1.00000049,
100000.00000000,39.00000000,0.00000150,1.00000005,0.00000298,1.00000005,
100000.00000000,4.00000000,0.00000149,1.00000046,0.00000299,1.00000046,
100000.00000000,40.00000000,0.00000148,1.00000050,0.00000304,1.00000050,
100000.00000000,41.00000000,0.00000149,1.00000050,0.00000299,1.00000050,
100000.00000000,42.00000000,0.00000150,1.00000052,0.00000297,1.00000052,
100000.00000000,43.00000000,0.00000150,1.00000056,0.00000297,1.00000056,
100000.00000000,44.00000000,0.00000149,1.00000048,0.00000299,1.00000048,
100000.00000000,45.00000000,0.00000151,1.00000044,0.00000294,1.00000045,
100000.00000000,46.00000000,0.00000149,1.00000048,0.00000300,1.00000048,
100000.00000000,47.00000000,0.00000149,1.00000005,0.00000300,1.00000005,
100000.00000000,48.00000000,0.00000149,1.00000006,0.00000300,1.00000006,
100000.00000000,49.00000000,0.00000150,1.00000044,0.00000298,1.00000044,
100000.00000000,5.00000000,0.00000150,1.00000004,0.00000298,1.00000004,
100000.00000000,50.00000000,0.00000150,1.00000051,0.00000295,1.00000051,
100000.00000000,6.00000000,0.00000151,1.00000045,0.00000294,1.00000044,
100000.00000000,7.00000000,0.00000150,1.00000005,0.00000296,1.00000005,
100000.00000000,8.00000000,0.00000149,1.00000058,0.00000299,1.00000059,
100000.00000000,9.00000000,0.00000149,1.00000050,0.00000299,1.00000050,
10000.00000000,1.00000000,0.00000149,1.00004230,0.00000301,1.00004208,
10000.00000000,10.00000000,0.00000150,1.00004551,0.00000298,1.00004550,
10000.00000000,11.00000000,0.00000150,1.00004722,0.00000298,1.00004694,
10000.00000000,12.00000000,0.00000149,1.00000484,0.00000302,1.00000487,
10000.00000000,13.00000000,0.00000149,1.00000319,0.00000300,1.00000324,
10000.00000000,14.00000000,0.00000149,1.00005172,0.00000299,1.00005150,
10000.00000000,15.00000000,0.00000150,1.00004470,0.00000298,1.00004485,
10000.00000000,16.00000000,0.00000151,1.00000511,0.00000294,1.00000509,
10000.00000000,17.00000000,0.00000150,1.00000373,0.00000298,1.00000370,
10000.00000000,18.00000000,0.00000150,1.00000501,0.00000297,1.00000503,
10000.00000000,19.00000000,0.00000149,1.00000290,0.00000299,1.00000292,
10000.00000000,2.00000000,0.00000149,1.00004766,0.00000299,1.00004737,
10000.00000000,20.00000000,0.00000149,1.00004185,0.00000300,1.00004223,
10000.00000000,21.00000000,0.00000150,1.00000373,0.00000297,1.00000371,
10000.00000000,22.00000000,0.00000149,1.00004737,0.00000301,1.00004732,
10000.00000000,23.00000000,0.00000149,1.00004766,0.00000302,1.00004752,
10000.00000000,24.00000000,0.00000150,1.00005130,0.00000297,1.00005091,
10000.00000000,25.00000000,0.00000149,1.00000340,0.00000302,1.00000340,
10000.00000000,26.00000000,0.00000149,1.00004447,0.00000300,1.00004428,
10000.00000000,27.00000000,0.00000149,1.00004987,0.00000301,1.00004956,
10000.00000000,28.00000000,0.00000149,1.00000331,0.00000299,1.00000330,
10000.00000000,29.00000000,0.00000149,1.00005049,0.00000299,1.00005098,
10000.00000000,3.00000000,0.00000148,1.00004482,0.00000304,1.00004490,
10000.00000000,30.00000000,0.00000148,1.00004437,0.00000305,1.00004465,
10000.00000000,31.00000000,0.00000150,1.00000452,0.00000297,1.00000449,
10000.00000000,32.00000000,0.00000150,1.00000413,0.00000295,1.00000421,
10000.00000000,33.00000000,0.00000150,1.00005234,0.00000295,1.00005184,
10000.00000000,34.00000000,0.00000148,1.00004796,0.00000307,1.00004829,
10000.00000000,35.00000000,0.00000149,1.00004271,0.00000301,1.00004266,
10000.00000000,36.00000000,0.00000150,1.00004960,0.00000297,1.00004922,
10000.00000000,37.00000000,0.00000149,1.00005037,0.00000301,1.00005065,
10000.00000000,38.00000000,0.00000150,1.00004745,0.00000296,1.00004727,
10000.00000000,39.00000000,0.00000150,1.00000459,0.00000298,1.00000454,
10000.00000000,4.00000000,0.00000149,1.00004447,0.00000299,1.00004505,
10000.00000000,40.00000000,0.00000148,1.00004870,0.00000304,1.00004900,
10000.00000000,41.00000000,0.00000149,1.00004824,0.00000299,1.00004827,
10000.00000000,42.00000000,0.00000150,1.00005045,0.00000297,1.00005026,
10000.00000000,43.00000000,0.00000150,1.00005476,0.00000297,1.00005444,
10000.00000000,44.00000000,0.00000149,1.00004631,0.00000299,1.00004645,
10000.00000000,45.00000000,0.00000151,1.00004320,0.00000294,1.00004332,
10000.00000000,46.00000000,0.00000149,1.00004589,0.00000300,1.00004604,
10000.00000000,47.00000000,0.00000149,1.00000456,0.00000300,1.00000456,
10000.00000000,48.00000000,0.00000149,1.00000608,0.00000300,1.00000607,
10000.00000000,49.00000000,0.00000150,1.00004328,0.00000298,1.00004293,
10000.00000000,5.00000000,0.00000150,1.00000382,0.00000298,1.00000380,
10000.00000000,50.00000000,0.00000150,1.00004915,0.00000295,1.00004900,
10000.00000000,6.00000000,0.00000151,1.00004320,0.00000294,1.00004286,
10000.00000000,7.00000000,0.00000150,1.00000477,0.00000296,1.00000475,
10000.00000000,8.00000000,0.00000149,1.00005682,0.00000299,1.00005697,
10000.00000000,9.00000000,0.00000149,1.00004865,0.00000299,1.00004902,
1000.00000000,1.00000000,0.00000149,1.00327473,0.00000302,1.00326135,
1000.00000000,10.00000000,0.00000150,1.00353147,0.00000299,1.00353036,
1000.00000000,11.00000000,0.00000150,1.00367379,0.00000299,1.00365767,
1000.00000000,12.00000000,0.00000149,1.00046655,0.00000302,1.00047077,
1000.00000000,13.00000000,0.00000149,1.00030990,0.00000300,1.00031573,
1000.00000000,14.00000000,0.00000150,1.00402383,0.00000300,1.00399955,
1000.00000000,15.00000000,0.00000150,1.00344391,0.00000299,1.00344924,
1000.00000000,16.00000000,0.00000151,1.00049695,0.00000294,1.00049471,
1000.00000000,17.00000000,0.00000150,1.00036338,0.00000298,1.00035994,
1000.00000000,18.00000000,0.00000150,1.00048848,0.00000298,1.00049007,
1000.00000000,19.00000000,0.00000149,1.00027916,0.00000299,1.00028247,
1000.00000000,2.00000000,0.00000150,1.00368055,0.00000300,1.00365654,
1000.00000000,20.00000000,0.00000150,1.00324643,0.00000301,1.00327300,
1000.00000000,21.00000000,0.00000150,1.00036164,0.00000297,1.00035989,
1000.00000000,22.00000000,0.00000149,1.00363575,0.00000302,1.00363687,
1000.00000000,23.00000000,0.00000149,1.00370382,0.00000303,1.00369018,
1000.00000000,24.00000000,0.00000150,1.00399632,0.00000298,1.00397024,
1000.00000000,25.00000000,0.00000149,1.00032455,0.00000302,1.00032422,
1000.00000000,26.00000000,0.00000150,1.00348212,0.00000301,1.00346623,
1000.00000000,27.00000000,0.00000149,1.00383851,0.00000302,1.00381605,
1000.00000000,28.00000000,0.00000149,1.00031904,0.00000299,1.00031803,
1000.00000000,29.00000000,0.00000150,1.00394482,0.00000300,1.00397816,
1000.00000000,3.00000000,0.00000149,1.00349751,0.00000305,1.00350252,
1000.00000000,30.00000000,0.00000148,1.00347469,0.00000306,1.00349187,
1000.00000000,31.00000000,0.00000150,1.00043403,0.00000297,1.00043145,
1000.00000000,32.00000000,0.00000150,1.00039462,0.00000295,1.00040184,
1000.00000000,33.00000000,0.00000151,1.00400438,0.00000296,1.00397298,
1000.00000000,34.00000000,0.00000148,1.00365634,0.00000308,1.00368301,
1000.00000000,35.00000000,0.00000149,1.00331623,0.00000302,1.00331754,
1000.00000000,36.00000000,0.00000150,1.00384272,0.00000298,1.00381729,
1000.00000000,37.00000000,0.00000149,1.00394555,0.00000303,1.00396298,
1000.00000000,38.00000000,0.00000151,1.00369134,0.00000297,1.00367344,
1000.00000000,39.00000000,0.00000150,1.00043525,0.00000298,1.00043112,
1000.00000000,4.00000000,0.00000150,1.00343140,0.00000300,1.00347143,
1000.00000000,40.00000000,0.00000149,1.00377494,0.00000305,1.00379706,
1000.00000000,41.00000000,0.00000150,1.00372555,0.00000300,1.00372623,
1000.00000000,42.00000000,0.00000151,1.00389673,0.00000298,1.00388476,
1000.00000000,43.00000000,0.00000151,1.00426555,0.00000298,1.00423702,
1000.00000000,44.00000000,0.00000150,1.00357342,0.00000300,1.00358040,
1000.00000000,45.00000000,0.00000151,1.00332769,0.00000295,1.00333854,
1000.00000000,46.00000000,0.00000150,1.00356232,0.00000301,1.00357176,
1000.00000000,47.00000000,0.00000149,1.00044436,0.00000300,1.00044417,
1000.00000000,48.00000000,0.00000149,1.00059071,0.00000300,1.00058927,
1000.00000000,49.00000000,0.00000150,1.00338159,0.00000299,1.00336253,
1000.00000000,5.00000000,0.00000150,1.00037000,0.00000298,1.00036871,
1000.00000000,50.00000000,0.00000151,1.00381541,0.00000296,1.00380368,
1000.00000000,6.00000000,0.00000151,1.00333400,0.00000295,1.00330856,
1000.00000000,7.00000000,0.00000150,1.00045866,0.00000296,1.00045716,
1000.00000000,8.00000000,0.00000150,1.00441421,0.00000300,1.00442324,
1000.00000000,9.00000000,0.00000150,1.00373128,0.00000300,1.00375573,
100.00000000,1.00000000,0.00000164,1.10008429,0.00000331,1.10030183,
100.00000000,10.00000000,0.00000167,1.11263956,0.00000331,1.11326921,
100.00000000,11.00000000,0.00000167,1.11669444,0.00000332,1.11465326,
100.00000000,12.00000000,0.00000154,1.03481834,0.00000314,1.03833554,
100.00000000,13.00000000,0.00000153,1.02460177,0.00000309,1.02909929,
100.00000000,14.00000000,0.00000168,1.12582030,0.00000336,1.12313761,
100.00000000,15.00000000,0.00000165,1.10420118,0.00000328,1.10186988,
100.00000000,16.00000000,0.00000157,1.03973629,0.00000306,1.03834040,
100.00000000,17.00000000,0.00000154,1.02999895,0.00000306,1.02816419,
100.00000000,18.00000000,0.00000156,1.03847450,0.00000309,1.03900553,
100.00000000,19.00000000,0.00000152,1.02142843,0.00000307,1.02446773,
100.00000000,2.00000000,0.00000166,1.10992638,0.00000331,1.10947249,
100.00000000,20.00000000,0.00000164,1.10115330,0.00000331,1.10352295,
100.00000000,21.00000000,0.00000154,1.02935530,0.00000306,1.02900673,
100.00000000,22.00000000,0.00000165,1.10825148,0.00000333,1.10823500,
100.00000000,23.00000000,0.00000167,1.12482402,0.00000339,1.12355088,
100.00000000,24.00000000,0.00000169,1.13031565,0.00000335,1.12901026,
100.00000000,25.00000000,0.00000152,1.02487159,0.00000309,1.02406564,
100.00000000,26.00000000,0.00000166,1.11096589,0.00000333,1.11070183,
100.00000000,27.00000000,0.00000166,1.11799446,0.00000336,1.11559125,
100.00000000,28.00000000,0.00000153,1.02545323,0.00000307,1.02553880,
100.00000000,29.00000000,0.00000168,1.12785219,0.00000337,1.12821471,
100.00000000,3.00000000,0.00000166,1.11724122,0.00000339,1.11681287,
100.00000000,30.00000000,0.00000165,1.11479704,0.00000340,1.11547077,
100.00000000,31.00000000,0.00000155,1.03182264,0.00000307,1.03166685,
100.00000000,32.00000000,0.00000155,1.03007534,0.00000304,1.03000353,
100.00000000,33.00000000,0.00000168,1.11537816,0.00000329,1.11751997,
100.00000000,34.00000000,0.00000163,1.10527721,0.00000339,1.10614055,
100.00000000,35.00000000,0.00000165,1.10589681,0.00000333,1.10608060,
100.00000000,36.00000000,0.00000168,1.12061368,0.00000332,1.11925044,
100.00000000,37.00000000,0.00000167,1.12583983,0.00000340,1.12676862,
100.00000000,38.00000000,0.00000168,1.11891074,0.00000331,1.11718172,
100.00000000,39.00000000,0.00000154,1.03218963,0.00000307,1.03104599,
100.00000000,4.00000000,0.00000165,1.10447247,0.00000330,1.10560003,
100.00000000,40.00000000,0.00000165,1.11661861,0.00000340,1.11717435,
100.00000000,41.00000000,0.00000166,1.11339136,0.00000332,1.11291052,
100.00000000,42.00000000,0.00000168,1.11947133,0.00000332,1.11962057,
100.00000000,43.00000000,0.00000169,1.12784076,0.00000334,1.12529132,
100.00000000,44.00000000,0.00000166,1.11195728,0.00000332,1.11229750,
100.00000000,45.00000000,0.00000166,1.10280613,0.00000325,1.10371316,
100.00000000,46.00000000,0.00000165,1.10914341,0.00000333,1.10913503,
100.00000000,47.00000000,0.00000154,1.03504572,0.00000311,1.03423222,
100.00000000,48.00000000,0.00000156,1.04465454,0.00000313,1.04436871,
100.00000000,49.00000000,0.00000167,1.11405512,0.00000332,1.11424855,
100.00000000,5.00000000,0.00000154,1.02953517,0.00000307,1.02984946,
100.00000000,50.00000000,0.00000168,1.11645223,0.00000329,1.11618608,
100.00000000,6.00000000,0.00000166,1.10024673,0.00000323,1.09950169,
100.00000000,7.00000000,0.00000155,1.03537640,0.00000306,1.03482214,
100.00000000,8.00000000,0.00000169,1.13143262,0.00000338,1.13131653,
100.00000000,9.00000000,0.00000166,1.11123213,0.00000333,1.11167204,
10.00000000,1.00000000,0.00000505,3.38907740,0.00004371,14.54411630,
10.00000000,10.00000000,0.00000447,2.98751243,0.00001374,4.61510758,
10.00000000,11.00000000,0.00000475,3.17401775,0.00001049,3.52608319,
10.00000000,12.00000000,0.00000363,2.44416537,0.00004051,13.40050824,
10.00000000,13.00000000,0.00000549,3.68357274,0.00006734,22.46119799,
10.00000000,14.00000000,0.00000426,2.85346250,0.00000713,2.38653314,
10.00000000,15.00000000,0.00000635,4.24124624,0.00001024,3.43925798,
10.00000000,16.00000000,0.00000396,2.62876524,0.00000739,2.51218174,
10.00000000,17.00000000,0.00000533,3.55811262,0.00001115,3.74725330,
10.00000000,18.00000000,0.00000513,3.42355071,0.00001439,4.83928561,
10.00000000,19.00000000,0.00000290,1.94217688,0.00005856,19.56831561,
10.00000000,2.00000000,0.00000648,4.33919867,0.00001371,4.59051848,
10.00000000,20.00000000,0.00000624,4.18168399,0.00004307,14.36684549,
10.00000000,21.00000000,0.00000572,3.81881765,0.00001332,4.47924107,
10.00000000,22.00000000,0.00000799,5.36785325,0.00000901,2.99658981,
10.00000000,23.00000000,0.00000772,5.18906902,0.00004832,16.02584090,
10.00000000,24.00000000,0.00000454,3.03343831,0.00000808,2.71899333,
10.00000000,25.00000000,0.00000579,3.89597624,0.00001541,5.10806992,
10.00000000,26.00000000,0.00000648,4.34084060,0.00001647,5.49690642,
10.00000000,27.00000000,0.00000426,2.86519876,0.00000997,3.31220074,
10.00000000,28.00000000,0.00000400,2.67693168,0.00001333,4.45419142,
10.00000000,29.00000000,0.00000829,5.55338594,0.00004863,16.25677524,
10.00000000,3.00000000,0.00000875,5.90523567,0.00001436,4.72731644,
10.00000000,30.00000000,0.00000994,6.71811510,0.00001021,3.34939895,
10.00000000,31.00000000,0.00000449,2.99877090,0.00001472,4.95250514,
10.00000000,32.00000000,0.00000561,3.72923148,0.00000670,2.27085691,
10.00000000,33.00000000,0.00000605,4.02324064,0.00001471,4.99324131,
10.00000000,34.00000000,0.00000344,2.33420475,0.00000704,2.29582589,
10.00000000,35.00000000,0.00000497,3.33966504,0.00000839,2.78934622,
10.00000000,36.00000000,0.00000819,5.46332710,0.00000799,2.69140020,
10.00000000,37.00000000,0.00000420,2.82632806,0.00001132,3.75720702,
10.00000000,38.00000000,0.00000689,4.59211477,0.00000800,2.70198389,
10.00000000,39.00000000,0.00000578,3.86412339,0.00001343,4.50966477,
10.00000000,4.00000000,0.00000696,4.65403206,0.00000994,3.32994249,
10.00000000,40.00000000,0.00000702,4.74046721,0.00001430,4.70447670,
10.00000000,41.00000000,0.00000645,4.31373322,0.00002698,9.03523753,
10.00000000,42.00000000,0.00000418,2.78615041,0.00000884,2.98011764,
10.00000000,43.00000000,0.00000587,3.91300783,0.00001995,6.72524157,
10.00000000,44.00000000,0.00000440,2.94363766,0.00000805,2.69466604,
10.00000000,45.00000000,0.00000693,4.60753171,0.00001728,5.86884574,
10.00000000,46.00000000,0.00000653,4.38033238,0.00001615,5.38286979,
10.00000000,47.00000000,0.00000296,1.98408298,0.00000530,1.76586565,
10.00000000,48.00000000,0.00000318,2.13461551,0.00000767,2.55761398,
10.00000000,49.00000000,0.00000626,4.17903631,0.00001283,4.31003798,
10.00000000,5.00000000,0.00000534,3.57149368,0.00001389,4.66348496,
10.00000000,50.00000000,0.00000650,4.31980312,0.00001337,4.53306246,
10.00000000,6.00000000,0.00000725,4.80690091,0.00000790,2.69250253,
10.00000000,7.00000000,0.00000467,3.11129058,0.00002450,8.27944396,
10.00000000,8.00000000,0.00001079,7.22093920,0.00001236,4.13642967,
10.00000000,9.00000000,0.00000438,2.93666757,0.00000724,2.41895971,
1.00000000,1.00000000,0.00019194,128.83814262,0.13859007,46115.42849191,
1.00000000,10.00000000,0.00062217,415.70704479,0.16070644,53972.61493165,
1.00000000,11.00000000,0.00085720,572.55178684,0.00058064,195.13396479,
1.00000000,12.00000000,0.00009028,60.78222782,0.00020189,66.77542358,
1.00000000,13.00000000,0.00075519,506.32297553,0.00178793,596.34338810,
1.00000000,14.00000000,0.00059270,396.80900523,0.00063398,212.06705470,
1.00000000,15.00000000,0.00011451,76.52290749,0.00099370,333.59457852,
1.00000000,16.00000000,0.00089850,596.74865535,0.01483688,5042.14967455,
1.00000000,17.00000000,0.00064131,428.35714643,0.00282698,950.02732757,
1.00000000,18.00000000,0.00060591,404.57999228,0.00138744,466.55573535,
1.00000000,19.00000000,0.00006573,44.02957111,0.00562029,1878.08829516,
1.00000000,2.00000000,0.00067044,448.70140160,0.00081223,271.88328001,
1.00000000,20.00000000,0.00057283,384.02585958,0.00140318,468.09768211,
1.00000000,21.00000000,0.00073833,492.97646733,0.00445449,1498.07119140,
1.00000000,22.00000000,0.00083476,560.47954718,0.00029027,96.53820562,
1.00000000,23.00000000,0.00072894,490.10474469,0.59894664,198638.25657252,
1.00000000,24.00000000,0.00012315,82.19921019,0.00046930,157.93270659,
1.00000000,25.00000000,0.00076563,514.84385292,0.02028763,6726.48687652,
1.00000000,26.00000000,0.00056974,381.84073212,0.04052773,13528.11509446,
1.00000000,27.00000000,0.00013618,91.49859464,0.00056772,188.53464167,
1.00000000,28.00000000,0.00079652,533.58647686,0.12787563,42723.37548628,
1.00000000,29.00000000,0.00017409,116.58879206,0.00508232,1699.04929610,
1.00000000,3.00000000,0.00048355,326.25866669,0.79793690,262753.43950430,
1.00000000,30.00000000,0.00063631,430.01585696,0.00022970,75.38724330,
1.00000000,31.00000000,0.00072421,483.47234542,0.32075373,107906.04605339,
1.00000000,32.00000000,0.00010817,71.95232996,0.00010290,34.86253633,
1.00000000,33.00000000,0.00077293,513.62999058,0.00972670,3301.95266629,
1.00000000,34.00000000,0.00076022,515.32005804,0.00531528,1733.53735971,
1.00000000,35.00000000,0.00050952,342.16934539,0.00018687,62.12482191,
1.00000000,36.00000000,0.00065645,437.98883848,0.00015579,52.47081312,
1.00000000,37.00000000,0.00070763,475.68258328,0.00047731,158.36260030,
1.00000000,38.00000000,0.00013087,87.17455223,0.00108758,367.44918414,
1.00000000,39.00000000,0.00054669,365.24182679,0.00025383,85.26415684,
1.00000000,4.00000000,0.00084772,567.17942529,0.00183724,615.36293742,
1.00000000,40.00000000,0.00014098,95.16934975,0.00045083,148.28817329,
1.00000000,41.00000000,0.00062103,415.51727837,0.12934828,43321.45654121,
1.00000000,42.00000000,0.00095047,633.92338348,0.00063867,215.25880891,
1.00000000,43.00000000,0.00009253,61.71116895,0.00821383,2768.74091482,
1.00000000,44.00000000,0.00014791,98.97208876,0.00052548,175.96485150,
1.00000000,45.00000000,0.00099374,660.23787335,0.05900544,20038.30693113,
1.00000000,46.00000000,0.00077522,519.90325713,0.01425912,4753.26375948,
1.00000000,47.00000000,0.00065439,439.06055960,0.00056128,186.93808217,
1.00000000,48.00000000,0.00063798,427.67835191,0.00077197,257.55777310,
1.00000000,49.00000000,0.00006085,40.65054088,0.00051360,172.53592446,
1.00000000,5.00000000,0.00011592,77.46951062,0.00152770,512.83202524,
1.00000000,50.00000000,0.00089876,597.57889556,0.00919653,3118.63485350,
1.00000000,6.00000000,0.00076194,505.45404838,0.00044489,151.53829880,
1.00000000,7.00000000,0.00013219,88.04067229,0.00009242,31.23911583,
1.00000000,8.00000000,0.00014957,100.09636662,0.00010046,33.63328668,
1.00000000,9.00000000,0.00057364,384.23508927,0.00073158,244.48296908,
20.00000000,1.00000000,0.00000252,1.69116459,0.00000584,1.94177231,
20.00000000,10.00000000,0.00000271,1.81286411,0.00000725,2.43486837,
20.00000000,11.00000000,0.00000286,1.91102202,0.00000523,1.75925587,
20.00000000,12.00000000,0.00000230,1.54529705,0.00001950,6.44888571,
20.00000000,13.00000000,0.00000227,1.52193853,0.00002431,8.10961384,
20.00000000,14.00000000,0.00000279,1.86666182,0.00000510,1.70442574,
20.00000000,15.00000000,0.00000277,1.85114591,0.00000522,1.75165264,
20.00000000,16.00000000,0.00000248,1.64941233,0.00000432,1.46725371,
20.00000000,17.00000000,0.00000233,1.55571549,0.00000427,1.43349593,
20.00000000,18.00000000,0.00000237,1.58088469,0.00000724,2.43548611,
20.00000000,19.00000000,0.00000204,1.36491427,0.00001894,6.32986745,
20.00000000,2.00000000,0.00000262,1.75368421,0.00000526,1.76073717,
20.00000000,20.00000000,0.00000268,1.79641637,0.00001367,4.56034169,
20.00000000,21.00000000,0.00000246,1.64168412,0.00000455,1.52949747,
20.00000000,22.00000000,0.00000291,1.95390506,0.00000526,1.75068260,
20.00000000,23.00000000,0.00000322,2.16691078,0.00000610,2.02351971,
20.00000000,24.00000000,0.00000293,1.95581246,0.00000538,1.81004267,
20.00000000,25.00000000,0.00000222,1.49475947,0.00000421,1.39514500,
20.00000000,26.00000000,0.00000271,1.81377298,0.00000576,1.92128483,
20.00000000,27.00000000,0.00000277,1.86300459,0.00000546,1.81283714,
20.00000000,28.00000000,0.00000247,1.65353822,0.00000466,1.55695339,
20.00000000,29.00000000,0.00000325,2.17589398,0.00000673,2.25103043,
20.00000000,3.00000000,0.00000312,2.10523068,0.00000582,1.91752504,
20.00000000,30.00000000,0.00000324,2.19119576,0.00000589,1.93208294,
20.00000000,31.00000000,0.00000213,1.42382131,0.00000430,1.44789468,
20.00000000,32.00000000,0.00000256,1.70387885,0.00000419,1.42116303,
20.00000000,33.00000000,0.00000274,1.82243817,0.00000802,2.72270118,
20.00000000,34.00000000,0.00000245,1.65876254,0.00000502,1.63718789,
20.00000000,35.00000000,0.00000289,1.93756167,0.00000552,1.83545923,
20.00000000,36.00000000,0.00000309,2.06447399,0.00000525,1.76672706,
20.00000000,37.00000000,0.00000269,1.80774354,0.00000674,2.23586129,
20.00000000,38.00000000,0.00000302,2.00861437,0.00000521,1.75943655,
20.00000000,39.00000000,0.00000245,1.63749652,0.00000442,1.48359331,
20.00000000,4.00000000,0.00000269,1.79753441,0.00000518,1.73587531,
20.00000000,40.00000000,0.00000305,2.05622108,0.00000567,1.86610103,
20.00000000,41.00000000,0.00000262,1.75363458,0.00000552,1.85009020,
20.00000000,42.00000000,0.00000262,1.74984401,0.00000530,1.78706253,
20.00000000,43.00000000,0.00000284,1.89572479,0.00000545,1.83764326,
20.00000000,44.00000000,0.00000285,1.90945923,0.00000537,1.79912957,
20.00000000,45.00000000,0.00000299,1.98923403,0.00000542,1.84033374,
20.00000000,46.00000000,0.00000258,1.72862674,0.00000525,1.74936861,
20.00000000,47.00000000,0.00000218,1.46043391,0.00000405,1.34808066,
20.00000000,48.00000000,0.00000220,1.47482422,0.00000443,1.47710357,
20.00000000,49.00000000,0.00000309,2.06201566,0.00000567,1.90595841,
20.00000000,5.00000000,0.00000253,1.68947234,0.00000464,1.55904935,
20.00000000,50.00000000,0.00000270,1.79483923,0.00000534,1.81219946,
20.00000000,6.00000000,0.00000280,1.85787757,0.00000501,1.70678518,
20.00000000,7.00000000,0.00000244,1.62831175,0.00000465,1.57282226,
20.00000000,8.00000000,0.00000310,2.07654862,0.00000572,1.91494745,
20.00000000,9.00000000,0.00000256,1.71662234,0.00000503,1.67968270,
2.00000000,1.00000000,0.00004254,28.55478919,0.02601904,8657.75691386,
2.00000000,10.00000000,0.00021382,142.86476424,0.04477399,15037.16650464,
2.00000000,11.00000000,0.00045816,306.01969045,0.00071447,240.11086508,
2.00000000,12.00000000,0.00002234,15.04187132,0.00008722,28.84858773,
2.00000000,13.00000000,0.00030043,201.42869364,0.00026661,88.92474773,
2.00000000,14.00000000,0.00033190,222.20605174,0.00008665,28.98510516,
2.00000000,15.00000000,0.00005229,34.94224772,0.00013472,45.22622677,
2.00000000,16.00000000,0.00031540,209.47657617,0.00235198,799.29377940,
2.00000000,17.00000000,0.00031285,208.96362202,0.00052371,175.99580245,
2.00000000,18.00000000,0.00025016,167.03761724,0.00010216,34.35312531,
2.00000000,19.00000000,0.00001933,12.94886071,0.00072490,242.23398200,
2.00000000,2.00000000,0.00032377,216.68909752,0.00013939,46.65978220,
2.00000000,20.00000000,0.00024983,167.48648208,0.00037007,123.45471191,
2.00000000,21.00000000,0.00036542,243.99011228,0.00062687,210.82145507,
2.00000000,22.00000000,0.00032916,221.00494763,0.00009139,30.39596247,
2.00000000,23.00000000,0.00028023,188.41241541,0.17825544,59117.70238277,
2.00000000,24.00000000,0.00004347,29.01217611,0.00009029,30.38386688,
2.00000000,25.00000000,0.00035985,241.98201775,0.00487496,1616.32183887,
2.00000000,26.00000000,0.00028806,193.06005550,0.00914863,3053.80485000,
2.00000000,27.00000000,0.00004508,30.28662984,0.00020086,66.70321845,
2.00000000,28.00000000,0.00032617,218.50288656,0.04145572,13850.39639020,
2.00000000,29.00000000,0.00005228,35.01249173,0.00292629,978.27488556,
2.00000000,3.00000000,0.00023599,159.22565807,0.30326998,99864.07626734,
2.00000000,30.00000000,0.00031271,211.32845822,0.00005219,17.13043758,
2.00000000,31.00000000,0.00032513,217.05167568,0.07726538,25993.15399241,
2.00000000,32.00000000,0.00005144,34.21558622,0.00002924,9.90644927,
2.00000000,33.00000000,0.00033004,219.32056921,0.00424924,1442.50347539,
2.00000000,34.00000000,0.00028499,193.18068717,0.00037520,122.36863154,
2.00000000,35.00000000,0.00021161,142.10584802,0.00005961,19.81735856,
2.00000000,36.00000000,0.00033061,220.58601914,0.00004184,14.09204728,
2.00000000,37.00000000,0.00034106,229.27001959,0.00020086,66.64283955,
2.00000000,38.00000000,0.00004657,31.01972192,0.00004029,13.61075371,
2.00000000,39.00000000,0.00028564,190.83720129,0.00032655,109.69063944,
2.00000000,4.00000000,0.00035242,235.78947182,0.00036526,122.33991043,
2.00000000,40.00000000,0.00005002,33.76505542,0.00009025,29.68587507,
2.00000000,41.00000000,0.00028465,190.45004536,0.02133382,7145.14519737,
2.00000000,42.00000000,0.00038658,257.83292384,0.00022133,74.59784684,
2.00000000,43.00000000,0.00003555,23.71203384,0.00226611,763.86623464,
2.00000000,44.00000000,0.00003827,25.60924473,0.00009145,30.62449073,
2.00000000,45.00000000,0.00037498,249.13586999,0.02040975,6931.17150995,
2.00000000,46.00000000,0.00036827,246.97848196,0.00258858,862.90068744,
2.00000000,47.00000000,0.00027511,184.58470761,0.00004655,15.50426148,
2.00000000,48.00000000,0.00027892,186.97458699,0.00030521,101.82929828,
2.00000000,49.00000000,0.00002986,19.95129746,0.00026986,90.65474594,
2.00000000,5.00000000,0.00003209,21.44696943,0.00094348,316.71776627,
2.00000000,50.00000000,0.00044814,297.96394767,0.00349016,1183.54924415,
2.00000000,6.00000000,0.00031143,206.59360561,0.00008718,29.69629846,
2.00000000,7.00000000,0.00006196,41.26387938,0.00005570,18.82547371,
2.00000000,8.00000000,0.00008905,59.59276221,0.00004662,15.60771112,
2.00000000,9.00000000,0.00021837,146.26901403,0.00008143,27.21367798,
50.00000000,1.00000000,0.00000183,1.22643326,0.00000370,1.22968633,
50.00000000,10.00000000,0.00000190,1.26814475,0.00000388,1.30454852,
50.00000000,11.00000000,0.00000193,1.28761201,0.00000376,1.26421467,
50.00000000,12.00000000,0.00000165,1.11390891,0.00000384,1.26921089,
50.00000000,13.00000000,0.00000162,1.08814510,0.00000387,1.28980652,
50.00000000,14.00000000,0.00000194,1.30045738,0.00000381,1.27588538,
50.00000000,15.00000000,0.00000187,1.24844596,0.00000366,1.22910819,
50.00000000,16.00000000,0.00000172,1.14376414,0.00000330,1.12157669,
50.00000000,17.00000000,0.00000167,1.11229153,0.00000324,1.08977987,
50.00000000,18.00000000,0.00000169,1.12740450,0.00000346,1.16407270,
50.00000000,19.00000000,0.00000160,1.07409548,0.00000361,1.20557950,
50.00000000,2.00000000,0.00000186,1.24387062,0.00000371,1.24249071,
50.00000000,20.00000000,0.00000185,1.24060795,0.00000402,1.34026699,
50.00000000,21.00000000,0.00000168,1.11888093,0.00000329,1.10515623,
50.00000000,22.00000000,0.00000188,1.26264897,0.00000376,1.25146365,
50.00000000,23.00000000,0.00000196,1.31961200,0.00000391,1.29738248,
50.00000000,24.00000000,0.00000198,1.31849236,0.00000386,1.29980251,
50.00000000,25.00000000,0.00000163,1.09326757,0.00000325,1.07793335,
50.00000000,26.00000000,0.00000188,1.25820298,0.00000377,1.25817120,
50.00000000,27.00000000,0.00000191,1.28659525,0.00000381,1.26517777,
50.00000000,28.00000000,0.00000166,1.10933810,0.00000328,1.09710708,
50.00000000,29.00000000,0.00000196,1.31457925,0.00000391,1.30831886,
50.00000000,3.00000000,0.00000193,1.29894493,0.00000389,1.28107482,
50.00000000,30.00000000,0.00000191,1.29272101,0.00000391,1.28467238,
50.00000000,31.00000000,0.00000165,1.09865701,0.00000327,1.09868719,
50.00000000,32.00000000,0.00000168,1.11777700,0.00000325,1.10030409,
50.00000000,33.00000000,0.00000190,1.26069508,0.00000393,1.33337463,
50.00000000,34.00000000,0.00000183,1.24293545,0.00000380,1.23940695,
50.00000000,35.00000000,0.00000189,1.26988396,0.00000378,1.25818300,
50.00000000,36.00000000,0.00000194,1.29716021,0.00000379,1.27498843,
50.00000000,37.00000000,0.00000192,1.29349751,0.00000399,1.32399098,
50.00000000,38.00000000,0.00000194,1.29197801,0.00000376,1.27060398,
50.00000000,39.00000000,0.00000168,1.12072480,0.00000327,1.09986992,
50.00000000,4.00000000,0.00000185,1.23926380,0.00000371,1.24301046,
50.00000000,40.00000000,0.00000191,1.28678175,0.00000388,1.27469212,
50.00000000,41.00000000,0.00000187,1.25223944,0.00000373,1.25040505,
50.00000000,42.00000000,0.00000191,1.27081827,0.00000378,1.27278921,
50.00000000,43.00000000,0.00000193,1.29008598,0.00000377,1.27103316,
50.00000000,44.00000000,0.00000191,1.27996431,0.00000380,1.27197921,
50.00000000,45.00000000,0.00000190,1.26366179,0.00000369,1.25431687,
50.00000000,46.00000000,0.00000185,1.24252243,0.00000373,1.24240530,
50.00000000,47.00000000,0.00000167,1.12085789,0.00000332,1.10517485,
50.00000000,48.00000000,0.00000169,1.13577210,0.00000340,1.13481340,
50.00000000,49.00000000,0.00000194,1.29499696,0.00000382,1.28454201,
50.00000000,5.00000000,0.00000168,1.12003608,0.00000331,1.11243409,
50.00000000,50.00000000,0.00000190,1.26338488,0.00000373,1.26347626,
50.00000000,6.00000000,0.00000186,1.23372707,0.00000361,1.23067002,
50.00000000,7.00000000,0.00000170,1.13264654,0.00000329,1.11327132,
50.00000000,8.00000000,0.00000192,1.28701431,0.00000384,1.28616972,
50.00000000,9.00000000,0.00000186,1.24917705,0.00000374,1.24999496,
5.00000000,1.00000000,0.00001305,8.76272945,0.00081827,272.27646739,
5.00000000,10.00000000,0.00001625,10.85811375,0.00022382,75.16993229,
5.00000000,11.00000000,0.00005125,34.22897727,0.00021514,72.30314358,
5.00000000,12.00000000,0.00000666,4.48350641,0.00005607,18.54642793,
5.00000000,13.00000000,0.00003682,24.68660139,0.00012767,42.58220644,
5.00000000,14.00000000,0.00004124,27.61287825,0.00001440,4.81532835,
5.00000000,15.00000000,0.00001811,12.10020602,0.00002417,8.11294750,
5.00000000,16.00000000,0.00001989,13.21221031,0.00003897,13.24325563,
5.00000000,17.00000000,0.00003748,25.03467732,0.00003386,11.37898621,
5.00000000,18.00000000,0.00002590,17.29152721,0.00002623,8.81908695,
5.00000000,19.00000000,0.00000473,3.16531762,0.00014468,48.34792964,
5.00000000,2.00000000,0.00003515,23.52680377,0.00003262,10.91879985,
5.00000000,20.00000000,0.00003347,22.44099945,0.00010601,35.36619832,
5.00000000,21.00000000,0.00005007,33.43026732,0.00006086,20.46826143,
5.00000000,22.00000000,0.00003147,21.12828712,0.00001896,6.30408061,
5.00000000,23.00000000,0.00003616,24.31193070,0.00411195,1363.71113274,
5.00000000,24.00000000,0.00001033,6.89468672,0.00001848,6.21828997,
5.00000000,25.00000000,0.00003545,23.83843291,0.00025066,83.10660473,
5.00000000,26.00000000,0.00003020,20.24295080,0.00019791,66.06272448,
5.00000000,27.00000000,0.00000947,6.36105039,0.00003506,11.64337253,
5.00000000,28.00000000,0.00001545,10.35198272,0.00039463,131.84667561,
5.00000000,29.00000000,0.00001953,13.08228703,0.00048966,163.69716187,
5.00000000,3.00000000,0.00003851,25.98447386,0.00285635,940.57130010,
5.00000000,30.00000000,0.00004754,32.13058950,0.00001915,6.28508806,
5.00000000,31.00000000,0.00002822,18.83762411,0.00038874,130.77915428,
5.00000000,32.00000000,0.00001506,10.01597195,0.00001234,4.18112193,
5.00000000,33.00000000,0.00003625,24.09079422,0.00020165,68.45515476,
5.00000000,34.00000000,0.00003559,24.12463660,0.00002476,8.07460552,
5.00000000,35.00000000,0.00002312,15.52724422,0.00001405,4.67030679,
5.00000000,36.00000000,0.00004772,31.83941396,0.00001386,4.66824205,
5.00000000,37.00000000,0.00002687,18.06312651,0.00003712,12.31572855,
5.00000000,38.00000000,0.00001672,11.14073565,0.00001285,4.34255861,
5.00000000,39.00000000,0.00003524,23.54111601,0.00008715,29.27556421,
5.00000000,4.00000000,0.00003390,22.68010797,0.00003571,11.96219594,
5.00000000,40.00000000,0.00001698,11.46123568,0.00004560,14.99910844,
5.00000000,41.00000000,0.00002981,19.94443917,0.00017465,58.49505499,
5.00000000,42.00000000,0.00002242,14.95332074,0.00002626,8.85160602,
5.00000000,43.00000000,0.00001326,8.84187286,0.00022107,74.51939471,
5.00000000,44.00000000,0.00000906,6.06299174,0.00001676,5.61116408,
5.00000000,45.00000000,0.00002733,18.16103049,0.00036104,122.61106462,
5.00000000,46.00000000,0.00005132,34.41616362,0.00013153,43.84385408,
5.00000000,47.00000000,0.00001891,12.68714134,0.00000921,3.06581860,
5.00000000,48.00000000,0.00002494,16.71585198,0.00005373,17.92729710,
5.00000000,49.00000000,0.00001455,9.71736601,0.00005078,17.05765706,
5.00000000,5.00000000,0.00001267,8.46518803,0.00014729,49.44358313,
5.00000000,50.00000000,0.00003871,25.73568911,0.00015074,51.11795270,
5.00000000,6.00000000,0.00003908,25.92788642,0.00001488,5.06727042,
5.00000000,7.00000000,0.00001569,10.44655317,0.00009136,30.87941681,
5.00000000,8.00000000,0.00003582,23.97053798,0.00002389,7.99937622,
5.00000000,9.00000000,0.00002397,16.05606593,0.00001438,4.80718555,