alpha,seed,kish[0],relkish[0],test_kish[0],test_relkish[0],
inf,1.00000000,0.00000148,1.00000000,0.00000300,1.00000000,
0.01000000,1.00000000,0.00956479,6448.37400861,0.60022861,200369.51515942,alpha,seed,kish[0],relkish[0],test_kish[0],test_relkish[0],
inf,10.00000000,0.00000149,1.00000000,0.00000297,1.00000000,
0.01000000,10.00000000,0.02333233,15658.74457039,0.94744137,319175.94368781,alpha,seed,kish[0],relkish[0],test_kish[0],test_relkish[0],
inf,11.00000000,0.00000149,1.00000000,0.00000298,1.00000000,
0.01000000,11.00000000,0.03908468,26270.45252290,0.81629434,274158.98368563,alpha,seed,kish[0],relkish[0],test_kish[0],test_relkish[0],
inf,12.00000000,0.00000150,1.00000000,0.00000294,1.00000000,
0.01000000,12.00000000,0.01865805,12454.22663942,0.69346834,236126.66158478,alpha,seed,kish[0],relkish[0],test_kish[0],test_relkish[0],
inf,13.00000000,0.00000150,1.00000000,0.00000294,1.00000000,
0.01000000,13.00000000,0.02519357,16819.78288826,0.06195242,21087.23926341,alpha,seed,kish[0],relkish[0],test_kish[0],test_relkish[0],
inf,14.00000000,0.00000148,1.00000000,0.00000301,1.00000000,
0.01000000,14.00000000,0.03770765,25473.51906704,0.26086303,86723.13134118,alpha,seed,kish[0],relkish[0],test_kish[0],test_relkish[0],
inf,15.00000000,0.00000148,1.00000000,0.00000301,1.00000000,
0.01000000,15.00000000,0.04907689,33189.76792909,0.99999997,331718.98942338,alpha,seed,kish[0],relkish[0],test_kish[0],test_relkish[0],
inf,16.00000000,0.00000150,1.00000000,0.00000293,1.00000000,
0.01000000,16.00000000,0.01455852,9700.85372021,0.06931053,23680.98242568,alpha,seed,kish[0],relkish[0],test_kish[0],test_relkish[0],
inf,17.00000000,0.00000149,1.00000000,0.00000297,1.00000000,
0.01000000,17.00000000,0.02526222,16968.71016635,0.96761282,325405.28908447,alpha,seed,kish[0],relkish[0],test_kish[0],test_relkish[0],
inf,18.00000000,0.00000147,1.00000000,0.00000304,1.00000000,
0.01000000,18.00000000,0.05312927,36051.40056462,0.98871666,325722.81490671,alpha,seed,kish[0],relkish[0],test_kish[0],test_relkish[0],
inf,19.00000000,0.00000149,1.00000000,0.00000298,1.00000000,
0.01000000,19.00000000,0.02501116,16808.97187121,0.59084700,198489.73236002,alpha,seed,kish[0],relkish[0],test_kish[0],test_relkish[0],
inf,2.00000000,0.00000149,1.00000000,0.00000298,1.00000000,
0.01000000,2.00000000,0.02685144,18060.46788138,0.16483834,55285.62510703,alpha,seed,kish[0],relkish[0],test_kish[0],test_relkish[0],
inf,20.00000000,0.00000149,1.00000000,0.00000298,1.00000000,
0.01000000,20.00000000,0.04563112,30704.58898290,0.99960093,334979.26787039,alpha,seed,kish[0],relkish[0],test_kish[0],test_relkish[0],
inf,21.00000000,0.00000149,1.00000000,0.00000298,1.00000000,
0.01000000,21.00000000,0.05089613,34218.89108147,1.00000000,335671.99989235,alpha,seed,kish[0],relkish[0],test_kish[0],test_relkish[0],
inf,22.00000000,0.00000149,1.00000000,0.00000298,1.00000000,
0.01000000,22.00000000,0.01862894,12521.25665485,0.55769472,187307.34705130,alpha,seed,kish[0],relkish[0],test_kish[0],test_relkish[0],
inf,23.00000000,0.00000148,1.00000000,0.00000302,1.00000000,
0.01000000,23.00000000,0.01872546,12667.47378326,0.99106823,328554.97415794,alpha,seed,kish[0],relkish[0],test_kish[0],test_relkish[0],
inf,24.00000000,0.00000149,1.00000000,0.00000298,1.00000000,
0.01000000,24.00000000,0.03097066,20821.63713028,0.29039658,97485.55185852,alpha,seed,kish[0],relkish[0],test_kish[0],test_relkish[0],
inf,25.00000000,0.00000148,1.00000000,0.00000300,1.00000000,
0.01000000,25.00000000,0.04300273,29017.38059961,0.07471577,24896.78816701,alpha,seed,kish[0],relkish[0],test_kish[0],test_relkish[0],
inf,26.00000000,0.00000149,1.00000000,0.00000295,1.00000000,
0.01000000,26.00000000,0.03541576,23692.32801935,0.23796167,80674.47849753,alpha,seed,kish[0],relkish[0],test_kish[0],test_relkish[0],
inf,27.00000000,0.00000147,1.00000000,0.00000307,1.00000000,
0.01000000,27.00000000,0.00928450,6334.76564314,0.99935296,325494.25522283,alpha,seed,kish[0],relkish[0],test_kish[0],test_relkish[0],
inf,28.00000000,0.00000150,1.00000000,0.00000292,1.00000000,
0.01000000,28.00000000,0.01566244,10428.69687914,0.75711363,259053.24397741,alpha,seed,kish[0],relkish[0],test_kish[0],test_relkish[0],
inf,29.00000000,0.00000149,1.00000000,0.00000296,1.00000000,
0.01000000,29.00000000,0.04763432,31936.76274652,1.00000000,337542.99999953,alpha,seed,kish[0],relkish[0],test_kish[0],test_relkish[0],
inf,3.00000000,0.00000149,1.00000000,0.00000298,1.00000000,
0.01000000,3.00000000,0.01374986,9244.98177068,0.77846023,261275.38545686,alpha,seed,kish[0],relkish[0],test_kish[0],test_relkish[0],
inf,30.00000000,0.00000149,1.00000000,0.00000299,1.00000000,
0.01000000,30.00000000,0.00903785,6084.36817130,0.89049289,298128.11597308,alpha,seed,kish[0],relkish[0],test_kish[0],test_relkish[0],
inf,31.00000000,0.00000150,1.00000000,0.00000292,1.00000000,
0.01000000,31.00000000,0.03042149,20248.21169052,0.45526839,155888.90507283,alpha,seed,kish[0],relkish[0],test_kish[0],test_relkish[0],
inf,32.00000000,0.00000149,1.00000000,0.00000298,1.00000000,
0.01000000,32.00000000,0.03576688,24065.35044610,0.99999649,335159.82369521,alpha,seed,kish[0],relkish[0],test_kish[0],test_relkish[0],
inf,33.00000000,0.00000150,1.00000000,0.00000292,1.00000000,
0.01000000,33.00000000,0.00616216,4099.79452225,0.47272489,161994.31119686,alpha,seed,kish[0],relkish[0],test_kish[0],test_relkish[0],
inf,34.00000000,0.00000147,1.00000000,0.00000304,1.00000000,
0.01000000,34.00000000,0.05502077,37370.48964526,0.16707455,54932.94361681,alpha,seed,kish[0],relkish[0],test_kish[0],test_relkish[0],
inf,35.00000000,0.00000148,1.00000000,0.00000299,1.00000000,
0.01000000,35.00000000,0.02971171,20014.90671036,0.51113292,170903.93716829,alpha,seed,kish[0],relkish[0],test_kish[0],test_relkish[0],
inf,36.00000000,0.00000148,1.00000000,0.00000300,1.00000000,
0.01000000,36.00000000,0.00454479,3064.09431158,0.83253713,277901.72575768,alpha,seed,kish[0],relkish[0],test_kish[0],test_relkish[0],
inf,37.00000000,0.00000148,1.00000000,0.00000301,1.00000000,
0.01000000,37.00000000,0.00575775,3888.28802260,0.01310330,4359.28413650,alpha,seed,kish[0],relkish[0],test_kish[0],test_relkish[0],
inf,38.00000000,0.00000150,1.00000000,0.00000293,1.00000000,
0.01000000,38.00000000,0.03738993,24930.18767263,0.99881881,340834.93267347,alpha,seed,kish[0],relkish[0],test_kish[0],test_relkish[0],
inf,39.00000000,0.00000149,1.00000000,0.00000298,1.00000000,
0.01000000,39.00000000,0.01299562,8741.68902642,0.99998812,335332.01533220,alpha,seed,kish[0],relkish[0],test_kish[0],test_relkish[0],
inf,4.00000000,0.00000150,1.00000000,0.00000291,1.00000000,
0.01000000,4.00000000,0.03000073,19945.26354342,0.99350012,340943.40959468,alpha,seed,kish[0],relkish[0],test_kish[0],test_relkish[0],
inf,40.00000000,0.00000149,1.00000000,0.00000299,1.00000000,
0.01000000,40.00000000,0.04325440,29114.05767097,0.53176035,178092.39145982,alpha,seed,kish[0],relkish[0],test_kish[0],test_relkish[0],
inf,41.00000000,0.00000150,1.00000000,0.00000292,1.00000000,
0.01000000,41.00000000,0.00999528,6657.76754099,0.10988410,37570.36435284,alpha,seed,kish[0],relkish[0],test_kish[0],test_relkish[0],
inf,42.00000000,0.00000150,1.00000000,0.00000294,1.00000000,
0.01000000,42.00000000,0.04142629,27687.00918791,0.51210200,173938.51703822,alpha,seed,kish[0],relkish[0],test_kish[0],test_relkish[0],
inf,43.00000000,0.00000148,1.00000000,0.00000299,1.00000000,
0.01000000,43.00000000,0.03448238,23239.53837437,0.99997597,334037.97329328,alpha,seed,kish[0],relkish[0],test_kish[0],test_relkish[0],
inf,44.00000000,0.00000150,1.00000000,0.00000293,1.00000000,
0.01000000,44.00000000,0.04109682,27393.33114949,0.96397312,329142.83721983,alpha,seed,kish[0],relkish[0],test_kish[0],test_relkish[0],
inf,45.00000000,0.00000153,1.00000000,0.00000284,1.00000000,
0.01000000,45.00000000,0.04401188,28853.66262263,0.95092200,335116.32434310,alpha,seed,kish[0],relkish[0],test_kish[0],test_relkish[0],
inf,46.00000000,0.00000149,1.00000000,0.00000298,1.00000000,
0.01000000,46.00000000,0.06409470,43117.39903137,0.99940285,335085.78295108,alpha,seed,kish[0],relkish[0],test_kish[0],test_relkish[0],
inf,47.00000000,0.00000149,1.00000000,0.00000297,1.00000000,
0.01000000,47.00000000,0.02656284,17829.48464381,0.99997302,336771.91239823,alpha,seed,kish[0],relkish[0],test_kish[0],test_relkish[0],
inf,48.00000000,0.00000148,1.00000000,0.00000301,1.00000000,
0.01000000,48.00000000,0.02662435,17987.24956441,0.07434735,24713.50451837,alpha,seed,kish[0],relkish[0],test_kish[0],test_relkish[0],
inf,49.00000000,0.00000150,1.00000000,0.00000295,1.00000000,
0.01000000,49.00000000,0.00714368,4776.72774312,0.00931459,3160.76759627,alpha,seed,kish[0],relkish[0],test_kish[0],test_relkish[0],
inf,5.00000000,0.00000149,1.00000000,0.00000295,1.00000000,
0.01000000,5.00000000,0.01869353,12504.66414584,0.99790263,338358.84635028,alpha,seed,kish[0],relkish[0],test_kish[0],test_relkish[0],
inf,50.00000000,0.00000151,1.00000000,0.00000289,1.00000000,
0.01000000,50.00000000,0.01108640,7334.89609309,0.38015242,131680.23713936,alpha,seed,kish[0],relkish[0],test_kish[0],test_relkish[0],
inf,6.00000000,0.00000149,1.00000000,0.00000296,1.00000000,
0.01000000,6.00000000,0.04306653,28848.32833745,0.99999987,338144.95678598,alpha,seed,kish[0],relkish[0],test_kish[0],test_relkish[0],
inf,7.00000000,0.00000151,1.00000000,0.00000289,1.00000000,
0.01000000,7.00000000,0.03654475,24184.25677174,0.52798799,182804.75484446,alpha,seed,kish[0],relkish[0],test_kish[0],test_relkish[0],
inf,8.00000000,0.00000148,1.00000000,0.00000302,1.00000000,
0.01000000,8.00000000,0.00696146,4708.74595609,0.97708312,323998.80951855,alpha,seed,kish[0],relkish[0],test_kish[0],test_relkish[0],
inf,9.00000000,0.00000149,1.00000000,0.00000296,1.00000000,
0.01000000,9.00000000,0.01853438,12417.21598194,0.36277451,122633.74543098,
0.10000000,1.00000000,0.00100404,676.90422846,0.01103192,3682.69688984,
0.10000000,10.00000000,0.00189495,1271.73170803,0.00977512,3293.06237705,
0.10000000,11.00000000,0.00462425,3108.15350306,0.00457269,1535.77416454,
0.10000000,12.00000000,0.00135896,907.10706321,0.00145209,494.43727712,
0.10000000,13.00000000,0.00140880,940.54545597,0.00304902,1037.81850692,
0.10000000,14.00000000,0.00292311,1974.71754930,0.01145839,3809.30754177,
0.10000000,15.00000000,0.00337776,2284.31330619,0.46973529,155820.12130363,
0.10000000,16.00000000,0.00421602,2809.27868495,0.07021240,23989.12021269,
0.10000000,17.00000000,0.00224140,1505.55244127,0.36861320,123963.51320484,
0.10000000,18.00000000,0.00858618,5826.23998683,0.41860088,137903.87386492,
0.10000000,19.00000000,0.00170152,1143.52168291,0.00138257,464.46292082,
0.10000000,2.00000000,0.00287836,1936.00656139,0.01241567,4164.13013009,
0.10000000,20.00000000,0.00233201,1569.18110330,0.50433956,169010.74414954,
0.10000000,21.00000000,0.00410237,2758.13705237,0.79420349,266591.87342778,
0.10000000,22.00000000,0.00182729,1228.19548698,0.01734259,5824.68189800,
0.10000000,23.00000000,0.00258720,1750.20033116,0.06329639,20983.76731594,
0.10000000,24.00000000,0.00340237,2287.41852407,0.12803352,42980.59551486,
0.10000000,25.00000000,0.02156596,14552.28079292,0.00239388,797.68746416,
0.10000000,26.00000000,0.00175662,1175.13741885,0.00635188,2153.43387252,
0.10000000,27.00000000,0.00163051,1112.48632535,0.94204465,306828.65273884,
0.10000000,28.00000000,0.00366632,2441.18879185,0.00778133,2662.45292576,
0.10000000,29.00000000,0.00474870,3183.79724318,0.98592794,332793.07356820,
0.10000000,3.00000000,0.00133046,894.55890675,0.00178144,597.90685759,
0.10000000,30.00000000,0.00123070,828.52160057,0.07029061,23532.59372458,
0.10000000,31.00000000,0.00176200,1172.76909464,0.00680817,2331.19372557,
0.10000000,32.00000000,0.00228777,1539.30298887,0.95672977,320658.50758463,
0.10000000,33.00000000,0.00229834,1529.13025103,0.00439484,1506.03302636,
0.10000000,34.00000000,0.00291576,1980.40249126,0.00227451,747.84296989,
0.10000000,35.00000000,0.00159689,1075.72109970,0.00295701,988.71336327,
0.10000000,36.00000000,0.00104436,704.10661971,0.40745699,136009.55157734,
0.10000000,37.00000000,0.00112223,757.85432933,0.00315090,1048.25898452,
0.10000000,38.00000000,0.00153056,1020.51616178,0.00691528,2359.75794143,
0.10000000,39.00000000,0.00183164,1232.07812301,0.97277066,326205.02320485,
0.10000000,4.00000000,0.00207139,1377.11197128,0.37575153,128948.15572057,
0.10000000,40.00000000,0.00531489,3577.39263000,0.01058163,3543.90497976,
0.10000000,41.00000000,0.00160862,1071.49028651,0.01009412,3451.27014842,
0.10000000,42.00000000,0.00209583,1400.73839561,0.10228528,34741.80812524,
0.10000000,43.00000000,0.00487443,3285.14022999,0.02401621,8022.51979744,
0.10000000,44.00000000,0.00376501,2509.58688209,0.10720907,36605.89509900,
0.10000000,45.00000000,0.00296486,1943.72530805,0.02561430,9026.78687928,
0.10000000,46.00000000,0.00148750,1000.66271410,0.09540958,31989.49516870,
0.10000000,47.00000000,0.00194696,1306.83394558,0.54222432,182610.84803500,
0.10000000,48.00000000,0.00227222,1535.09813848,0.00318250,1057.88162436,
0.10000000,49.00000000,0.00137571,919.89206660,0.00186510,632.89491276,
0.10000000,5.00000000,0.00219953,1471.33234323,0.02886976,9788.86823448,
0.10000000,50.00000000,0.00270799,1791.64169189,0.00795884,2756.84609282,
0.10000000,6.00000000,0.00303067,2030.10732923,0.59994818,202869.47892494,
0.10000000,7.00000000,0.00451909,2990.60068052,0.04002838,13858.98729553,
0.10000000,8.00000000,0.00235737,1594.52994230,0.92741440,307528.76120943,
0.10000000,9.00000000,0.00471739,3160.44518422,0.01552990,5249.78971049,
1000000.00000000,1.00000000,0.00000148,1.00000000,0.00000300,1.00000000,
1000000.00000000,10.00000000,0.00000149,1.00000000,0.00000297,1.00000000,
1000000.00000000,11.00000000,0.00000149,1.00000000,0.00000298,1.00000000,
1000000.00000000,12.00000000,0.00000150,1.00000000,0.00000294,1.00000000,
1000000.00000000,13.00000000,0.00000150,1.00000000,0.00000294,1.00000000,
1000000.00000000,14.00000000,0.00000148,1.00000000,0.00000301,1.00000000,
1000000.00000000,15.00000000,0.00000148,1.00000000,0.00000301,1.00000000,
1000000.00000000,16.00000000,0.00000150,1.00000000,0.00000293,1.00000000,
1000000.00000000,17.00000000,0.00000149,1.00000000,0.00000297,1.00000000,
1000000.00000000,18.00000000,0.00000147,1.00000000,0.00000304,1.00000000,
1000000.00000000,19.00000000,0.00000149,1.00000000,0.00000298,1.00000000,
1000000.00000000,2.00000000,0.00000149,1.00000000,0.00000298,1.00000000,
1000000.00000000,20.00000000,0.00000149,1.00000000,0.00000298,1.00000000,
1000000.00000000,21.00000000,0.00000149,1.00000000,0.00000298,1.00000000,
1000000.00000000,22.00000000,0.00000149,1.00000000,0.00000298,1.00000000,
1000000.00000000,23.00000000,0.00000148,1.00000000,0.00000302,1.00000000,
1000000.00000000,24.00000000,0.00000149,1.00000000,0.00000298,1.00000000,
1000000.00000000,25.00000000,0.00000148,1.00000000,0.00000300,1.00000000,
1000000.00000000,26.00000000,0.00000149,1.00000000,0.00000295,1.00000000,
1000000.00000000,27.00000000,0.00000147,1.00000000,0.00000307,1.00000000,
1000000.00000000,28.00000000,0.00000150,1.00000000,0.00000292,1.00000000,
1000000.00000000,29.00000000,0.00000149,1.00000000,0.00000296,1.00000000,
1000000.00000000,3.00000000,0.00000149,1.00000000,0.00000298,1.00000000,
1000000.00000000,30.00000000,0.00000149,1.00000000,0.00000299,1.00000000,
1000000.00000000,31.00000000,0.00000150,1.00000000,0.00000292,1.00000000,
1000000.00000000,32.00000000,0.00000149,1.00000000,0.00000298,1.00000000,
1000000.00000000,33.00000000,0.00000150,1.00000000,0.00000292,1.00000000,
1000000.00000000,34.00000000,0.00000147,1.00000000,0.00000304,1.00000000,
1000000.00000000,35.00000000,0.00000148,1.00000000,0.00000299,1.00000000,
1000000.00000000,36.00000000,0.00000148,1.00000000,0.00000300,1.00000000,
1000000.00000000,37.00000000,0.00000148,1.00000000,0.00000301,1.00000000,
1000000.00000000,38.00000000,0.00000150,1.00000000,0.00000293,1.00000000,
1000000.00000000,39.00000000,0.00000149,1.00000000,0.00000298,1.00000000,
1000000.00000000,4.00000000,0.00000150,1.00000000,0.00000291,1.00000000,
1000000.00000000,40.00000000,0.00000149,1.00000000,0.00000299,1.00000000,
1000000.00000000,41.00000000,0.00000150,1.00000000,0.00000292,1.00000000,
1000000.00000000,42.00000000,0.00000150,1.00000000,0.00000294,1.00000000,
1000000.00000000,43.00000000,0.00000148,1.00000000,0.00000299,1.00000000,
1000000.00000000,44.00000000,0.00000150,1.00000000,0.00000293,1.00000000,
1000000.00000000,45.00000000,0.00000153,1.00000000,0.00000284,1.00000000,
1000000.00000000,46.00000000,0.00000149,1.00000000,0.00000298,1.00000000,
1000000.00000000,47.00000000,0.00000149,1.00000000,0.00000297,1.00000000,
1000000.00000000,48.00000000,0.00000148,1.00000000,0.00000301,1.00000000,
1000000.00000000,49.00000000,0.00000150,1.00000000,0.00000295,1.00000000,
1000000.00000000,5.00000000,0.00000149,1.00000000,0.00000295,1.00000000,
1000000.00000000,50.00000000,0.00000151,1.00000000,0.00000289,1.00000000,
1000000.00000000,6.00000000,0.00000149,1.00000000,0.00000296,1.00000000,
1000000.00000000,7.00000000,0.00000151,1.00000000,0.00000289,1.00000000,
1000000.00000000,8.00000000,0.00000148,1.00000000,0.00000302,1.00000000,
1000000.00000000,9.00000000,0.00000149,1.00000000,0.00000296,1.00000000,
100000.00000000,1.00000000,0.00000148,1.00000005,0.00000300,1.00000005,
100000.00000000,10.00000000,0.00000149,1.00000005,0.00000297,1.00000005,
100000.00000000,11.00000000,0.00000149,1.00000004,0.00000298,1.00000004,
100000.00000000,12.00000000,0.00000150,1.00000005,0.00000294,1.00000005,
100000.00000000,13.00000000,0.00000150,1.00000005,0.00000294,1.00000005,
100000.00000000,14.00000000,0.00000148,1.00000005,0.00000301,1.00000005,
100000.00000000,15.00000000,0.00000148,1.00000003,0.00000301,1.00000003,
100000.00000000,16.00000000,0.00000150,1.00000006,0.00000293,1.00000006,
100000.00000000,17.00000000,0.00000149,1.00000005,0.00000297,1.00000005,
100000.00000000,18.00000000,0.00000147,1.00000005,0.00000304,1.00000005,
100000.00000000,19.00000000,0.00000149,1.00000004,0.00000298,1.00000004,
100000.00000000,2.00000000,0.00000149,1.00000007,0.00000298,1.00000007,
100000.00000000,20.00000000,0.00000149,1.00000004,0.00000298,1.00000004,
100000.00000000,21.00000000,0.00000149,1.00000003,0.00000298,1.00000003,
100000.00000000,22.00000000,0.00000149,1.00000004,0.00000298,1.00000004,
100000.00000000,23.00000000,0.00000148,1.00000006,0.00000302,1.00000006,
100000.00000000,24.00000000,0.00000149,1.00000003,0.00000298,1.00000003,
100000.00000000,25.00000000,0.00000148,1.00000007,0.00000300,1.00000007,
100000.00000000,26.00000000,0.00000149,1.00000004,0.00000295,1.00000004,
100000.00000000,27.00000000,0.00000147,1.00000005,0.00000307,1.00000005,
100000.00000000,28.00000000,0.00000150,1.00000005,0.00000292,1.00000005,
100000.00000000,29.00000000,0.00000149,1.00000003,0.00000296,1.00000003,
100000.00000000,3.00000000,0.00000149,1.00000005,0.00000298,1.00000005,
100000.00000000,30.00000000,0.00000149,1.00000004,0.00000299,1.00000004,
100000.00000000,31.00000000,0.00000150,1.00000004,0.00000292,1.00000004,
100000.00000000,32.00000000,0.00000149,1.00000005,0.00000298,1.00000005,
100000.00000000,33.00000000,0.00000150,1.00000005,0.00000292,1.00000005,
100000.00000000,34.00000000,0.00000147,1.00000003,0.00000304,1.00000004,
100000.00000000,35.00000000,0.00000148,1.00000004,0.00000299,1.00000004,
100000.00000000,36.00000000,0.00000148,1.00000005,0.00000300,1.00000005,
100000.00000000,37.00000000,0.00000148,1.00000006,0.00000301,1.00000006,
100000.00000000,38.00000000,0.00000150,1.00000006,0.00000293,1.00000006,
100000.00000000,39.00000000,0.00000149,1.00000006,0.00000298,1.00000006,
100000.00000000,4.00000000,0.00000150,1.00000004,0.00000291,1.00000004,
100000.00000000,40.00000000,0.00000149,1.00000003,0.00000299,1.00000003,
100000.00000000,41.00000000,0.00000150,1.00000007,0.00000292,1.00000007,
100000.00000000,42.00000000,0.00000150,1.00000005,0.00000294,1.00000005,
100000.00000000,43.00000000,0.00000148,1.00000004,0.00000299,1.00000004,
100000.00000000,44.00000000,0.00000150,1.00000004,0.00000293,1.00000003,
100000.00000000,45.00000000,0.00000153,1.00000003,0.00000284,1.00000003,
100000.00000000,46.00000000,0.00000149,1.00000004,0.00000298,1.00000004,
100000.00000000,47.00000000,0.00000149,1.00000005,0.00000297,1.00000005,
100000.00000000,48.00000000,0.00000148,1.00000005,0.00000301,1.00000005,
100000.00000000,49.00000000,0.00000150,1.00000006,0.00000295,1.00000006,
100000.00000000,5.00000000,0.00000149,1.00000004,0.00000295,1.00000004,
100000.00000000,50.00000000,0.00000151,1.00000005,0.00000289,1.00000005,
100000.00000000,6.00000000,0.00000149,1.00000002,0.00000296,1.00000002,
100000.00000000,7.00000000,0.00000151,1.00000004,0.00000289,1.00000004,
100000.00000000,8.00000000,0.00000148,1.00000005,0.00000302,1.00000006,
100000.00000000,9.00000000,0.00000149,1.00000004,0.00000296,1.00000004,
10000.00000000,1.00000000,0.00000148,1.00000538,0.00000300,1.00000535,
10000.00000000,10.00000000,0.00000149,1.00000460,0.00000297,1.00000461,
10000.00000000,11.00000000,0.00000149,1.00000389,0.00000298,1.00000387,
10000.00000000,12.00000000,0.00000150,1.00000536,0.00000294,1.00000537,
10000.00000000,13.00000000,0.00000150,1.00000483,0.00000294,1.00000485,
10000.00000000,14.00000000,0.00000148,1.00000548,0.00000301,1.00000544,
10000.00000000,15.00000000,0.00000148,1.00000306,0.00000301,1.00000308,
10000.00000000,16.00000000,0.00000150,1.00000593,0.00000293,1.00000582,
10000.00000000,17.00000000,0.00000149,1.00000546,0.00000297,1.00000540,
10000.00000000,18.00000000,0.00000147,1.00000472,0.00000304,1.00000476,
10000.00000000,19.00000000,0.00000149,1.00000426,0.00000298,1.00000428,
10000.00000000,2.00000000,0.00000149,1.00000654,0.00000298,1.00000654,
10000.00000000,20.00000000,0.00000149,1.00000409,0.00000298,1.00000412,
10000.00000000,21.00000000,0.00000149,1.00000332,0.00000298,1.00000332,
10000.00000000,22.00000000,0.00000149,1.00000403,0.00000298,1.00000406,
10000.00000000,23.00000000,0.00000148,1.00000607,0.00000302,1.00000605,
10000.00000000,24.00000000,0.00000149,1.00000256,0.00000298,1.00000255,
10000.00000000,25.00000000,0.00000148,1.00000743,0.00000300,1.00000742,
10000.00000000,26.00000000,0.00000149,1.00000410,0.00000295,1.00000410,
10000.00000000,27.00000000,0.00000147,1.00000487,0.00000307,1.00000497,
10000.00000000,28.00000000,0.00000150,1.00000529,0.00000292,1.00000521,
10000.00000000,29.00000000,0.00000149,1.00000337,0.00000296,1.00000340,
10000.00000000,3.00000000,0.00000149,1.00000503,0.00000298,1.00000502,
10000.00000000,30.00000000,0.00000149,1.00000421,0.00000299,1.00000417,
10000.00000000,31.00000000,0.00000150,1.00000427,0.00000292,1.00000424,
10000.00000000,32.00000000,0.00000149,1.00000480,0.00000298,1.00000483,
10000.00000000,33.00000000,0.00000150,1.00000496,0.00000292,1.00000493,
10000.00000000,34.00000000,0.00000147,1.00000345,0.00000304,1.00000350,
10000.00000000,35.00000000,0.00000148,1.00000423,0.00000299,1.00000423,
10000.00000000,36.00000000,0.00000148,1.00000473,0.00000300,1.00000472,
10000.00000000,37.00000000,0.00000148,1.00000591,0.00000301,1.00000595,
10000.00000000,38.00000000,0.00000150,1.00000579,0.00000293,1.00000568,
10000.00000000,39.00000000,0.00000149,1.00000623,0.00000298,1.00000617,
10000.00000000,4.00000000,0.00000150,1.00000376,0.00000291,1.00000375,
10000.00000000,40.00000000,0.00000149,1.00000331,0.00000299,1.00000330,
10000.00000000,41.00000000,0.00000150,1.00000703,0.00000292,1.00000696,
10000.00000000,42.00000000,0.00000150,1.00000527,0.00000294,1.00000524,
10000.00000000,43.00000000,0.00000148,1.00000387,0.00000299,1.00000391,
10000.00000000,44.00000000,0.00000150,1.00000351,0.00000293,1.00000348,
10000.00000000,45.00000000,0.00000153,1.00000337,0.00000284,1.00000332,
10000.00000000,46.00000000,0.00000149,1.00000383,0.00000298,1.00000388,
10000.00000000,47.00000000,0.00000149,1.00000493,0.00000297,1.00000490,
10000.00000000,48.00000000,0.00000148,1.00000502,0.00000301,1.00000507,
10000.00000000,49.00000000,0.00000150,1.00000553,0.00000295,1.00000549,
10000.00000000,5.00000000,0.00000149,1.00000410,0.00000295,1.00000411,
10000.00000000,50.00000000,0.00000151,1.00000506,0.00000289,1.00000504,
10000.00000000,6.00000000,0.00000149,1.00000207,0.00000296,1.00000205,
10000.00000000,7.00000000,0.00000151,1.00000424,0.00000289,1.00000420,
10000.00000000,8.00000000,0.00000148,1.00000543,0.00000302,1.00000548,
10000.00000000,9.00000000,0.00000149,1.00000434,0.00000296,1.00000433,
1000.00000000,1.00000000,0.00000148,1.00051553,0.00000300,1.00051250,
1000.00000000,10.00000000,0.00000149,1.00044742,0.00000297,1.00044794,
1000.00000000,11.00000000,0.00000149,1.00038037,0.00000298,1.00037818,
1000.00000000,12.00000000,0.00000150,1.00051243,0.00000294,1.00051355,
1000.00000000,13.00000000,0.00000150,1.00046518,0.00000294,1.00046706,
1000.00000000,14.00000000,0.00000148,1.00053450,0.00000301,1.00053138,
1000.00000000,15.00000000,0.00000148,1.00030140,0.00000302,1.00030366,
1000.00000000,16.00000000,0.00000150,1.00056792,0.00000293,1.00055715,
1000.00000000,17.00000000,0.00000149,1.00052690,0.00000298,1.00052035,
1000.00000000,18.00000000,0.00000147,1.00045612,0.00000304,1.00045995,
1000.00000000,19.00000000,0.00000149,1.00041045,0.00000298,1.00041237,
1000.00000000,2.00000000,0.00000149,1.00063195,0.00000298,1.00063195,
1000.00000000,20.00000000,0.00000149,1.00040075,0.00000299,1.00040306,
1000.00000000,21.00000000,0.00000149,1.00032524,0.00000298,1.00032573,
1000.00000000,22.00000000,0.00000149,1.00038467,0.00000298,1.00038756,
1000.00000000,23.00000000,0.00000148,1.00058567,0.00000302,1.00058363,
1000.00000000,24.00000000,0.00000149,1.00024951,0.00000298,1.00024869,
1000.00000000,25.00000000,0.00000148,1.00070511,0.00000300,1.00070465,
1000.00000000,26.00000000,0.00000150,1.00039716,0.00000295,1.00039699,
1000.00000000,27.00000000,0.00000147,1.00046501,0.00000307,1.00047414,
1000.00000000,28.00000000,0.00000150,1.00050286,0.00000292,1.00049564,
1000.00000000,29.00000000,0.00000149,1.00032820,0.00000296,1.00033093,
1000.00000000,3.00000000,0.00000149,1.00047792,0.00000298,1.00047698,
1000.00000000,30.00000000,0.00000149,1.00040498,0.00000299,1.00040160,
1000.00000000,31.00000000,0.00000150,1.00040738,0.00000292,1.00040471,
1000.00000000,32.00000000,0.00000149,1.00046209,0.00000299,1.00046457,
1000.00000000,33.00000000,0.00000150,1.00047670,0.00000292,1.00047436,
1000.00000000,34.00000000,0.00000147,1.00033569,0.00000304,1.00034121,
1000.00000000,35.00000000,0.00000149,1.00040793,0.00000299,1.00040716,
1000.00000000,36.00000000,0.00000148,1.00045803,0.00000300,1.00045677,
1000.00000000,37.00000000,0.00000148,1.00056705,0.00000301,1.00057126,
1000.00000000,38.00000000,0.00000150,1.00055159,0.00000293,1.00054136,
1000.00000000,39.00000000,0.00000149,1.00060218,0.00000298,1.00059645,
1000.00000000,4.00000000,0.00000150,1.00036110,0.00000292,1.00036014,
1000.00000000,40.00000000,0.00000149,1.00032285,0.00000299,1.00032188,
1000.00000000,41.00000000,0.00000150,1.00066623,0.00000293,1.00066055,
1000.00000000,42.00000000,0.00000150,1.00050927,0.00000295,1.00050707,
1000.00000000,43.00000000,0.00000148,1.00037617,0.00000299,1.00038028,
1000.00000000,44.00000000,0.00000150,1.00034274,0.00000293,1.00033941,
1000.00000000,45.00000000,0.00000153,1.00032828,0.00000284,1.00032298,
1000.00000000,46.00000000,0.00000149,1.00037170,0.00000298,1.00037694,
1000.00000000,47.00000000,0.00000149,1.00047615,0.00000297,1.00047286,
1000.00000000,48.00000000,0.00000148,1.00048194,0.00000301,1.00048671,
1000.00000000,49.00000000,0.00000150,1.00053164,0.00000295,1.00052808,
1000.00000000,5.00000000,0.00000150,1.00039570,0.00000295,1.00039656,
1000.00000000,50.00000000,0.00000151,1.00048897,0.00000289,1.00048759,
1000.00000000,6.00000000,0.00000149,1.00020261,0.00000296,1.00020122,
1000.00000000,7.00000000,0.00000151,1.00040629,0.00000289,1.00040290,
1000.00000000,8.00000000,0.00000148,1.00051982,0.00000302,1.00052554,
1000.00000000,9.00000000,0.00000149,1.00042159,0.00000296,1.00041988,
100.00000000,1.00000000,0.00000154,1.03511869,0.00000310,1.03464276,
100.00000000,10.00000000,0.00000154,1.03436493,0.00000307,1.03453527,
100.00000000,11.00000000,0.00000153,1.03161301,0.00000307,1.03128819,
100.00000000,12.00000000,0.00000155,1.03534521,0.00000304,1.03541862,
100.00000000,13.00000000,0.00000155,1.03348086,0.00000304,1.03373496,
100.00000000,14.00000000,0.00000154,1.04170318,0.00000313,1.04153689,
100.00000000,15.00000000,0.00000152,1.02626339,0.00000309,1.02659497,
100.00000000,16.00000000,0.00000156,1.03868249,0.00000304,1.03798262,
100.00000000,17.00000000,0.00000155,1.03836225,0.00000309,1.03784428,
100.00000000,18.00000000,0.00000152,1.03457493,0.00000314,1.03492397,
100.00000000,19.00000000,0.00000153,1.03068749,0.00000307,1.03061084,
100.00000000,2.00000000,0.00000156,1.04599185,0.00000312,1.04615827,
100.00000000,20.00000000,0.00000153,1.03219161,0.00000308,1.03243708,
100.00000000,21.00000000,0.00000153,1.02681921,0.00000306,1.02694326,
100.00000000,22.00000000,0.00000153,1.02636882,0.00000306,1.02655472,
100.00000000,23.00000000,0.00000154,1.04234179,0.00000314,1.04213348,
100.00000000,24.00000000,0.00000152,1.02024700,0.00000304,1.02017032,
100.00000000,25.00000000,0.00000155,1.04398273,0.00000313,1.04400550,
100.00000000,26.00000000,0.00000154,1.03024971,0.00000304,1.03028843,
100.00000000,27.00000000,0.00000151,1.03163305,0.00000317,1.03205986,
100.00000000,28.00000000,0.00000155,1.03201547,0.00000301,1.03158947,
100.00000000,29.00000000,0.00000153,1.02684992,0.00000304,1.02708385,
100.00000000,3.00000000,0.00000153,1.03168562,0.00000307,1.03136629,
100.00000000,30.00000000,0.00000153,1.02965636,0.00000307,1.02935755,
100.00000000,31.00000000,0.00000154,1.02654362,0.00000300,1.02648113,
100.00000000,32.00000000,0.00000154,1.03363606,0.00000309,1.03397854,
100.00000000,33.00000000,0.00000155,1.03406050,0.00000302,1.03400978,
100.00000000,34.00000000,0.00000151,1.02711804,0.00000313,1.02760904,
100.00000000,35.00000000,0.00000153,1.02945660,0.00000308,1.02949685,
100.00000000,36.00000000,0.00000153,1.03472246,0.00000310,1.03458055,
100.00000000,37.00000000,0.00000154,1.03964835,0.00000313,1.04008252,
100.00000000,38.00000000,0.00000155,1.03548531,0.00000303,1.03487913,
100.00000000,39.00000000,0.00000155,1.04331504,0.00000311,1.04310297,
100.00000000,4.00000000,0.00000154,1.02596542,0.00000299,1.02590584,
100.00000000,40.00000000,0.00000152,1.02636463,0.00000306,1.02596767,
100.00000000,41.00000000,0.00000156,1.04201684,0.00000305,1.04208481,
100.00000000,42.00000000,0.00000155,1.03739722,0.00000305,1.03719475,
100.00000000,43.00000000,0.00000153,1.02955407,0.00000308,1.02984482,
100.00000000,44.00000000,0.00000154,1.02765369,0.00000301,1.02745527,
100.00000000,45.00000000,0.00000156,1.02590476,0.00000291,1.02562641,
100.00000000,46.00000000,0.00000153,1.02883975,0.00000307,1.02972260,
100.00000000,47.00000000,0.00000154,1.03430974,0.00000307,1.03383680,
100.00000000,48.00000000,0.00000153,1.03313358,0.00000311,1.03354917,
100.00000000,49.00000000,0.00000155,1.03752106,0.00000306,1.03731617,
100.00000000,5.00000000,0.00000154,1.02883251,0.00000303,1.02877297,
100.00000000,50.00000000,0.00000157,1.03716845,0.00000299,1.03722397,
100.00000000,6.00000000,0.00000152,1.01702493,0.00000301,1.01691873,
100.00000000,7.00000000,0.00000155,1.02834977,0.00000297,1.02829411,
100.00000000,8.00000000,0.00000153,1.03632982,0.00000313,1.03698871,
100.00000000,9.00000000,0.00000154,1.03294643,0.00000305,1.03262323,
10.00000000,1.00000000,0.00001239,8.34997753,0.00000767,2.56160708,
10.00000000,10.00000000,0.00000318,2.13475936,0.00000656,2.20970632,
10.00000000,11.00000000,0.00001344,9.03108226,0.00001705,5.72658067,
10.00000000,12.00000000,0.00000294,1.96353837,0.00000626,2.13134868,
10.00000000,13.00000000,0.00000301,2.01108572,0.00000598,2.03681391,
10.00000000,14.00000000,0.00000306,2.06861131,0.00000610,2.02758706,
10.00000000,15.00000000,0.00001308,8.84422177,0.00004261,14.13368105,
10.00000000,16.00000000,0.00000295,1.96523802,0.00000558,1.90748493,
10.00000000,17.00000000,0.00001245,8.36162671,0.00002172,7.30595599,
10.00000000,18.00000000,0.00001209,8.20712833,0.00006085,20.04525048,
10.00000000,19.00000000,0.00001605,10.78337011,0.00002664,8.94951464,
10.00000000,2.00000000,0.00001420,9.54828337,0.00004389,14.72054643,
10.00000000,20.00000000,0.00000277,1.86631182,0.00000597,2.00071593,
10.00000000,21.00000000,0.00000964,6.47861611,0.00011672,39.18021205,
10.00000000,22.00000000,0.00001317,8.85278323,0.00001346,4.52222671,
10.00000000,23.00000000,0.00001526,10.32124218,0.00001883,6.24296265,
10.00000000,24.00000000,0.00000247,1.66003036,0.00000482,1.61783909,
10.00000000,25.00000000,0.00000271,1.82674606,0.00000532,1.77331397,
10.00000000,26.00000000,0.00000316,2.11241997,0.00000665,2.25476854,
10.00000000,27.00000000,0.00000897,6.11816197,0.00009562,31.14380350,
10.00000000,28.00000000,0.00000221,1.46992591,0.00000428,1.46309852,
10.00000000,29.00000000,0.00001256,8.42164904,0.00001725,5.82297542,
10.00000000,3.00000000,0.00001080,7.26487958,0.00001277,4.28444982,
10.00000000,30.00000000,0.00001324,8.91545116,0.00003111,10.41536177,
10.00000000,31.00000000,0.00000220,1.46238642,0.00000436,1.49220382,
10.00000000,32.00000000,0.00001015,6.82658711,0.00011042,37.00930944,
10.00000000,33.00000000,0.00001419,9.43874810,0.00002161,7.40420066,
10.00000000,34.00000000,0.00000307,2.08628101,0.00000637,2.09479563,
10.00000000,35.00000000,0.00000283,1.90417119,0.00000567,1.89556988,
10.00000000,36.00000000,0.00001105,7.45223019,0.00003435,11.46526995,
10.00000000,37.00000000,0.00000312,2.10513025,0.00000599,1.99276835,
10.00000000,38.00000000,0.00001055,7.03575090,0.00001929,6.58207684,
10.00000000,39.00000000,0.00001035,6.96424379,0.00009839,32.99517965,
10.00000000,4.00000000,0.00001348,8.95909344,0.00000874,2.99769957,
10.00000000,40.00000000,0.00001412,9.50596944,0.00000902,3.02005759,
10.00000000,41.00000000,0.00001738,11.57749027,0.00002247,7.68257790,
10.00000000,42.00000000,0.00000282,1.88643039,0.00000544,1.84881068,
10.00000000,43.00000000,0.00001318,8.88500898,0.00002043,6.82491757,
10.00000000,44.00000000,0.00001862,12.41214866,0.00002123,7.24952493,
10.00000000,45.00000000,0.00000282,1.85038922,0.00000684,2.41096026,
10.00000000,46.00000000,0.00001441,9.69582191,0.00002191,7.34615037,
10.00000000,47.00000000,0.00000255,1.71193590,0.00000488,1.64489362,
10.00000000,48.00000000,0.00001157,7.81996679,0.00003278,10.89498951,
10.00000000,49.00000000,0.00001088,7.27481780,0.00001396,4.73878036,
10.00000000,5.00000000,0.00001027,6.86894704,0.00001373,4.65448879,
10.00000000,50.00000000,0.00001255,8.30570815,0.00000964,3.34056767,
10.00000000,6.00000000,0.00001113,7.45868280,0.00004999,16.90416526,
10.00000000,7.00000000,0.00001463,9.68263267,0.00001335,4.62091684,
10.00000000,8.00000000,0.00001225,8.28393295,0.00007403,24.54815565,
10.00000000,9.00000000,0.00001105,7.40185721,0.00005198,17.57145152,
1.00000000,1.00000000,0.00012906,87.00952227,0.00005862,19.56897521,
1.00000000,10.00000000,0.00002953,19.81615776,0.00008835,29.76404524,
1.00000000,11.00000000,0.00015622,105.00016769,0.00005455,18.32233747,
1.00000000,12.00000000,0.00002289,15.27708868,0.00004833,16.45523566,
1.00000000,13.00000000,0.00002735,18.25976346,0.00005082,17.29919826,
1.00000000,14.00000000,0.00002751,18.58446484,0.00007843,26.07394672,
1.00000000,15.00000000,0.00008710,58.90407088,0.01092387,3623.65666077,
1.00000000,16.00000000,0.00006410,42.71182684,0.00117406,401.13654521,
1.00000000,17.00000000,0.00012663,85.05629027,0.00008265,27.79337159,
1.00000000,18.00000000,0.00010674,72.43228746,0.01176756,3876.70659285,
1.00000000,19.00000000,0.00018998,127.67847676,0.00007250,24.35462179,
1.00000000,2.00000000,0.00018571,124.90727607,0.00012369,41.48330196,
1.00000000,20.00000000,0.00003018,20.30845195,0.00010237,34.30650200,
1.00000000,21.00000000,0.00012941,87.00808083,0.02842076,9540.05356128,
1.00000000,22.00000000,0.00023473,157.77451367,0.00006707,22.52649415,
1.00000000,23.00000000,0.00014485,97.99044238,0.00133646,443.05622118,
1.00000000,24.00000000,0.00002462,16.55005365,0.00004187,14.05674385,
1.00000000,25.00000000,0.00004304,29.04216724,0.00010762,35.86257519,
1.00000000,26.00000000,0.00007346,49.14038636,0.00010681,36.21134989,
1.00000000,27.00000000,0.00006850,46.73684645,0.01927294,6277.29333515,
1.00000000,28.00000000,0.00004017,26.74531720,0.00004092,14.00185732,
1.00000000,29.00000000,0.00010954,73.43859998,0.00021876,73.84101546,
1.00000000,3.00000000,0.00007270,48.88196303,0.00009864,33.10497576,
1.00000000,30.00000000,0.00023580,158.74294268,0.00200426,671.00488303,
1.00000000,31.00000000,0.00001553,10.33358058,0.00005377,18.41201299,
1.00000000,32.00000000,0.00011757,79.10898618,0.02987227,10012.01974018,
1.00000000,33.00000000,0.00010983,73.07451929,0.00011594,39.72940735,
1.00000000,34.00000000,0.00003374,22.91368438,0.00005815,19.11784151,
1.00000000,35.00000000,0.00003061,20.62298301,0.00013295,44.45261280,
1.00000000,36.00000000,0.00008360,56.36327666,0.00448278,1496.35679315,
1.00000000,37.00000000,0.00004049,27.34021073,0.00006144,20.44087035,
1.00000000,38.00000000,0.00007831,52.21404379,0.00027444,93.64911153,
1.00000000,39.00000000,0.00009838,66.17773320,0.11861414,39775.59252172,
1.00000000,4.00000000,0.00014930,99.25940094,0.00027944,95.89657964,
1.00000000,40.00000000,0.00017165,115.53666017,0.00005965,19.97808508,
1.00000000,41.00000000,0.00012534,83.49061866,0.00016136,55.16894480,
1.00000000,42.00000000,0.00002419,16.16754724,0.00736082,2500.14601639,
1.00000000,43.00000000,0.00012203,82.24098327,0.00032939,110.03041980,
1.00000000,44.00000000,0.00027489,183.22645670,0.00015079,51.48582353,
1.00000000,45.00000000,0.00004455,29.20797869,0.00008976,31.63187669,
1.00000000,46.00000000,0.00018475,124.28361994,0.00020455,68.58147983,
1.00000000,47.00000000,0.00001891,12.69344309,0.00006974,23.48756406,
1.00000000,48.00000000,0.00007474,50.49430339,0.00013632,45.31508862,
1.00000000,49.00000000,0.00006853,45.82344118,0.00013358,45.32705589,
1.00000000,5.00000000,0.00010176,68.06725097,0.00014984,50.80481335,
1.00000000,50.00000000,0.00011491,76.02725496,0.00007512,26.02056860,
1.00000000,6.00000000,0.00009367,62.74408935,0.00189037,639.22066263,
1.00000000,7.00000000,0.00027623,182.79806230,0.00013455,46.58361499,
1.00000000,8.00000000,0.00014337,96.97535565,0.32787583,108722.96816336,
1.00000000,9.00000000,0.00011490,76.97740187,0.00022627,76.48887980,
20.00000000,1.00000000,0.00000369,2.48665538,0.00000471,1.57272478,
20.00000000,10.00000000,0.00000214,1.43286058,0.00000431,1.45220048,
20.00000000,11.00000000,0.00000358,2.40578387,0.00000653,2.19230686,
20.00000000,12.00000000,0.00000208,1.38710753,0.00000414,1.40840737,
20.00000000,13.00000000,0.00000209,1.39380795,0.00000412,1.40333176,
20.00000000,14.00000000,0.00000218,1.47022767,0.00000440,1.46176413,
20.00000000,15.00000000,0.00000372,2.51884602,0.00000764,2.53550541,
20.00000000,16.00000000,0.00000209,1.39186646,0.00000402,1.37231541,
20.00000000,17.00000000,0.00000335,2.24917088,0.00000694,2.33353340,
20.00000000,18.00000000,0.00000349,2.36587409,0.00000979,3.22523688,
20.00000000,19.00000000,0.00000382,2.56648349,0.00000735,2.46963860,
20.00000000,2.00000000,0.00000356,2.39205823,0.00001030,3.45447677,
20.00000000,20.00000000,0.00000204,1.37464216,0.00000417,1.39797225,
20.00000000,21.00000000,0.00000293,1.96683788,0.00001192,4.00019105,
20.00000000,22.00000000,0.00000339,2.27608159,0.00000542,1.82017048,
20.00000000,23.00000000,0.00000372,2.51623879,0.00000706,2.34106837,
20.00000000,24.00000000,0.00000191,1.28272642,0.00000379,1.27139500,
20.00000000,25.00000000,0.00000202,1.36091823,0.00000406,1.35155553,
20.00000000,26.00000000,0.00000210,1.40597766,0.00000420,1.42285741,
20.00000000,27.00000000,0.00000284,1.93745889,0.00001218,3.96845353,
20.00000000,28.00000000,0.00000187,1.24377041,0.00000363,1.24051267,
20.00000000,29.00000000,0.00000363,2.43332588,0.00000626,2.11422423,
20.00000000,3.00000000,0.00000354,2.38198520,0.00000531,1.78333245,
20.00000000,30.00000000,0.00000343,2.30710339,0.00000859,2.87547608,
20.00000000,31.00000000,0.00000184,1.22278374,0.00000359,1.22792604,
20.00000000,32.00000000,0.00000314,2.11281358,0.00001322,4.42934850,
20.00000000,33.00000000,0.00000371,2.46899891,0.00000659,2.25892693,
20.00000000,34.00000000,0.00000206,1.40048793,0.00000428,1.40667896,
20.00000000,35.00000000,0.00000200,1.34628613,0.00000403,1.34645775,
20.00000000,36.00000000,0.00000350,2.35688865,0.00000723,2.41229424,
20.00000000,37.00000000,0.00000212,1.42996789,0.00000426,1.41816170,
20.00000000,38.00000000,0.00000308,2.05074942,0.00000569,1.94067987,
20.00000000,39.00000000,0.00000316,2.12487272,0.00001103,3.69707990,
20.00000000,4.00000000,0.00000358,2.38020900,0.00000482,1.65326026,
20.00000000,40.00000000,0.00000376,2.53260197,0.00000481,1.61216066,
20.00000000,41.00000000,0.00000380,2.53324176,0.00000811,2.77425110,
20.00000000,42.00000000,0.00000208,1.39165786,0.00000406,1.37910917,
20.00000000,43.00000000,0.00000371,2.49962021,0.00000628,2.09927819,
20.00000000,44.00000000,0.00000387,2.58021751,0.00000742,2.53256311,
20.00000000,45.00000000,0.00000203,1.33134004,0.00000391,1.37700551,
20.00000000,46.00000000,0.00000359,2.41563794,0.00000668,2.24066398,
20.00000000,47.00000000,0.00000201,1.34697724,0.00000394,1.32533336,
20.00000000,48.00000000,0.00000334,2.25520913,0.00000865,2.87422845,
20.00000000,49.00000000,0.00000367,2.45507479,0.00000551,1.86902514,
20.00000000,5.00000000,0.00000350,2.34305063,0.00000530,1.79874280,
20.00000000,50.00000000,0.00000368,2.43412124,0.00000519,1.79934892,
20.00000000,6.00000000,0.00000320,2.14582935,0.00000713,2.41243697,
20.00000000,7.00000000,0.00000359,2.37723809,0.00000508,1.76012586,
20.00000000,8.00000000,0.00000371,2.51220185,0.00001177,3.90173447,
20.00000000,9.00000000,0.00000342,2.29012916,0.00000967,3.26955977,
2.00000000,1.00000000,0.00008038,54.18871671,0.00002579,8.60878710,
2.00000000,10.00000000,0.00001220,8.18607170,0.00003177,10.70312530,
2.00000000,11.00000000,0.00008910,59.88848841,0.00003115,10.46062295,
2.00000000,12.00000000,0.00001044,6.96853604,0.00002489,8.47658449,
2.00000000,13.00000000,0.00001210,8.08014694,0.00002224,7.57028004,
2.00000000,14.00000000,0.00001051,7.10308399,0.00002477,8.23334743,
2.00000000,15.00000000,0.00004767,32.23943269,0.00273261,906.45941227,
2.00000000,16.00000000,0.00001443,9.61639450,0.00007570,25.86479056,
2.00000000,17.00000000,0.00008958,60.17183138,0.00003506,11.78976754,
2.00000000,18.00000000,0.00005336,36.21008611,0.00209700,690.83720937,
2.00000000,19.00000000,0.00011236,75.51329659,0.00007195,24.17087210,
2.00000000,2.00000000,0.00010257,68.99260336,0.00008806,29.53574329,
2.00000000,20.00000000,0.00001020,6.86671548,0.00002476,8.29577010,
2.00000000,21.00000000,0.00005741,38.59870110,0.00788129,2645.52965962,
2.00000000,22.00000000,0.00013213,88.80772624,0.00003119,10.47519044,
2.00000000,23.00000000,0.00010660,72.11093630,0.00017467,57.90681532,
2.00000000,24.00000000,0.00000708,4.75664034,0.00001392,4.67217726,
2.00000000,25.00000000,0.00001092,7.36892527,0.00002836,9.44904470,
2.00000000,26.00000000,0.00002093,13.99930867,0.00004555,15.44258156,
2.00000000,27.00000000,0.00004328,29.53145328,0.00206885,673.83403048,
2.00000000,28.00000000,0.00000943,6.27617380,0.00001285,4.39513021,
2.00000000,29.00000000,0.00006179,41.42502342,0.00006248,21.09068267,
2.00000000,3.00000000,0.00004028,27.08020634,0.00005532,18.56864796,
2.00000000,30.00000000,0.00012512,84.23320682,0.00017830,59.69270067,
2.00000000,31.00000000,0.00000602,4.00705216,0.00001786,6.11494784,
2.00000000,32.00000000,0.00005103,34.33691090,0.00440322,1475.78725829,
2.00000000,33.00000000,0.00006639,44.17151942,0.00007963,27.28865403,
2.00000000,34.00000000,0.00001544,10.48694879,0.00002548,8.37633033,
2.00000000,35.00000000,0.00001168,7.86845275,0.00003162,10.57261504,
2.00000000,36.00000000,0.00004627,31.19545805,0.00116609,389.24070510,
2.00000000,37.00000000,0.00001546,10.44093477,0.00002583,8.59210904,
2.00000000,38.00000000,0.00004483,29.89318223,0.00014091,48.08267519,
2.00000000,39.00000000,0.00004473,30.09009837,0.01523920,5110.25082379,
2.00000000,4.00000000,0.00008544,56.80529269,0.00002401,8.24070593,
2.00000000,40.00000000,0.00009443,63.56020224,0.00002128,7.12606321,
2.00000000,41.00000000,0.00009803,65.29433403,0.00005017,17.15502711,
2.00000000,42.00000000,0.00000996,6.65969545,0.00016588,56.34128108,
2.00000000,43.00000000,0.00006369,42.92147015,0.00014387,48.05855577,
2.00000000,44.00000000,0.00017803,118.66481379,0.00004022,13.73412198,
2.00000000,45.00000000,0.00001349,8.84634522,0.00003707,13.06451735,
2.00000000,46.00000000,0.00011567,77.81429406,0.00010628,35.63573609,
2.00000000,47.00000000,0.00000624,4.18807494,0.00001452,4.88881175,
2.00000000,48.00000000,0.00004596,31.04733300,0.00009181,30.51939949,
2.00000000,49.00000000,0.00003704,24.76954365,0.00008107,27.51095252,
2.00000000,5.00000000,0.00005073,33.93572215,0.00008744,29.64723960,
2.00000000,50.00000000,0.00006824,45.14764318,0.00002144,7.42735747,
2.00000000,6.00000000,0.00005125,34.33224942,0.00139031,470.12684239,
2.00000000,7.00000000,0.00016299,107.86103213,0.00004322,14.96520006,
2.00000000,8.00000000,0.00004679,31.64548837,0.02337553,7751.27856136,
2.00000000,9.00000000,0.00005073,33.98454580,0.00032447,109.68346189,
50.00000000,1.00000000,0.00000164,1.10864705,0.00000330,1.10251869,
50.00000000,10.00000000,0.00000165,1.10852575,0.00000329,1.10985063,
50.00000000,11.00000000,0.00000165,1.11235189,0.00000330,1.10890253,
50.00000000,12.00000000,0.00000166,1.10494529,0.00000325,1.10563463,
50.00000000,13.00000000,0.00000165,1.10259425,0.00000324,1.10389950,
50.00000000,14.00000000,0.00000167,1.13002277,0.00000340,1.12973603,
50.00000000,15.00000000,0.00000162,1.09702616,0.00000331,1.09851871,
50.00000000,16.00000000,0.00000167,1.11192003,0.00000325,1.10948272,
50.00000000,17.00000000,0.00000167,1.12127117,0.00000333,1.11911499,
50.00000000,18.00000000,0.00000164,1.11431498,0.00000339,1.11829751,
50.00000000,19.00000000,0.00000164,1.10266388,0.00000328,1.10163715,
50.00000000,2.00000000,0.00000170,1.14219170,0.00000342,1.14604098,
50.00000000,20.00000000,0.00000164,1.10234509,0.00000329,1.10380792,
50.00000000,21.00000000,0.00000162,1.09125181,0.00000326,1.09468451,
50.00000000,22.00000000,0.00000161,1.08304372,0.00000322,1.08305481,
50.00000000,23.00000000,0.00000168,1.13417514,0.00000342,1.13254398,
50.00000000,24.00000000,0.00000159,1.06801719,0.00000318,1.06748415,
50.00000000,25.00000000,0.00000166,1.11774575,0.00000335,1.11759354,
50.00000000,26.00000000,0.00000164,1.09687450,0.00000324,1.09746752,
50.00000000,27.00000000,0.00000161,1.09549053,0.00000337,1.09915423,
50.00000000,28.00000000,0.00000163,1.08610947,0.00000317,1.08497131,
50.00000000,29.00000000,0.00000163,1.09564576,0.00000325,1.09641860,
50.00000000,3.00000000,0.00000163,1.09906562,0.00000326,1.09444683,
50.00000000,30.00000000,0.00000163,1.09902263,0.00000328,1.09844943,
50.00000000,31.00000000,0.00000161,1.07330125,0.00000314,1.07351944,
50.00000000,32.00000000,0.00000165,1.10840921,0.00000332,1.11415669,
50.00000000,33.00000000,0.00000166,1.10671693,0.00000323,1.10775701,
50.00000000,34.00000000,0.00000161,1.09136759,0.00000332,1.09306226,
50.00000000,35.00000000,0.00000162,1.08990431,0.00000326,1.09034328,
50.00000000,36.00000000,0.00000166,1.11583838,0.00000334,1.11541686,
50.00000000,37.00000000,0.00000165,1.11759386,0.00000336,1.11883881,
50.00000000,38.00000000,0.00000165,1.10015253,0.00000322,1.09823799,
50.00000000,39.00000000,0.00000168,1.13101213,0.00000338,1.13335772,
50.00000000,4.00000000,0.00000163,1.08403580,0.00000315,1.08175120,
50.00000000,40.00000000,0.00000163,1.09520214,0.00000325,1.08858467,
50.00000000,41.00000000,0.00000168,1.12048985,0.00000328,1.12310928,
50.00000000,42.00000000,0.00000166,1.11273551,0.00000327,1.11158238,
50.00000000,43.00000000,0.00000163,1.10189567,0.00000330,1.10191150,
50.00000000,44.00000000,0.00000164,1.09607800,0.00000321,1.09577072,
50.00000000,45.00000000,0.00000165,1.08315918,0.00000307,1.08290754,
50.00000000,46.00000000,0.00000163,1.09731996,0.00000329,1.10263060,
50.00000000,47.00000000,0.00000164,1.10250750,0.00000327,1.09994412,
50.00000000,48.00000000,0.00000163,1.10015905,0.00000332,1.10289375,
50.00000000,49.00000000,0.00000167,1.11817374,0.00000329,1.11537261,
50.00000000,5.00000000,0.00000164,1.09421117,0.00000322,1.09126527,
50.00000000,50.00000000,0.00000170,1.12202733,0.00000324,1.12058428,
50.00000000,6.00000000,0.00000159,1.06231188,0.00000314,1.06182875,
50.00000000,7.00000000,0.00000165,1.08925309,0.00000314,1.08778089,
50.00000000,8.00000000,0.00000165,1.11546572,0.00000339,1.12335390,
50.00000000,9.00000000,0.00000166,1.11171903,0.00000329,1.11076245,
5.00000000,1.00000000,0.00003085,20.79544326,0.00001157,3.86210393,
5.00000000,10.00000000,0.00000544,3.65420789,0.00001158,3.90151916,
5.00000000,11.00000000,0.00003511,23.59611210,0.00002377,7.98238042,
5.00000000,12.00000000,0.00000478,3.19256210,0.00001127,3.83632061,
5.00000000,13.00000000,0.00000514,3.42841315,0.00001006,3.42482692,
5.00000000,14.00000000,0.00000476,3.21526821,0.00000964,3.20460308,
5.00000000,15.00000000,0.00002651,17.92918483,0.00025066,83.14937051,
5.00000000,16.00000000,0.00000499,3.32169340,0.00001030,3.51954637,
5.00000000,17.00000000,0.00003525,23.67484265,0.00003102,10.43198989,
5.00000000,18.00000000,0.00002526,17.13724580,0.00026445,87.11957481,
5.00000000,19.00000000,0.00004302,28.91474369,0.00005396,18.12731649,
5.00000000,2.00000000,0.00003866,26.00359613,0.00007269,24.37851634,
5.00000000,20.00000000,0.00000436,2.93469552,0.00001007,3.37573105,
5.00000000,21.00000000,0.00002294,15.42086457,0.00072278,242.61653186,
5.00000000,22.00000000,0.00004056,27.26041774,0.00002242,7.52978737,
5.00000000,23.00000000,0.00004487,30.35321391,0.00003023,10.02125216,
5.00000000,24.00000000,0.00000345,2.31901360,0.00000674,2.26253285,
5.00000000,25.00000000,0.00000434,2.92905259,0.00000850,2.83271389,
5.00000000,26.00000000,0.00000578,3.86935640,0.00001367,4.63389623,
5.00000000,27.00000000,0.00002042,13.92974443,0.00032852,106.99909472,
5.00000000,28.00000000,0.00000298,1.98397957,0.00000564,1.92913159,
5.00000000,29.00000000,0.00002723,18.25837745,0.00003283,11.08306639,
5.00000000,3.00000000,0.00002066,13.89090152,0.00002583,8.66942300,
5.00000000,30.00000000,0.00004016,27.03932815,0.00004568,15.29162979,
5.00000000,31.00000000,0.00000296,1.96699651,0.00000626,2.14279715,
5.00000000,32.00000000,0.00002161,14.54274209,0.00048672,163.13099298,
5.00000000,33.00000000,0.00003121,20.76360591,0.00004587,15.71896275,
5.00000000,34.00000000,0.00000563,3.82208808,0.00001100,3.61510990,
5.00000000,35.00000000,0.00000477,3.21629563,0.00000972,3.25128007,
5.00000000,36.00000000,0.00002218,14.95367847,0.00015601,52.07726028,
5.00000000,37.00000000,0.00000559,3.77310374,0.00001012,3.36641997,
5.00000000,38.00000000,0.00002286,15.24470826,0.00005053,17.24439465,
5.00000000,39.00000000,0.00002207,14.84824675,0.00076726,257.28903953,
5.00000000,4.00000000,0.00003368,22.38806900,0.00001156,3.96774997,
5.00000000,40.00000000,0.00003633,24.45517256,0.00001323,4.43080956,
5.00000000,41.00000000,0.00005035,33.53540453,0.00002656,9.08204577,
5.00000000,42.00000000,0.00000440,2.93952847,0.00000880,2.98835376,
5.00000000,43.00000000,0.00002836,19.11512155,0.00005345,17.85443192,
5.00000000,44.00000000,0.00006106,40.69761161,0.00002522,8.60970125,
5.00000000,45.00000000,0.00000469,3.07504408,0.00001488,5.24380791,
5.00000000,46.00000000,0.00004009,26.97138146,0.00004859,16.29039111,
5.00000000,47.00000000,0.00000341,2.28819400,0.00000649,2.18500151,
5.00000000,48.00000000,0.00002350,15.87479425,0.00005706,18.96835665,
5.00000000,49.00000000,0.00002033,13.59631859,0.00003397,11.52822992,
5.00000000,5.00000000,0.00001958,13.09698836,0.00003268,11.08125706,
5.00000000,50.00000000,0.00002983,19.73540782,0.00001308,4.53050666,
5.00000000,6.00000000,0.00002411,16.15083381,0.00027779,93.93331073,
5.00000000,7.00000000,0.00005019,33.21258286,0.00002536,8.78180877,
5.00000000,8.00000000,0.00002305,15.58870427,0.00029830,98.91544028,
5.00000000,9.00000000,0.00002284,15.29895509,0.00015815,53.46095045,