alpha,seed,kish[0],relkish[0],test_kish[0],test_relkish[0],
inf,1.00000000,0.00000147,1.00000000,0.00000298,1.00000000,
0.01000000,1.00000000,0.00738680,5011.32939342,0.00588676,1975.49678113,alpha,seed,kish[0],relkish[0],test_kish[0],test_relkish[0],
inf,10.00000000,0.00000148,1.00000000,0.00000296,1.00000000,
0.01000000,10.00000000,0.03171495,21432.32973151,0.37518989,126896.72616421,alpha,seed,kish[0],relkish[0],test_kish[0],test_relkish[0],
inf,11.00000000,0.00000148,1.00000000,0.00000297,1.00000000,
0.01000000,11.00000000,0.01598062,10817.63279131,0.21572396,72715.79935659,alpha,seed,kish[0],relkish[0],test_kish[0],test_relkish[0],
inf,12.00000000,0.00000148,1.00000000,0.00000297,1.00000000,
0.01000000,12.00000000,0.02462882,16683.49039535,0.88638489,298359.81344043,alpha,seed,kish[0],relkish[0],test_kish[0],test_relkish[0],
inf,13.00000000,0.00000148,1.00000000,0.00000294,1.00000000,
0.01000000,13.00000000,0.01033138,6959.38351845,0.01149754,3913.58029352,alpha,seed,kish[0],relkish[0],test_kish[0],test_relkish[0],
inf,14.00000000,0.00000148,1.00000000,0.00000296,1.00000000,
0.01000000,14.00000000,0.01726187,11675.40974534,1.00000000,337630.00000000,alpha,seed,kish[0],relkish[0],test_kish[0],test_relkish[0],
inf,15.00000000,0.00000148,1.00000000,0.00000296,1.00000000,
0.01000000,15.00000000,0.02274876,15391.69881234,0.28049126,94639.15403596,alpha,seed,kish[0],relkish[0],test_kish[0],test_relkish[0],
inf,16.00000000,0.00000148,1.00000000,0.00000294,1.00000000,
0.01000000,16.00000000,0.03753543,25293.85093591,0.49421827,168100.43851441,alpha,seed,kish[0],relkish[0],test_kish[0],test_relkish[0],
inf,17.00000000,0.00000148,1.00000000,0.00000297,1.00000000,
0.01000000,17.00000000,0.02890448,19576.02276560,0.26756179,90097.15079613,alpha,seed,kish[0],relkish[0],test_kish[0],test_relkish[0],
inf,18.00000000,0.00000148,1.00000000,0.00000295,1.00000000,
0.01000000,18.00000000,0.06815062,45972.36609475,1.00000000,339430.00000000,alpha,seed,kish[0],relkish[0],test_kish[0],test_relkish[0],
inf,19.00000000,0.00000148,1.00000000,0.00000294,1.00000000,
0.01000000,19.00000000,0.02218149,14950.83201615,1.00000000,339977.00000000,alpha,seed,kish[0],relkish[0],test_kish[0],test_relkish[0],
inf,2.00000000,0.00000148,1.00000000,0.00000297,1.00000000,
0.01000000,2.00000000,0.02344656,15871.51631624,0.55637794,187542.20758189,alpha,seed,kish[0],relkish[0],test_kish[0],test_relkish[0],
inf,20.00000000,0.00000148,1.00000000,0.00000297,1.00000000,
0.01000000,20.00000000,0.00184900,1252.52025458,0.07492016,25217.82466248,alpha,seed,kish[0],relkish[0],test_kish[0],test_relkish[0],
inf,21.00000000,0.00000148,1.00000000,0.00000295,1.00000000,
0.01000000,21.00000000,0.01049628,7087.80239239,1.00000000,338732.00000000,alpha,seed,kish[0],relkish[0],test_kish[0],test_relkish[0],
inf,22.00000000,0.00000148,1.00000000,0.00000297,1.00000000,
0.01000000,22.00000000,0.04204160,28494.32405564,0.78733468,264729.47528254,alpha,seed,kish[0],relkish[0],test_kish[0],test_relkish[0],
inf,23.00000000,0.00000147,1.00000000,0.00000298,1.00000000,
0.01000000,23.00000000,0.04743051,32182.16951863,0.57262809,192109.85227943,alpha,seed,kish[0],relkish[0],test_kish[0],test_relkish[0],
inf,24.00000000,0.00000148,1.00000000,0.00000294,1.00000000,
0.01000000,24.00000000,0.03080322,20757.20871888,0.39482175,134292.69479203,alpha,seed,kish[0],relkish[0],test_kish[0],test_relkish[0],
inf,25.00000000,0.00000147,1.00000000,0.00000299,1.00000000,
0.01000000,25.00000000,0.04415335,30011.65177042,0.54074783,180764.43074082,alpha,seed,kish[0],relkish[0],test_kish[0],test_relkish[0],
inf,26.00000000,0.00000148,1.00000000,0.00000297,1.00000000,
0.01000000,26.00000000,0.01943218,13158.15264206,0.97023078,326839.70270908,alpha,seed,kish[0],relkish[0],test_kish[0],test_relkish[0],
inf,27.00000000,0.00000147,1.00000000,0.00000298,1.00000000,
0.01000000,27.00000000,0.02764806,18745.30020342,0.68988381,231803.03013104,alpha,seed,kish[0],relkish[0],test_kish[0],test_relkish[0],
inf,28.00000000,0.00000148,1.00000000,0.00000296,1.00000000,
0.01000000,28.00000000,0.02633743,17806.18351012,0.60053566,202933.60956045,alpha,seed,kish[0],relkish[0],test_kish[0],test_relkish[0],
inf,29.00000000,0.00000148,1.00000000,0.00000297,1.00000000,
0.01000000,29.00000000,0.04132140,27991.69393056,0.53001606,178395.98549062,alpha,seed,kish[0],relkish[0],test_kish[0],test_relkish[0],
inf,3.00000000,0.00000147,1.00000000,0.00000299,1.00000000,
0.01000000,3.00000000,0.04617895,31355.59884267,0.99947082,334820.72660197,alpha,seed,kish[0],relkish[0],test_kish[0],test_relkish[0],
inf,30.00000000,0.00000147,1.00000000,0.00000299,1.00000000,
0.01000000,30.00000000,0.00854387,5810.66275076,0.31417914,104905.35900140,alpha,seed,kish[0],relkish[0],test_kish[0],test_relkish[0],
inf,31.00000000,0.00000148,1.00000000,0.00000295,1.00000000,
0.01000000,31.00000000,0.00240070,1620.86451470,0.09657913,32724.48708043,alpha,seed,kish[0],relkish[0],test_kish[0],test_relkish[0],
inf,32.00000000,0.00000149,1.00000000,0.00000292,1.00000000,
0.01000000,32.00000000,0.03548920,23849.73282703,0.82887722,283452.79989868,alpha,seed,kish[0],relkish[0],test_kish[0],test_relkish[0],
inf,33.00000000,0.00000150,1.00000000,0.00000289,1.00000000,
0.01000000,33.00000000,0.01731302,11567.65753623,0.26175399,90528.14183140,alpha,seed,kish[0],relkish[0],test_kish[0],test_relkish[0],
inf,34.00000000,0.00000146,1.00000000,0.00000302,1.00000000,
0.01000000,34.00000000,0.02402644,16411.59660574,0.83078841,274937.79413725,alpha,seed,kish[0],relkish[0],test_kish[0],test_relkish[0],
inf,35.00000000,0.00000148,1.00000000,0.00000296,1.00000000,
0.01000000,35.00000000,0.01262607,8531.22002764,0.34348230,116205.89982957,alpha,seed,kish[0],relkish[0],test_kish[0],test_relkish[0],
inf,36.00000000,0.00000149,1.00000000,0.00000294,1.00000000,
0.01000000,36.00000000,0.01458488,9820.94440271,0.92129109,313823.99179768,alpha,seed,kish[0],relkish[0],test_kish[0],test_relkish[0],
inf,37.00000000,0.00000148,1.00000000,0.00000297,1.00000000,
0.01000000,37.00000000,0.01419832,9616.57740857,0.14773315,49741.16167872,alpha,seed,kish[0],relkish[0],test_kish[0],test_relkish[0],
inf,38.00000000,0.00000149,1.00000000,0.00000292,1.00000000,
0.01000000,38.00000000,0.04460920,29943.07605152,0.45143613,154738.31073680,alpha,seed,kish[0],relkish[0],test_kish[0],test_relkish[0],
inf,39.00000000,0.00000148,1.00000000,0.00000295,1.00000000,
0.01000000,39.00000000,0.00201874,1362.88665606,1.00000000,338883.99985537,alpha,seed,kish[0],relkish[0],test_kish[0],test_relkish[0],
inf,4.00000000,0.00000148,1.00000000,0.00000295,1.00000000,
0.01000000,4.00000000,0.03765210,25413.28543766,0.99999887,339049.61519610,alpha,seed,kish[0],relkish[0],test_kish[0],test_relkish[0],
inf,40.00000000,0.00000147,1.00000000,0.00000299,1.00000000,
0.01000000,40.00000000,0.02811035,19094.01376062,0.10403875,34826.76198588,alpha,seed,kish[0],relkish[0],test_kish[0],test_relkish[0],
inf,41.00000000,0.00000148,1.00000000,0.00000294,1.00000000,
0.01000000,41.00000000,0.03844584,25905.92296837,0.65090694,221419.66497999,alpha,seed,kish[0],relkish[0],test_kish[0],test_relkish[0],
inf,42.00000000,0.00000148,1.00000000,0.00000295,1.00000000,
0.01000000,42.00000000,0.01171608,7905.97441848,0.07717212,26177.01613287,alpha,seed,kish[0],relkish[0],test_kish[0],test_relkish[0],
inf,43.00000000,0.00000148,1.00000000,0.00000294,1.00000000,
0.01000000,43.00000000,0.03291383,22167.72963424,0.37078671,126249.90729944,alpha,seed,kish[0],relkish[0],test_kish[0],test_relkish[0],
inf,44.00000000,0.00000148,1.00000000,0.00000295,1.00000000,
0.01000000,44.00000000,0.03382422,22833.51364487,0.99877712,338521.52038156,alpha,seed,kish[0],relkish[0],test_kish[0],test_relkish[0],
inf,45.00000000,0.00000149,1.00000000,0.00000291,1.00000000,
0.01000000,45.00000000,0.00072599,486.67685038,0.00191284,657.31811860,alpha,seed,kish[0],relkish[0],test_kish[0],test_relkish[0],
inf,46.00000000,0.00000147,1.00000000,0.00000298,1.00000000,
0.01000000,46.00000000,0.03663023,24851.78267128,0.63415775,212791.63410504,alpha,seed,kish[0],relkish[0],test_kish[0],test_relkish[0],
inf,47.00000000,0.00000147,1.00000000,0.00000298,1.00000000,
0.01000000,47.00000000,0.01320245,8955.09087762,0.84332075,283111.20949487,alpha,seed,kish[0],relkish[0],test_kish[0],test_relkish[0],
inf,48.00000000,0.00000148,1.00000000,0.00000297,1.00000000,
0.01000000,48.00000000,0.05338084,36163.16919098,0.92593960,311619.41733639,alpha,seed,kish[0],relkish[0],test_kish[0],test_relkish[0],
inf,49.00000000,0.00000148,1.00000000,0.00000294,1.00000000,
0.01000000,49.00000000,0.00207632,1399.23540702,0.00952741,3240.25329123,alpha,seed,kish[0],relkish[0],test_kish[0],test_relkish[0],
inf,5.00000000,0.00000148,1.00000000,0.00000295,1.00000000,
0.01000000,5.00000000,0.01753518,11838.65170963,0.54049192,183152.71262338,alpha,seed,kish[0],relkish[0],test_kish[0],test_relkish[0],
inf,50.00000000,0.00000149,1.00000000,0.00000291,1.00000000,
0.01000000,50.00000000,0.01371703,9191.37286836,0.26909715,92550.58188990,alpha,seed,kish[0],relkish[0],test_kish[0],test_relkish[0],
inf,6.00000000,0.00000150,1.00000000,0.00000290,1.00000000,
0.01000000,6.00000000,0.06136646,41029.36782226,0.54170462,187106.94230546,alpha,seed,kish[0],relkish[0],test_kish[0],test_relkish[0],
inf,7.00000000,0.00000149,1.00000000,0.00000291,1.00000000,
0.01000000,7.00000000,0.03744169,25107.65035373,0.50334299,172858.04927186,alpha,seed,kish[0],relkish[0],test_kish[0],test_relkish[0],
inf,8.00000000,0.00000148,1.00000000,0.00000296,1.00000000,
0.01000000,8.00000000,0.06158290,41623.26514503,1.00000000,338110.00000000,alpha,seed,kish[0],relkish[0],test_kish[0],test_relkish[0],
inf,9.00000000,0.00000148,1.00000000,0.00000294,1.00000000,
0.01000000,9.00000000,0.03681216,24804.69787952,0.48286023,164260.35947384,
0.10000000,1.00000000,0.00086659,587.91034572,0.00095404,320.15888531,
0.10000000,10.00000000,0.00113500,767.01220374,0.00318046,1075.69610157,
0.10000000,11.00000000,0.00285841,1934.92128773,0.01326902,4472.69511114,
0.10000000,12.00000000,0.00183800,1245.05486895,0.08148137,27426.87400816,
0.10000000,13.00000000,0.00337650,2274.46667769,0.00244369,831.79171109,
0.10000000,14.00000000,0.00138876,939.31427967,1.00000000,337630.00000000,
0.10000000,15.00000000,0.00252978,1711.63810782,0.02909284,9816.07041753,
0.10000000,16.00000000,0.00467767,3152.11981868,0.02106841,7166.08166356,
0.10000000,17.00000000,0.00292596,1981.65194036,0.02038883,6865.61252400,
0.10000000,18.00000000,0.00512862,3459.61370965,1.00000000,339429.99999839,
0.10000000,19.00000000,0.00333670,2249.01496800,1.00000000,339976.99987431,
0.10000000,2.00000000,0.00232008,1570.51331075,0.01292642,4357.19880222,
0.10000000,20.00000000,0.00053992,365.74629259,0.00199143,670.30765385,
0.10000000,21.00000000,0.00200600,1354.58580796,1.00000000,338731.99995630,
0.10000000,22.00000000,0.00544601,3691.11616119,0.00795554,2674.93208574,
0.10000000,23.00000000,0.00313739,2128.75776378,0.02064616,6926.53762165,
0.10000000,24.00000000,0.00327301,2205.56375415,0.02915257,9915.81084210,
0.10000000,25.00000000,0.00781813,5314.09404117,0.00759430,2538.66942223,
0.10000000,26.00000000,0.00262847,1779.82182849,0.00265370,893.94617047,
0.10000000,27.00000000,0.00206748,1401.74199674,0.00977050,3282.91721334,
0.10000000,28.00000000,0.00189669,1282.31544019,0.02557597,8642.65758088,
0.10000000,29.00000000,0.00317597,2151.44726435,0.00647862,2180.61259003,
0.10000000,3.00000000,0.00358527,2434.40395409,0.07478819,25053.89556077,
0.10000000,30.00000000,0.00128292,872.51194986,0.00078158,260.97117798,
0.10000000,31.00000000,0.00087243,589.03352288,0.02893945,9805.72598324,
0.10000000,32.00000000,0.00194531,1307.30251986,0.03199701,10942.08157090,
0.10000000,33.00000000,0.00208076,1390.25709791,0.95046923,328721.68461165,
0.10000000,34.00000000,0.00218524,1492.66209627,0.01569565,5194.25587164,
0.10000000,35.00000000,0.00208362,1407.86928813,0.02598502,8791.17533947,
0.10000000,36.00000000,0.00149419,1006.13623218,0.89435619,304649.01984385,
0.10000000,37.00000000,0.00284015,1923.64180489,0.00234938,791.02761045,
0.10000000,38.00000000,0.00351054,2356.38209763,0.01517918,5202.95234701,
0.10000000,39.00000000,0.00138543,935.32274120,0.99998973,338880.51897466,
0.10000000,4.00000000,0.00502979,3394.85887870,0.42729702,144875.05393687,
0.10000000,40.00000000,0.00167732,1139.32557804,0.00202787,678.82704283,
0.10000000,41.00000000,0.00273961,1846.02656826,0.01732570,5893.70057878,
0.10000000,42.00000000,0.00175723,1185.77109164,0.00383538,1300.97155630,
0.10000000,43.00000000,0.00811027,5462.33418794,0.98524926,335469.49019306,
0.10000000,44.00000000,0.00185267,1250.66791706,0.00445832,1511.08556730,
0.10000000,45.00000000,0.00042749,286.57706573,0.00084988,292.04860759,
0.10000000,46.00000000,0.00340593,2310.75128078,0.01478527,4961.19804038,
0.10000000,47.00000000,0.00291482,1977.09089835,0.04807447,16139.07916853,
0.10000000,48.00000000,0.00416401,2820.93520895,0.01000266,3366.33451737,
0.10000000,49.00000000,0.00072083,485.76706955,0.00214280,728.76357453,
0.10000000,5.00000000,0.00175048,1181.81419019,0.00388795,1317.48196738,
0.10000000,50.00000000,0.00148294,993.67281355,0.00505078,1737.11334250,
0.10000000,6.00000000,0.00096331,644.06475679,0.00449257,1551.75112755,
0.10000000,7.00000000,0.00236202,1583.92667143,0.02232597,7667.18410587,
0.10000000,8.00000000,0.00660272,4462.71358788,1.00000000,338109.99844699,
0.10000000,9.00000000,0.00202632,1365.37395188,0.00913519,3107.62727894,
1000000.00000000,1.00000000,0.00000147,1.00000000,0.00000298,1.00000000,
1000000.00000000,10.00000000,0.00000148,1.00000000,0.00000296,1.00000000,
1000000.00000000,11.00000000,0.00000148,1.00000000,0.00000297,1.00000000,
1000000.00000000,12.00000000,0.00000148,1.00000000,0.00000297,1.00000000,
1000000.00000000,13.00000000,0.00000148,1.00000000,0.00000294,1.00000000,
1000000.00000000,14.00000000,0.00000148,1.00000000,0.00000296,1.00000000,
1000000.00000000,15.00000000,0.00000148,1.00000000,0.00000296,1.00000000,
1000000.00000000,16.00000000,0.00000148,1.00000000,0.00000294,1.00000000,
1000000.00000000,17.00000000,0.00000148,1.00000000,0.00000297,1.00000000,
1000000.00000000,18.00000000,0.00000148,1.00000000,0.00000295,1.00000000,
1000000.00000000,19.00000000,0.00000148,1.00000000,0.00000294,1.00000000,
1000000.00000000,2.00000000,0.00000148,1.00000000,0.00000297,1.00000000,
1000000.00000000,20.00000000,0.00000148,1.00000000,0.00000297,1.00000000,
1000000.00000000,21.00000000,0.00000148,1.00000000,0.00000295,1.00000000,
1000000.00000000,22.00000000,0.00000148,1.00000000,0.00000297,1.00000000,
1000000.00000000,23.00000000,0.00000147,1.00000000,0.00000298,1.00000000,
1000000.00000000,24.00000000,0.00000148,1.00000000,0.00000294,1.00000000,
1000000.00000000,25.00000000,0.00000147,1.00000000,0.00000299,1.00000000,
1000000.00000000,26.00000000,0.00000148,1.00000000,0.00000297,1.00000000,
1000000.00000000,27.00000000,0.00000147,1.00000000,0.00000298,1.00000000,
1000000.00000000,28.00000000,0.00000148,1.00000000,0.00000296,1.00000000,
1000000.00000000,29.00000000,0.00000148,1.00000000,0.00000297,1.00000000,
1000000.00000000,3.00000000,0.00000147,1.00000000,0.00000299,1.00000000,
1000000.00000000,30.00000000,0.00000147,1.00000000,0.00000299,1.00000000,
1000000.00000000,31.00000000,0.00000148,1.00000000,0.00000295,1.00000000,
1000000.00000000,32.00000000,0.00000149,1.00000000,0.00000292,1.00000000,
1000000.00000000,33.00000000,0.00000150,1.00000000,0.00000289,1.00000000,
1000000.00000000,34.00000000,0.00000146,1.00000000,0.00000302,1.00000000,
1000000.00000000,35.00000000,0.00000148,1.00000000,0.00000296,1.00000000,
1000000.00000000,36.00000000,0.00000149,1.00000000,0.00000294,1.00000000,
1000000.00000000,37.00000000,0.00000148,1.00000000,0.00000297,1.00000000,
1000000.00000000,38.00000000,0.00000149,1.00000000,0.00000292,1.00000000,
1000000.00000000,39.00000000,0.00000148,1.00000000,0.00000295,1.00000000,
1000000.00000000,4.00000000,0.00000148,1.00000000,0.00000295,1.00000000,
1000000.00000000,40.00000000,0.00000147,1.00000000,0.00000299,1.00000000,
1000000.00000000,41.00000000,0.00000148,1.00000000,0.00000294,1.00000000,
1000000.00000000,42.00000000,0.00000148,1.00000000,0.00000295,1.00000000,
1000000.00000000,43.00000000,0.00000148,1.00000000,0.00000294,1.00000000,
1000000.00000000,44.00000000,0.00000148,1.00000000,0.00000295,1.00000000,
1000000.00000000,45.00000000,0.00000149,1.00000000,0.00000291,1.00000000,
1000000.00000000,46.00000000,0.00000147,1.00000000,0.00000298,1.00000000,
1000000.00000000,47.00000000,0.00000147,1.00000000,0.00000298,1.00000000,
1000000.00000000,48.00000000,0.00000148,1.00000000,0.00000297,1.00000000,
1000000.00000000,49.00000000,0.00000148,1.00000000,0.00000294,1.00000000,
1000000.00000000,5.00000000,0.00000148,1.00000000,0.00000295,1.00000000,
1000000.00000000,50.00000000,0.00000149,1.00000000,0.00000291,1.00000000,
1000000.00000000,6.00000000,0.00000150,1.00000000,0.00000290,1.00000000,
1000000.00000000,7.00000000,0.00000149,1.00000000,0.00000291,1.00000000,
1000000.00000000,8.00000000,0.00000148,1.00000000,0.00000296,1.00000000,
1000000.00000000,9.00000000,0.00000148,1.00000000,0.00000294,1.00000000,
100000.00000000,1.00000000,0.00000147,1.00000002,0.00000298,1.00000002,
100000.00000000,10.00000000,0.00000148,1.00000001,0.00000296,1.00000001,
100000.00000000,11.00000000,0.00000148,1.00000002,0.00000297,1.00000002,
100000.00000000,12.00000000,0.00000148,1.00000002,0.00000297,1.00000002,
100000.00000000,13.00000000,0.00000148,1.00000002,0.00000294,1.00000002,
100000.00000000,14.00000000,0.00000148,1.00000002,0.00000296,1.00000002,
100000.00000000,15.00000000,0.00000148,1.00000002,0.00000296,1.00000002,
100000.00000000,16.00000000,0.00000148,1.00000001,0.00000294,1.00000001,
100000.00000000,17.00000000,0.00000148,1.00000003,0.00000297,1.00000003,
100000.00000000,18.00000000,0.00000148,1.00000002,0.00000295,1.00000002,
100000.00000000,19.00000000,0.00000148,1.00000002,0.00000294,1.00000002,
100000.00000000,2.00000000,0.00000148,1.00000002,0.00000297,1.00000003,
100000.00000000,20.00000000,0.00000148,1.00000001,0.00000297,1.00000001,
100000.00000000,21.00000000,0.00000148,1.00000002,0.00000295,1.00000002,
100000.00000000,22.00000000,0.00000148,1.00000003,0.00000297,1.00000003,
100000.00000000,23.00000000,0.00000147,1.00000002,0.00000298,1.00000002,
100000.00000000,24.00000000,0.00000148,1.00000003,0.00000294,1.00000003,
100000.00000000,25.00000000,0.00000147,1.00000003,0.00000299,1.00000003,
100000.00000000,26.00000000,0.00000148,1.00000001,0.00000297,1.00000001,
100000.00000000,27.00000000,0.00000147,1.00000003,0.00000298,1.00000003,
100000.00000000,28.00000000,0.00000148,1.00000002,0.00000296,1.00000002,
100000.00000000,29.00000000,0.00000148,1.00000002,0.00000297,1.00000002,
100000.00000000,3.00000000,0.00000147,1.00000003,0.00000299,1.00000003,
100000.00000000,30.00000000,0.00000147,1.00000002,0.00000299,1.00000002,
100000.00000000,31.00000000,0.00000148,1.00000002,0.00000295,1.00000002,
100000.00000000,32.00000000,0.00000149,1.00000003,0.00000292,1.00000003,
100000.00000000,33.00000000,0.00000150,1.00000003,0.00000289,1.00000003,
100000.00000000,34.00000000,0.00000146,1.00000003,0.00000302,1.00000003,
100000.00000000,35.00000000,0.00000148,1.00000001,0.00000296,1.00000001,
100000.00000000,36.00000000,0.00000149,1.00000003,0.00000294,1.00000003,
100000.00000000,37.00000000,0.00000148,1.00000002,0.00000297,1.00000002,
100000.00000000,38.00000000,0.00000149,1.00000002,0.00000292,1.00000002,
100000.00000000,39.00000000,0.00000148,1.00000003,0.00000295,1.00000003,
100000.00000000,4.00000000,0.00000148,1.00000002,0.00000295,1.00000002,
100000.00000000,40.00000000,0.00000147,1.00000003,0.00000299,1.00000003,
100000.00000000,41.00000000,0.00000148,1.00000003,0.00000294,1.00000003,
100000.00000000,42.00000000,0.00000148,1.00000002,0.00000295,1.00000002,
100000.00000000,43.00000000,0.00000148,1.00000003,0.00000294,1.00000003,
100000.00000000,44.00000000,0.00000148,1.00000002,0.00000295,1.00000003,
100000.00000000,45.00000000,0.00000149,1.00000002,0.00000291,1.00000002,
100000.00000000,46.00000000,0.00000147,1.00000003,0.00000298,1.00000003,
100000.00000000,47.00000000,0.00000147,1.00000003,0.00000298,1.00000003,
100000.00000000,48.00000000,0.00000148,1.00000002,0.00000297,1.00000002,
100000.00000000,49.00000000,0.00000148,1.00000001,0.00000294,1.00000001,
100000.00000000,5.00000000,0.00000148,1.00000002,0.00000295,1.00000002,
100000.00000000,50.00000000,0.00000149,1.00000002,0.00000291,1.00000002,
100000.00000000,6.00000000,0.00000150,1.00000003,0.00000290,1.00000003,
100000.00000000,7.00000000,0.00000149,1.00000002,0.00000291,1.00000002,
100000.00000000,8.00000000,0.00000148,1.00000003,0.00000296,1.00000003,
100000.00000000,9.00000000,0.00000148,1.00000002,0.00000294,1.00000002,
10000.00000000,1.00000000,0.00000147,1.00000245,0.00000298,1.00000244,
10000.00000000,10.00000000,0.00000148,1.00000117,0.00000296,1.00000117,
10000.00000000,11.00000000,0.00000148,1.00000238,0.00000297,1.00000233,
10000.00000000,12.00000000,0.00000148,1.00000173,0.00000297,1.00000173,
10000.00000000,13.00000000,0.00000148,1.00000178,0.00000294,1.00000177,
10000.00000000,14.00000000,0.00000148,1.00000156,0.00000296,1.00000155,
10000.00000000,15.00000000,0.00000148,1.00000245,0.00000296,1.00000246,
10000.00000000,16.00000000,0.00000148,1.00000146,0.00000294,1.00000147,
10000.00000000,17.00000000,0.00000148,1.00000264,0.00000297,1.00000267,
10000.00000000,18.00000000,0.00000148,1.00000235,0.00000295,1.00000248,
10000.00000000,19.00000000,0.00000148,1.00000227,0.00000294,1.00000225,
10000.00000000,2.00000000,0.00000148,1.00000243,0.00000297,1.00000250,
10000.00000000,20.00000000,0.00000148,1.00000092,0.00000297,1.00000092,
10000.00000000,21.00000000,0.00000148,1.00000177,0.00000295,1.00000176,
10000.00000000,22.00000000,0.00000148,1.00000309,0.00000297,1.00000308,
10000.00000000,23.00000000,0.00000147,1.00000236,0.00000298,1.00000236,
10000.00000000,24.00000000,0.00000148,1.00000281,0.00000294,1.00000284,
10000.00000000,25.00000000,0.00000147,1.00000287,0.00000299,1.00000288,
10000.00000000,26.00000000,0.00000148,1.00000128,0.00000297,1.00000128,
10000.00000000,27.00000000,0.00000147,1.00000291,0.00000298,1.00000294,
10000.00000000,28.00000000,0.00000148,1.00000163,0.00000296,1.00000162,
10000.00000000,29.00000000,0.00000148,1.00000188,0.00000297,1.00000194,
10000.00000000,3.00000000,0.00000147,1.00000283,0.00000299,1.00000279,
10000.00000000,30.00000000,0.00000147,1.00000220,0.00000299,1.00000221,
10000.00000000,31.00000000,0.00000148,1.00000231,0.00000295,1.00000227,
10000.00000000,32.00000000,0.00000149,1.00000253,0.00000292,1.00000262,
10000.00000000,33.00000000,0.00000150,1.00000281,0.00000289,1.00000283,
10000.00000000,34.00000000,0.00000146,1.00000273,0.00000302,1.00000265,
10000.00000000,35.00000000,0.00000148,1.00000085,0.00000296,1.00000084,
10000.00000000,36.00000000,0.00000149,1.00000309,0.00000294,1.00000315,
10000.00000000,37.00000000,0.00000148,1.00000173,0.00000297,1.00000173,
10000.00000000,38.00000000,0.00000149,1.00000181,0.00000292,1.00000180,
10000.00000000,39.00000000,0.00000148,1.00000264,0.00000295,1.00000264,
10000.00000000,4.00000000,0.00000148,1.00000231,0.00000295,1.00000220,
10000.00000000,40.00000000,0.00000147,1.00000295,0.00000299,1.00000282,
10000.00000000,41.00000000,0.00000148,1.00000294,0.00000294,1.00000293,
10000.00000000,42.00000000,0.00000148,1.00000218,0.00000295,1.00000219,
10000.00000000,43.00000000,0.00000148,1.00000263,0.00000294,1.00000270,
10000.00000000,44.00000000,0.00000148,1.00000248,0.00000295,1.00000252,
10000.00000000,45.00000000,0.00000149,1.00000163,0.00000291,1.00000160,
10000.00000000,46.00000000,0.00000147,1.00000261,0.00000298,1.00000268,
10000.00000000,47.00000000,0.00000147,1.00000271,0.00000298,1.00000263,
10000.00000000,48.00000000,0.00000148,1.00000209,0.00000297,1.00000207,
10000.00000000,49.00000000,0.00000148,1.00000099,0.00000294,1.00000099,
10000.00000000,5.00000000,0.00000148,1.00000225,0.00000295,1.00000223,
10000.00000000,50.00000000,0.00000149,1.00000210,0.00000291,1.00000205,
10000.00000000,6.00000000,0.00000150,1.00000277,0.00000290,1.00000280,
10000.00000000,7.00000000,0.00000149,1.00000241,0.00000291,1.00000237,
10000.00000000,8.00000000,0.00000148,1.00000276,0.00000296,1.00000283,
10000.00000000,9.00000000,0.00000148,1.00000221,0.00000294,1.00000219,
1000.00000000,1.00000000,0.00000147,1.00023250,0.00000298,1.00023183,
1000.00000000,10.00000000,0.00000148,1.00011253,0.00000296,1.00011275,
1000.00000000,11.00000000,0.00000148,1.00022455,0.00000297,1.00021971,
1000.00000000,12.00000000,0.00000148,1.00016821,0.00000297,1.00016813,
1000.00000000,13.00000000,0.00000148,1.00017176,0.00000294,1.00017103,
1000.00000000,14.00000000,0.00000148,1.00015072,0.00000296,1.00014983,
1000.00000000,15.00000000,0.00000148,1.00023061,0.00000296,1.00023174,
1000.00000000,16.00000000,0.00000148,1.00014166,0.00000294,1.00014228,
1000.00000000,17.00000000,0.00000148,1.00024821,0.00000297,1.00025083,
1000.00000000,18.00000000,0.00000148,1.00022007,0.00000295,1.00023112,
1000.00000000,19.00000000,0.00000148,1.00021573,0.00000294,1.00021392,
1000.00000000,2.00000000,0.00000148,1.00022729,0.00000297,1.00023364,
1000.00000000,20.00000000,0.00000148,1.00008949,0.00000297,1.00008956,
1000.00000000,21.00000000,0.00000148,1.00016694,0.00000295,1.00016608,
1000.00000000,22.00000000,0.00000148,1.00029297,0.00000297,1.00029230,
1000.00000000,23.00000000,0.00000147,1.00022308,0.00000298,1.00022332,
1000.00000000,24.00000000,0.00000148,1.00026694,0.00000294,1.00026901,
1000.00000000,25.00000000,0.00000147,1.00027133,0.00000299,1.00027196,
1000.00000000,26.00000000,0.00000148,1.00012346,0.00000297,1.00012382,
1000.00000000,27.00000000,0.00000148,1.00027636,0.00000298,1.00027897,
1000.00000000,28.00000000,0.00000148,1.00015789,0.00000296,1.00015676,
1000.00000000,29.00000000,0.00000148,1.00017468,0.00000297,1.00017988,
1000.00000000,3.00000000,0.00000147,1.00026830,0.00000299,1.00026377,
1000.00000000,30.00000000,0.00000147,1.00020711,0.00000300,1.00020731,
1000.00000000,31.00000000,0.00000148,1.00021834,0.00000295,1.00021489,
1000.00000000,32.00000000,0.00000149,1.00023874,0.00000292,1.00024722,
1000.00000000,33.00000000,0.00000150,1.00026598,0.00000289,1.00026710,
1000.00000000,34.00000000,0.00000146,1.00025802,0.00000302,1.00025157,
1000.00000000,35.00000000,0.00000148,1.00008242,0.00000296,1.00008188,
1000.00000000,36.00000000,0.00000149,1.00029343,0.00000294,1.00029911,
1000.00000000,37.00000000,0.00000148,1.00016741,0.00000297,1.00016746,
1000.00000000,38.00000000,0.00000149,1.00017498,0.00000292,1.00017437,
1000.00000000,39.00000000,0.00000148,1.00025183,0.00000295,1.00025170,
1000.00000000,4.00000000,0.00000148,1.00021652,0.00000295,1.00020630,
1000.00000000,40.00000000,0.00000147,1.00027981,0.00000299,1.00026775,
1000.00000000,41.00000000,0.00000148,1.00027770,0.00000294,1.00027713,
1000.00000000,42.00000000,0.00000148,1.00020574,0.00000295,1.00020607,
1000.00000000,43.00000000,0.00000149,1.00024884,0.00000294,1.00025519,
1000.00000000,44.00000000,0.00000148,1.00023463,0.00000295,1.00023866,
1000.00000000,45.00000000,0.00000149,1.00015253,0.00000291,1.00015021,
1000.00000000,46.00000000,0.00000147,1.00024746,0.00000298,1.00025342,
1000.00000000,47.00000000,0.00000147,1.00025621,0.00000298,1.00024897,
1000.00000000,48.00000000,0.00000148,1.00019603,0.00000297,1.00019516,
1000.00000000,49.00000000,0.00000148,1.00009620,0.00000294,1.00009638,
1000.00000000,5.00000000,0.00000148,1.00021195,0.00000295,1.00021025,
1000.00000000,50.00000000,0.00000149,1.00019776,0.00000291,1.00019349,
1000.00000000,6.00000000,0.00000150,1.00026228,0.00000290,1.00026525,
1000.00000000,7.00000000,0.00000149,1.00022637,0.00000291,1.00022261,
1000.00000000,8.00000000,0.00000148,1.00026219,0.00000296,1.00026788,
1000.00000000,9.00000000,0.00000148,1.00020620,0.00000294,1.00020442,
100.00000000,1.00000000,0.00000150,1.01601694,0.00000303,1.01587022,
100.00000000,10.00000000,0.00000149,1.00829160,0.00000298,1.00822563,
100.00000000,11.00000000,0.00000150,1.01511419,0.00000301,1.01490605,
100.00000000,12.00000000,0.00000150,1.01314151,0.00000301,1.01309723,
100.00000000,13.00000000,0.00000150,1.01270256,0.00000297,1.01258989,
100.00000000,14.00000000,0.00000149,1.01113598,0.00000299,1.01108756,
100.00000000,15.00000000,0.00000150,1.01530990,0.00000301,1.01540974,
100.00000000,16.00000000,0.00000150,1.01086118,0.00000297,1.01092361,
100.00000000,17.00000000,0.00000150,1.01614128,0.00000302,1.01617680,
100.00000000,18.00000000,0.00000150,1.01409128,0.00000299,1.01465145,
100.00000000,19.00000000,0.00000151,1.01506678,0.00000299,1.01499317,
100.00000000,2.00000000,0.00000150,1.01456368,0.00000301,1.01485408,
100.00000000,20.00000000,0.00000149,1.00749201,0.00000299,1.00748274,
100.00000000,21.00000000,0.00000150,1.01097070,0.00000298,1.01098255,
100.00000000,22.00000000,0.00000151,1.02012296,0.00000303,1.02022710,
100.00000000,23.00000000,0.00000150,1.01520052,0.00000303,1.01520356,
100.00000000,24.00000000,0.00000151,1.01806823,0.00000299,1.01819282,
100.00000000,25.00000000,0.00000150,1.01835401,0.00000305,1.01829369,
100.00000000,26.00000000,0.00000149,1.00941337,0.00000300,1.00946951,
100.00000000,27.00000000,0.00000150,1.01888571,0.00000303,1.01890919,
100.00000000,28.00000000,0.00000150,1.01231573,0.00000300,1.01213659,
100.00000000,29.00000000,0.00000149,1.01057361,0.00000300,1.01084377,
100.00000000,3.00000000,0.00000150,1.01822387,0.00000304,1.01786162,
100.00000000,30.00000000,0.00000149,1.01385045,0.00000304,1.01377495,
100.00000000,31.00000000,0.00000150,1.01499436,0.00000300,1.01481610,
100.00000000,32.00000000,0.00000151,1.01621364,0.00000297,1.01677969,
100.00000000,33.00000000,0.00000152,1.01780974,0.00000294,1.01787719,
100.00000000,34.00000000,0.00000149,1.01741023,0.00000307,1.01703800,
100.00000000,35.00000000,0.00000149,1.00661191,0.00000298,1.00659161,
100.00000000,36.00000000,0.00000152,1.02028870,0.00000300,1.02060301,
100.00000000,37.00000000,0.00000150,1.01260762,0.00000301,1.01260105,
100.00000000,38.00000000,0.00000151,1.01335119,0.00000296,1.01331992,
100.00000000,39.00000000,0.00000151,1.01773887,0.00000300,1.01780124,
100.00000000,4.00000000,0.00000150,1.01379072,0.00000299,1.01332971,
100.00000000,40.00000000,0.00000150,1.01934793,0.00000304,1.01865948,
100.00000000,41.00000000,0.00000151,1.01858101,0.00000299,1.01865023,
100.00000000,42.00000000,0.00000150,1.01371070,0.00000299,1.01378254,
100.00000000,43.00000000,0.00000151,1.01707783,0.00000299,1.01738979,
100.00000000,44.00000000,0.00000150,1.01595055,0.00000300,1.01619089,
100.00000000,45.00000000,0.00000151,1.00994580,0.00000294,1.00985036,
100.00000000,46.00000000,0.00000150,1.01685389,0.00000303,1.01717259,
100.00000000,47.00000000,0.00000150,1.01740891,0.00000303,1.01707782,
100.00000000,48.00000000,0.00000150,1.01312808,0.00000301,1.01317479,
100.00000000,49.00000000,0.00000150,1.00787182,0.00000296,1.00789154,
100.00000000,5.00000000,0.00000150,1.01408597,0.00000299,1.01411747,
100.00000000,50.00000000,0.00000151,1.01283209,0.00000294,1.01270324,
100.00000000,6.00000000,0.00000152,1.01797483,0.00000295,1.01807749,
100.00000000,7.00000000,0.00000151,1.01505992,0.00000296,1.01483023,
100.00000000,8.00000000,0.00000151,1.01791365,0.00000301,1.01814049,
100.00000000,9.00000000,0.00000150,1.01261747,0.00000298,1.01255449,
10.00000000,1.00000000,0.00000255,1.73224758,0.00000456,1.53169991,
10.00000000,10.00000000,0.00000240,1.62073335,0.00000410,1.38666140,
10.00000000,11.00000000,0.00000256,1.72993645,0.00000672,2.26395738,
10.00000000,12.00000000,0.00000268,1.81852466,0.00000644,2.16823360,
10.00000000,13.00000000,0.00000211,1.42100427,0.00000395,1.34545953,
10.00000000,14.00000000,0.00000195,1.31920041,0.00000415,1.40248540,
10.00000000,15.00000000,0.00000272,1.83907057,0.00000601,2.02692730,
10.00000000,16.00000000,0.00000231,1.55880307,0.00000571,1.94242293,
10.00000000,17.00000000,0.00000268,1.81782004,0.00000590,1.98651934,
10.00000000,18.00000000,0.00000267,1.80072564,0.00000522,1.77047170,
10.00000000,19.00000000,0.00000248,1.67478781,0.00000610,2.07506370,
10.00000000,2.00000000,0.00000268,1.81459910,0.00000600,2.02233402,
10.00000000,20.00000000,0.00000239,1.61669588,0.00000429,1.44485567,
10.00000000,21.00000000,0.00000220,1.48829438,0.00000600,2.03132607,
10.00000000,22.00000000,0.00000283,1.91805590,0.00000711,2.39103187,
10.00000000,23.00000000,0.00000254,1.72506854,0.00000494,1.65804078,
10.00000000,24.00000000,0.00000268,1.80485727,0.00000479,1.62797330,
10.00000000,25.00000000,0.00000244,1.65962342,0.00000467,1.56276208,
10.00000000,26.00000000,0.00000274,1.85471429,0.00000621,2.09354901,
10.00000000,27.00000000,0.00000255,1.72616010,0.00000488,1.63813205,
10.00000000,28.00000000,0.00000244,1.65298177,0.00000462,1.55987582,
10.00000000,29.00000000,0.00000235,1.59060270,0.00000525,1.76817488,
10.00000000,3.00000000,0.00000254,1.72446259,0.00000455,1.52536283,
10.00000000,30.00000000,0.00000311,2.11346515,0.00000486,1.62310214,
10.00000000,31.00000000,0.00000290,1.95544171,0.00000497,1.68410522,
10.00000000,32.00000000,0.00000302,2.02895983,0.00000548,1.87275737,
10.00000000,33.00000000,0.00000245,1.63672062,0.00000539,1.86289375,
10.00000000,34.00000000,0.00000235,1.60723377,0.00000455,1.50459675,
10.00000000,35.00000000,0.00000224,1.51063173,0.00000769,2.60276849,
10.00000000,36.00000000,0.00000259,1.74588212,0.00000643,2.18954783,
10.00000000,37.00000000,0.00000230,1.55462527,0.00000428,1.44092731,
10.00000000,38.00000000,0.00000228,1.53205598,0.00000426,1.45937440,
10.00000000,39.00000000,0.00000263,1.77546629,0.00000624,2.11482079,
10.00000000,4.00000000,0.00000227,1.53240423,0.00000419,1.42162890,
10.00000000,40.00000000,0.00000300,2.03527364,0.00000523,1.75196395,
10.00000000,41.00000000,0.00000230,1.55315904,0.00000447,1.52189689,
10.00000000,42.00000000,0.00000245,1.65071971,0.00000458,1.55480140,
10.00000000,43.00000000,0.00000254,1.71281227,0.00000518,1.76446464,
10.00000000,44.00000000,0.00000247,1.66608528,0.00000630,2.13597252,
10.00000000,45.00000000,0.00000216,1.44640770,0.00000479,1.64558414,
10.00000000,46.00000000,0.00000265,1.79743314,0.00000488,1.63636473,
10.00000000,47.00000000,0.00000252,1.71213045,0.00000489,1.64252317,
10.00000000,48.00000000,0.00000267,1.80714338,0.00000505,1.69972644,
10.00000000,49.00000000,0.00000259,1.74750570,0.00000469,1.59493650,
10.00000000,5.00000000,0.00000272,1.83373610,0.00000473,1.60397721,
10.00000000,50.00000000,0.00000233,1.56040463,0.00000405,1.39310247,
10.00000000,6.00000000,0.00000244,1.62956426,0.00000610,2.10683066,
10.00000000,7.00000000,0.00000281,1.88489765,0.00000491,1.68523270,
10.00000000,8.00000000,0.00000250,1.69284350,0.00000493,1.66583257,
10.00000000,9.00000000,0.00000192,1.29281727,0.00000379,1.28867999,
1.00000000,1.00000000,0.00016268,110.36402175,0.00003778,12.67862674,
1.00000000,10.00000000,0.00013369,90.34682441,0.00004550,15.38924287,
1.00000000,11.00000000,0.00014175,95.95208601,0.00011110,37.45097197,
1.00000000,12.00000000,0.00016881,114.35401176,0.00109895,369.91004051,
1.00000000,13.00000000,0.00016606,111.86024179,0.00002714,9.23840086,
1.00000000,14.00000000,0.00005450,36.86507327,0.99999823,337629.40337295,
1.00000000,15.00000000,0.00004882,33.03163381,0.00010099,34.07416094,
1.00000000,16.00000000,0.00022653,152.64884118,0.00017112,58.20312799,
1.00000000,17.00000000,0.00014485,98.10416719,0.00121095,407.76792556,
1.00000000,18.00000000,0.00015151,102.20287536,0.99999803,339429.33122265,
1.00000000,19.00000000,0.00018629,125.56430642,0.99755388,339145.37494630,
1.00000000,2.00000000,0.00014766,99.95506649,0.00021742,73.28574089,
1.00000000,20.00000000,0.00015358,104.03890281,0.00007281,24.50707188,
1.00000000,21.00000000,0.00018761,126.68837484,0.99974212,338644.64889300,
1.00000000,22.00000000,0.00009859,66.82172764,0.00008171,27.47315353,
1.00000000,23.00000000,0.00015970,108.35687386,0.00027602,92.60298772,
1.00000000,24.00000000,0.00016730,112.74002212,0.00015678,53.32726776,
1.00000000,25.00000000,0.00009050,61.51683540,0.00018461,61.71416907,
1.00000000,26.00000000,0.00016677,112.92837927,0.00011276,37.98475861,
1.00000000,27.00000000,0.00005332,36.15153509,0.00009041,30.37746006,
1.00000000,28.00000000,0.00003455,23.35905811,0.00005082,17.17222333,
1.00000000,29.00000000,0.00014587,98.81751260,0.00010396,34.99070586,
1.00000000,3.00000000,0.00003150,21.38715958,0.00010178,34.09678153,
1.00000000,30.00000000,0.00020380,138.60504455,0.00010281,34.33017798,
1.00000000,31.00000000,0.00005985,40.41120543,0.00011461,38.83469850,
1.00000000,32.00000000,0.00003267,21.95628193,0.00004221,14.43505514,
1.00000000,33.00000000,0.00028052,187.42673152,0.88814372,307166.28065051,
1.00000000,34.00000000,0.00014088,96.22701323,0.00008783,29.06560233,
1.00000000,35.00000000,0.00015160,102.43626243,0.00008675,29.35026967,
1.00000000,36.00000000,0.00018805,126.62676794,0.83747857,285274.51374009,
1.00000000,37.00000000,0.00015146,102.58628914,0.00004661,15.69202288,
1.00000000,38.00000000,0.00017206,115.48944775,0.00007445,25.51850149,
1.00000000,39.00000000,0.00030243,204.17692517,0.98508462,333829.41611429,
1.00000000,4.00000000,0.00003762,25.38834926,0.00010167,34.46955786,
1.00000000,40.00000000,0.00017246,117.14593201,0.00007076,23.68681834,
1.00000000,41.00000000,0.00016554,111.54374515,0.00009717,33.05384796,
1.00000000,42.00000000,0.00017736,119.68237966,0.00006782,23.00377425,
1.00000000,43.00000000,0.00025224,169.88426226,0.89197839,303711.50565515,
1.00000000,44.00000000,0.00015166,102.38231516,0.00008072,27.35816369,
1.00000000,45.00000000,0.00003462,23.20541177,0.00006404,22.00703293,
1.00000000,46.00000000,0.00004639,31.47130484,0.00005910,19.83061098,
1.00000000,47.00000000,0.00016018,108.64603038,0.00022004,73.86798899,
1.00000000,48.00000000,0.00005851,39.63611680,0.00008483,28.54954465,
1.00000000,49.00000000,0.00002790,18.80128194,0.00004411,15.00254327,
1.00000000,5.00000000,0.00002353,15.88736551,0.00003061,10.37381665,
1.00000000,50.00000000,0.00014890,99.77551963,0.00002722,9.36176398,
1.00000000,6.00000000,0.00004796,32.06752370,0.00027597,95.32117927,
1.00000000,7.00000000,0.00016717,112.09793100,0.00013145,45.14398530,
1.00000000,8.00000000,0.00022081,149.24579426,0.99452541,336258.98547746,
1.00000000,9.00000000,0.00001604,10.80931388,0.00002452,8.34157708,
20.00000000,1.00000000,0.00000182,1.23367244,0.00000358,1.20176175,
20.00000000,10.00000000,0.00000171,1.15477138,0.00000334,1.12823959,
20.00000000,11.00000000,0.00000180,1.21985785,0.00000370,1.24658074,
20.00000000,12.00000000,0.00000180,1.21955761,0.00000372,1.25351115,
20.00000000,13.00000000,0.00000170,1.14696667,0.00000336,1.14294986,
20.00000000,14.00000000,0.00000167,1.12849831,0.00000334,1.12902340,
20.00000000,15.00000000,0.00000185,1.24961777,0.00000375,1.26413748,
20.00000000,16.00000000,0.00000171,1.15449340,0.00000343,1.16775526,
20.00000000,17.00000000,0.00000183,1.24000227,0.00000365,1.23071873,
20.00000000,18.00000000,0.00000183,1.23157896,0.00000362,1.22711858,
20.00000000,19.00000000,0.00000182,1.22931104,0.00000374,1.27148267,
20.00000000,2.00000000,0.00000181,1.22596597,0.00000374,1.26207243,
20.00000000,20.00000000,0.00000173,1.16980389,0.00000340,1.14606506,
20.00000000,21.00000000,0.00000170,1.14695389,0.00000346,1.17324606,
20.00000000,22.00000000,0.00000192,1.30340277,0.00000389,1.30840705,
20.00000000,23.00000000,0.00000181,1.22999058,0.00000363,1.21862991,
20.00000000,24.00000000,0.00000181,1.22278554,0.00000358,1.21722973,
20.00000000,25.00000000,0.00000180,1.22670164,0.00000362,1.21155809,
20.00000000,26.00000000,0.00000176,1.19364682,0.00000364,1.22473789,
20.00000000,27.00000000,0.00000182,1.23550193,0.00000365,1.22558158,
20.00000000,28.00000000,0.00000179,1.20923822,0.00000353,1.19313935,
20.00000000,29.00000000,0.00000172,1.16853681,0.00000353,1.18687595,
20.00000000,3.00000000,0.00000185,1.25525995,0.00000361,1.21005073,
20.00000000,30.00000000,0.00000185,1.25722066,0.00000363,1.21040812,
20.00000000,31.00000000,0.00000185,1.25193095,0.00000361,1.22451279,
20.00000000,32.00000000,0.00000187,1.26004397,0.00000380,1.29903342,
20.00000000,33.00000000,0.00000181,1.20989514,0.00000348,1.20334451,
20.00000000,34.00000000,0.00000179,1.22488976,0.00000364,1.20440069,
20.00000000,35.00000000,0.00000164,1.10846354,0.00000339,1.14737793,
20.00000000,36.00000000,0.00000189,1.27446274,0.00000384,1.30873074,
20.00000000,37.00000000,0.00000175,1.18824007,0.00000351,1.18204857,
20.00000000,38.00000000,0.00000174,1.16927947,0.00000341,1.16948237,
20.00000000,39.00000000,0.00000187,1.25977129,0.00000388,1.31384687,
20.00000000,4.00000000,0.00000173,1.16685614,0.00000341,1.15571136,
20.00000000,40.00000000,0.00000192,1.30644625,0.00000375,1.25494153,
20.00000000,41.00000000,0.00000179,1.20439307,0.00000354,1.20584303,
20.00000000,42.00000000,0.00000175,1.18000001,0.00000347,1.17712991,
20.00000000,43.00000000,0.00000182,1.22857199,0.00000359,1.22112994,
20.00000000,44.00000000,0.00000179,1.20680123,0.00000364,1.23466082,
20.00000000,45.00000000,0.00000170,1.13747394,0.00000334,1.14905060,
20.00000000,46.00000000,0.00000181,1.22743425,0.00000364,1.22122059,
20.00000000,47.00000000,0.00000183,1.24452524,0.00000368,1.23511386,
20.00000000,48.00000000,0.00000181,1.22685542,0.00000366,1.23229649,
20.00000000,49.00000000,0.00000175,1.17788464,0.00000344,1.16893725,
20.00000000,5.00000000,0.00000181,1.22107530,0.00000358,1.21220677,
20.00000000,50.00000000,0.00000176,1.17850276,0.00000338,1.16317137,
20.00000000,6.00000000,0.00000183,1.22223086,0.00000360,1.24343188,
20.00000000,7.00000000,0.00000187,1.25326635,0.00000359,1.23342600,
20.00000000,8.00000000,0.00000182,1.23066664,0.00000361,1.21896896,
20.00000000,9.00000000,0.00000167,1.12433848,0.00000330,1.12336453,
2.00000000,1.00000000,0.00009931,67.37232454,0.00001631,5.47337481,
2.00000000,10.00000000,0.00007184,48.54588737,0.00001356,4.58499863,
2.00000000,11.00000000,0.00007802,52.81449425,0.00005199,17.52614056,
2.00000000,12.00000000,0.00010250,69.43019337,0.00016233,54.64239157,
2.00000000,13.00000000,0.00009565,64.42912983,0.00001073,3.65352448,
2.00000000,14.00000000,0.00000813,5.49923101,0.99913972,337339.54307678,
2.00000000,15.00000000,0.00001301,8.80447481,0.00002854,9.62852094,
2.00000000,16.00000000,0.00009478,63.86657511,0.00006981,23.74334343,
2.00000000,17.00000000,0.00007817,52.94358830,0.00009300,31.31634948,
2.00000000,18.00000000,0.00001667,11.24708886,0.99896260,339077.87485627,
2.00000000,19.00000000,0.00004119,27.76170705,0.92369684,314035.68042525,
2.00000000,2.00000000,0.00007875,53.30793466,0.00005218,17.58990391,
2.00000000,20.00000000,0.00008317,56.33649319,0.00002225,7.48996011,
2.00000000,21.00000000,0.00003152,21.28212653,0.98395238,333296.15924563,
2.00000000,22.00000000,0.00001515,10.26582870,0.00003328,11.18985509,
2.00000000,23.00000000,0.00008100,54.95841613,0.00004438,14.88891639,
2.00000000,24.00000000,0.00008878,59.82734758,0.00002585,8.79325154,
2.00000000,25.00000000,0.00001509,10.25361492,0.00003719,12.43163035,
2.00000000,26.00000000,0.00008746,59.21876158,0.00006209,20.91779335,
2.00000000,27.00000000,0.00001563,10.59893278,0.00002567,8.62550864,
2.00000000,28.00000000,0.00001108,7.49100203,0.00001672,5.64891740,
2.00000000,29.00000000,0.00008068,54.65299479,0.00003145,10.58709805,
2.00000000,3.00000000,0.00001105,7.50159097,0.00002183,7.31208453,
2.00000000,30.00000000,0.00011075,75.32383087,0.00003052,10.18914417,
2.00000000,31.00000000,0.00001890,12.75979756,0.00002933,9.93802345,
2.00000000,32.00000000,0.00001518,10.20114330,0.00001670,5.70998415,
2.00000000,33.00000000,0.00010011,66.89044790,0.74432625,257426.72218149,
2.00000000,34.00000000,0.00007495,51.19479976,0.00001964,6.49979619,
2.00000000,35.00000000,0.00007664,51.78246429,0.00004477,15.14767007,
2.00000000,36.00000000,0.00007538,50.75563630,0.66079221,225088.95325063,
2.00000000,37.00000000,0.00007911,53.58412457,0.00001329,4.47413918,
2.00000000,38.00000000,0.00009992,67.06619131,0.00002146,7.35715977,
2.00000000,39.00000000,0.00006009,40.56948166,0.89245972,302440.32005873,
2.00000000,4.00000000,0.00000963,6.49965792,0.00001840,6.23805313,
2.00000000,40.00000000,0.00009025,61.30454423,0.00002572,8.60931813,
2.00000000,41.00000000,0.00008649,58.27766630,0.00002321,7.89522429,
2.00000000,42.00000000,0.00008320,56.14484491,0.00002364,8.01841872,
2.00000000,43.00000000,0.00008176,55.06736289,0.70829299,241168.09794784,
2.00000000,44.00000000,0.00008640,58.32727976,0.00004088,13.85644229,
2.00000000,45.00000000,0.00001091,7.31043494,0.00002156,7.41004280,
2.00000000,46.00000000,0.00001263,8.56716245,0.00001868,6.26788072,
2.00000000,47.00000000,0.00007515,50.97323194,0.00002910,9.76846345,
2.00000000,48.00000000,0.00001570,10.63368424,0.00002284,7.68744913,
2.00000000,49.00000000,0.00001032,6.95621382,0.00001656,5.63273127,
2.00000000,5.00000000,0.00000977,6.59580212,0.00001260,4.27025541,
2.00000000,50.00000000,0.00008998,60.29480318,0.00000986,3.39240322,
2.00000000,6.00000000,0.00001339,8.95112415,0.00008499,29.35579715,
2.00000000,7.00000000,0.00008685,58.24229804,0.00002344,8.04823851,
2.00000000,8.00000000,0.00005491,37.11031386,0.91408182,309060.20480864,
2.00000000,9.00000000,0.00000530,3.57324377,0.00000973,3.31151703,
50.00000000,1.00000000,0.00000155,1.05078957,0.00000313,1.04928458,
50.00000000,10.00000000,0.00000152,1.02716338,0.00000303,1.02629853,
50.00000000,11.00000000,0.00000155,1.04728862,0.00000311,1.04695991,
50.00000000,12.00000000,0.00000154,1.04396960,0.00000310,1.04383548,
50.00000000,13.00000000,0.00000154,1.03930278,0.00000305,1.03876579,
50.00000000,14.00000000,0.00000153,1.03440716,0.00000306,1.03430479,
50.00000000,15.00000000,0.00000155,1.04823475,0.00000311,1.04892338,
50.00000000,16.00000000,0.00000154,1.03507765,0.00000304,1.03539096,
50.00000000,17.00000000,0.00000155,1.04964243,0.00000312,1.04913554,
50.00000000,18.00000000,0.00000155,1.04370309,0.00000308,1.04527614,
50.00000000,19.00000000,0.00000156,1.04837761,0.00000309,1.04898284,
50.00000000,2.00000000,0.00000154,1.04467732,0.00000310,1.04590547,
50.00000000,20.00000000,0.00000152,1.02721023,0.00000305,1.02685892,
50.00000000,21.00000000,0.00000153,1.03361145,0.00000305,1.03390870,
50.00000000,22.00000000,0.00000157,1.06353133,0.00000316,1.06389904,
50.00000000,23.00000000,0.00000154,1.04780616,0.00000312,1.04765728,
50.00000000,24.00000000,0.00000156,1.05449183,0.00000310,1.05482048,
50.00000000,25.00000000,0.00000155,1.05576676,0.00000316,1.05520488,
50.00000000,26.00000000,0.00000152,1.03191209,0.00000306,1.03240996,
50.00000000,27.00000000,0.00000156,1.05749384,0.00000315,1.05722618,
50.00000000,28.00000000,0.00000154,1.04122067,0.00000308,1.03998282,
50.00000000,29.00000000,0.00000152,1.03205518,0.00000307,1.03289282,
50.00000000,3.00000000,0.00000156,1.05668792,0.00000315,1.05442868,
50.00000000,30.00000000,0.00000154,1.04475449,0.00000313,1.04381799,
50.00000000,31.00000000,0.00000155,1.04847857,0.00000309,1.04747178,
50.00000000,32.00000000,0.00000156,1.05072707,0.00000308,1.05368277,
50.00000000,33.00000000,0.00000158,1.05345961,0.00000305,1.05354290,
50.00000000,34.00000000,0.00000154,1.05343699,0.00000318,1.05191646,
50.00000000,35.00000000,0.00000151,1.02219208,0.00000302,1.02240421,
50.00000000,36.00000000,0.00000158,1.06326458,0.00000313,1.06481008,
50.00000000,37.00000000,0.00000154,1.04092121,0.00000309,1.04089046,
50.00000000,38.00000000,0.00000155,1.04245066,0.00000304,1.04240371,
50.00000000,39.00000000,0.00000156,1.05651711,0.00000312,1.05802691,
50.00000000,4.00000000,0.00000154,1.04096945,0.00000307,1.03987058,
50.00000000,40.00000000,0.00000156,1.06191629,0.00000316,1.05897495,
50.00000000,41.00000000,0.00000157,1.05553305,0.00000310,1.05587248,
50.00000000,42.00000000,0.00000154,1.04167571,0.00000307,1.04199898,
50.00000000,43.00000000,0.00000156,1.05287935,0.00000309,1.05356722,
50.00000000,44.00000000,0.00000155,1.04933685,0.00000310,1.05018670,
50.00000000,45.00000000,0.00000154,1.03082778,0.00000300,1.03070234,
50.00000000,46.00000000,0.00000155,1.05195095,0.00000314,1.05281212,
50.00000000,47.00000000,0.00000155,1.05426100,0.00000314,1.05340890,
50.00000000,48.00000000,0.00000154,1.04215242,0.00000310,1.04285238,
50.00000000,49.00000000,0.00000153,1.02814505,0.00000302,1.02816866,
50.00000000,5.00000000,0.00000155,1.04393591,0.00000308,1.04431735,
50.00000000,50.00000000,0.00000155,1.03906650,0.00000302,1.03858343,
50.00000000,6.00000000,0.00000158,1.05519862,0.00000306,1.05544155,
50.00000000,7.00000000,0.00000156,1.04831262,0.00000305,1.04725741,
50.00000000,8.00000000,0.00000156,1.05502155,0.00000312,1.05530840,
50.00000000,9.00000000,0.00000154,1.03604248,0.00000305,1.03586688,
5.00000000,1.00000000,0.00001730,11.73929349,0.00000697,2.33936427,
5.00000000,10.00000000,0.00000985,6.65510420,0.00000572,1.93462761,
5.00000000,11.00000000,0.00001205,8.15925259,0.00001835,6.18542421,
5.00000000,12.00000000,0.00002020,13.68578293,0.00001925,6.48076691,
5.00000000,13.00000000,0.00001636,11.01957797,0.00000536,1.82444560,
5.00000000,14.00000000,0.00000267,1.80257677,0.00199756,674.43659543,
5.00000000,15.00000000,0.00000469,3.17541594,0.00001125,3.79517987,
5.00000000,16.00000000,0.00001426,9.61029003,0.00001717,5.84143549,
5.00000000,17.00000000,0.00001235,8.36344905,0.00001252,4.21652499,
5.00000000,18.00000000,0.00000475,3.20376623,0.00043923,149.08806246,
5.00000000,19.00000000,0.00000420,2.83376170,0.00118395,402.51500361,
5.00000000,2.00000000,0.00001251,8.47083502,0.00001239,4.17707780,
5.00000000,20.00000000,0.00001164,7.88784401,0.00000685,2.30627940,
5.00000000,21.00000000,0.00000364,2.45467626,0.00096654,327.39946211,
5.00000000,22.00000000,0.00000475,3.21875913,0.00001575,5.29585897,
5.00000000,23.00000000,0.00001163,7.88829856,0.00000900,3.01849242,
5.00000000,24.00000000,0.00001381,9.30433902,0.00000770,2.62015908,
5.00000000,25.00000000,0.00000406,2.75846651,0.00000779,2.60445593,
5.00000000,26.00000000,0.00001270,8.59734654,0.00001545,5.20309092,
5.00000000,27.00000000,0.00000435,2.95181771,0.00000804,2.70013579,
5.00000000,28.00000000,0.00000402,2.71778104,0.00000685,2.31595028,
5.00000000,29.00000000,0.00001160,7.85711703,0.00001013,3.40970860,
5.00000000,3.00000000,0.00000419,2.84291647,0.00000700,2.34635528,
5.00000000,30.00000000,0.00001896,12.89363425,0.00000797,2.66101670,
5.00000000,31.00000000,0.00000573,3.87043611,0.00000850,2.88161709,
5.00000000,32.00000000,0.00000616,4.13660784,0.00000781,2.67145826,
5.00000000,33.00000000,0.00000482,3.21842331,0.00944741,3267.40518685,
5.00000000,34.00000000,0.00001041,7.11244022,0.00000676,2.23698754,
5.00000000,35.00000000,0.00001115,7.53668326,0.00002382,8.05930874,
5.00000000,36.00000000,0.00000478,3.21540157,0.00475246,1618.85449740,
5.00000000,37.00000000,0.00001178,7.97606125,0.00000573,1.92875405,
5.00000000,38.00000000,0.00001837,12.33231390,0.00000677,2.31985836,
5.00000000,39.00000000,0.00000437,2.95080793,0.00217168,735.94643838,
5.00000000,4.00000000,0.00000355,2.39418399,0.00000629,2.13134367,
5.00000000,40.00000000,0.00001496,10.16285905,0.00000913,3.05495979,
5.00000000,41.00000000,0.00001329,8.95539914,0.00000705,2.39906579,
5.00000000,42.00000000,0.00001203,8.12009346,0.00000776,2.63366633,
5.00000000,43.00000000,0.00000483,3.25408759,0.00346248,1178.94774909,
5.00000000,44.00000000,0.00001374,9.27730682,0.00001498,5.07762235,
5.00000000,45.00000000,0.00000349,2.33789349,0.00000854,2.93450595,
5.00000000,46.00000000,0.00000468,3.17223151,0.00000763,2.55867337,
5.00000000,47.00000000,0.00001003,6.80050113,0.00000797,2.67708134,
5.00000000,48.00000000,0.00000491,3.32910992,0.00000796,2.67855415,
5.00000000,49.00000000,0.00000450,3.02968366,0.00000738,2.51055517,
5.00000000,5.00000000,0.00000474,3.20212417,0.00000661,2.24064415,
5.00000000,50.00000000,0.00001570,10.51879494,0.00000515,1.76980323,
5.00000000,6.00000000,0.00000398,2.66414213,0.00001560,5.38696046,
5.00000000,7.00000000,0.00001238,8.30219686,0.00000767,2.63382244,
5.00000000,8.00000000,0.00000432,2.92259785,0.00166049,561.42996126,
5.00000000,9.00000000,0.00000250,1.68651355,0.00000490,1.66599354,