alpha,beta,seed,sinchi,coschi,
inf,0.00000000,1.00000000,-0.27867184,0.07352625,alpha,beta,seed,sinchi,coschi,
inf,0.00000000,10.00000000,-0.92039082,0.48476047,alpha,beta,seed,sinchi,coschi,
inf,0.00000000,11.00000000,3.58856772,-0.14222517,
inf,0.01000000,1.00000000,-0.27866417,0.07352255,
inf,0.01000000,10.00000000,-0.92035549,0.48472862,
inf,0.01000000,11.00000000,3.58852343,-0.14220998,
inf,0.01000000,12.00000000,28.93333433,39.79092514,
inf,0.01000000,13.00000000,134.86468092,37.93489805,
inf,0.01000000,14.00000000,-1.31877611,1.57978386,
inf,0.01000000,15.00000000,-2.86398949,3.21050139,
inf,0.01000000,16.00000000,2.58992606,-6.00336874,
inf,0.01000000,17.00000000,-10.06807754,-5.33247819,
inf,0.01000000,18.00000000,0.99466987,-2.71566639,
inf,0.01000000,19.00000000,0.36200561,-1.96574770,alpha,beta,seed,sinchi,coschi,
inf,0.00000000,12.00000000,28.93465127,39.79251196,
inf,0.01000000,2.00000000,-2.38449845,1.95309170,
inf,0.01000000,20.00000000,-0.69016166,0.20555113,alpha,beta,seed,sinchi,coschi,
inf,0.00000000,13.00000000,134.84323508,37.92771823,
inf,0.01000000,3.00000000,-0.87448414,0.46013732,alpha,beta,seed,sinchi,coschi,
inf,0.00000000,14.00000000,-1.31879001,1.57979045,
inf,0.01000000,4.00000000,-0.90210528,1.28746628,alpha,beta,seed,sinchi,coschi,
inf,0.00000000,15.00000000,-2.86403915,3.21054876,
inf,0.01000000,5.00000000,1.33453581,-1.67275631,alpha,beta,seed,sinchi,coschi,
inf,0.00000000,16.00000000,2.58987754,-6.00314832,
inf,0.01000000,6.00000000,-0.85035268,0.25775978,alpha,beta,seed,sinchi,coschi,
inf,0.00000000,17.00000000,-10.06802575,-5.33256796,
inf,0.01000000,7.00000000,-1.29385255,1.60823620,alpha,beta,seed,sinchi,coschi,
inf,0.00000000,18.00000000,0.99466477,-2.71573353,
inf,0.01000000,8.00000000,-0.49739078,0.09373599,alpha,beta,seed,sinchi,coschi,
inf,0.00000000,19.00000000,0.36200439,-1.96575330,
inf,0.01000000,9.00000000,10.03721254,10.52466208,alpha,beta,seed,sinchi,coschi,
inf,0.00000000,2.00000000,-2.38451784,1.95310935,alpha,beta,seed,sinchi,coschi,
inf,0.00000000,20.00000000,-0.69019308,0.20557586,alpha,beta,seed,sinchi,coschi,
inf,0.00000000,3.00000000,-0.87450850,0.46016339,alpha,beta,seed,sinchi,coschi,
inf,0.00000000,4.00000000,-0.90212542,1.28749022,alpha,beta,seed,sinchi,coschi,
inf,0.00000000,5.00000000,1.33454398,-1.67278532,alpha,beta,seed,sinchi,coschi,
inf,0.00000000,6.00000000,-0.85037147,0.25777582,alpha,beta,seed,sinchi,coschi,
inf,0.00000000,7.00000000,-1.29386624,1.60824647,alpha,beta,seed,sinchi,coschi,
inf,0.00000000,8.00000000,-0.49740833,0.09374705,alpha,beta,seed,sinchi,coschi,
inf,0.00000000,9.00000000,10.03840631,10.52603413,
inf,0.10000000,1.00000000,-0.27859525,0.07348926,
inf,0.10000000,10.00000000,-0.92003775,0.48444218,
inf,0.10000000,11.00000000,3.58812470,-0.14207324,
inf,0.10000000,12.00000000,28.92148140,39.77664294,
inf,0.10000000,13.00000000,100.17257986,26.88695475,
inf,0.10000000,14.00000000,-1.31865097,1.57972455,
inf,0.10000000,15.00000000,-2.86354104,3.21007271,
inf,0.10000000,16.00000000,2.59036397,-6.00536172,
inf,0.10000000,17.00000000,-10.06849817,-5.33167217,
inf,0.10000000,18.00000000,0.99471590,-2.71506221,
inf,0.10000000,19.00000000,0.36201647,-1.96569735,
inf,0.10000000,2.00000000,-2.38432386,1.95293284,
inf,0.10000000,20.00000000,-0.68987898,0.20532871,
inf,0.10000000,3.00000000,-0.87426486,0.45990283,
inf,0.10000000,4.00000000,-0.90192408,1.28725082,
inf,0.10000000,5.00000000,1.33446225,-1.67249529,
inf,0.10000000,6.00000000,-0.85018359,0.25761551,
inf,0.10000000,7.00000000,-1.29372940,1.60814379,
inf,0.10000000,8.00000000,-0.49723284,0.09363647,
inf,0.10000000,9.00000000,10.02647929,10.51232682,
inf,1000000.00000000,1.00000000,-0.00012200,-0.00004489,
inf,1000000.00000000,10.00000000,-0.00034453,-0.00011957,
inf,1000000.00000000,11.00000000,0.00026270,-0.00044489,
inf,1000000.00000000,12.00000000,0.00006145,0.00037686,
inf,1000000.00000000,13.00000000,0.00024942,-0.00012530,
inf,1000000.00000000,14.00000000,-0.00030852,0.00021538,
inf,1000000.00000000,15.00000000,-0.00016379,0.00013664,
inf,1000000.00000000,16.00000000,0.00004463,-0.00051789,
inf,1000000.00000000,17.00000000,-0.00001950,-0.00050981,
inf,1000000.00000000,18.00000000,0.00008873,-0.00062585,
inf,1000000.00000000,19.00000000,-0.00025843,-0.00029913,
inf,1000000.00000000,2.00000000,-0.00040890,-0.00006753,
inf,1000000.00000000,20.00000000,-0.00025291,-0.00034283,
inf,1000000.00000000,3.00000000,-0.00024930,-0.00021056,
inf,1000000.00000000,4.00000000,-0.00009249,0.00004232,
inf,1000000.00000000,5.00000000,0.00018278,-0.00028482,
inf,1000000.00000000,6.00000000,-0.00039711,-0.00036112,
inf,1000000.00000000,7.00000000,-0.00037549,0.00030242,
inf,1000000.00000000,8.00000000,-0.00021394,-0.00021796,
inf,1000000.00000000,9.00000000,0.00018429,0.00016023,
inf,100000.00000000,1.00000000,-0.00122905,-0.00044258,
inf,100000.00000000,10.00000000,-0.00342763,-0.00116053,
inf,100000.00000000,11.00000000,0.00263651,-0.00438176,
inf,100000.00000000,12.00000000,0.00059597,0.00372765,
inf,100000.00000000,13.00000000,0.00249268,-0.00125093,
inf,100000.00000000,14.00000000,-0.00308760,0.00216507,
inf,100000.00000000,15.00000000,-0.00163653,0.00136530,
inf,100000.00000000,16.00000000,0.00046671,-0.00512002,
inf,100000.00000000,17.00000000,-0.00018311,-0.00503405,
inf,100000.00000000,18.00000000,0.00091820,-0.00618569,
inf,100000.00000000,19.00000000,-0.00257142,-0.00293438,
inf,100000.00000000,2.00000000,-0.00407275,-0.00063449,
inf,100000.00000000,20.00000000,-0.00253131,-0.00338714,
inf,100000.00000000,3.00000000,-0.00249152,-0.00207713,
inf,100000.00000000,4.00000000,-0.00092196,0.00042420,
inf,100000.00000000,5.00000000,0.00183275,-0.00281282,
inf,100000.00000000,6.00000000,-0.00389788,-0.00348122,
inf,100000.00000000,7.00000000,-0.00375475,0.00303665,
inf,100000.00000000,8.00000000,-0.00214767,-0.00216217,
inf,100000.00000000,9.00000000,0.00183243,0.00159289,
inf,10000.00000000,1.00000000,-0.01127634,-0.00302629,
inf,10000.00000000,10.00000000,-0.03262565,-0.00864322,
inf,10000.00000000,11.00000000,0.02703014,-0.03833883,
inf,10000.00000000,12.00000000,0.00480994,0.03542784,
inf,10000.00000000,13.00000000,0.02478009,-0.01229712,
inf,10000.00000000,14.00000000,-0.03117352,0.02278168,
inf,10000.00000000,15.00000000,-0.01623459,0.01354398,
inf,10000.00000000,16.00000000,0.00655428,-0.04592899,
inf,10000.00000000,17.00000000,-0.00076668,-0.04506324,
inf,10000.00000000,18.00000000,0.01195570,-0.05566108,
inf,10000.00000000,19.00000000,-0.02455327,-0.02459428,
inf,10000.00000000,2.00000000,-0.03932212,-0.00291154,
inf,10000.00000000,20.00000000,-0.02343271,-0.02817144,
inf,10000.00000000,3.00000000,-0.02336061,-0.01711869,
inf,10000.00000000,4.00000000,-0.00894515,0.00433365,
inf,10000.00000000,5.00000000,0.01865534,-0.02516156,
inf,10000.00000000,6.00000000,-0.03644769,-0.02790636,
inf,10000.00000000,7.00000000,-0.03759164,0.03159890,
inf,10000.00000000,8.00000000,-0.02025613,-0.01810614,
inf,10000.00000000,9.00000000,0.01727417,0.01495295,
inf,1000.00000000,1.00000000,-0.08307311,-0.00034154,
inf,1000.00000000,10.00000000,-0.22755186,0.01301034,
inf,1000.00000000,11.00000000,0.26305141,-0.19521745,
inf,1000.00000000,12.00000000,0.00759806,0.26586605,
inf,1000.00000000,13.00000000,0.23350253,-0.10408765,
inf,1000.00000000,14.00000000,-0.40167403,0.41604237,
inf,1000.00000000,15.00000000,-0.13830477,0.13473135,
inf,1000.00000000,16.00000000,0.86150485,-1.61745457,
inf,1000.00000000,17.00000000,1.92787234,-0.86028185,
inf,1000.00000000,18.00000000,0.69133262,-1.71796263,
inf,1000.00000000,19.00000000,-0.18643218,-0.07611535,
inf,1000.00000000,2.00000000,-0.34420106,0.10669221,
inf,1000.00000000,20.00000000,-0.14665365,-0.09316236,
inf,1000.00000000,3.00000000,-0.14857853,-0.03353000,
inf,1000.00000000,4.00000000,-0.07120298,0.04857962,
inf,1000.00000000,5.00000000,0.17392975,-0.14220924,
inf,1000.00000000,6.00000000,-0.25013389,-0.06475390,
inf,1000.00000000,7.00000000,-0.42091608,0.46772661,
inf,1000.00000000,8.00000000,-0.13597777,-0.05869265,
inf,1000.00000000,9.00000000,0.11112691,0.08410228,
inf,100.00000000,1.00000000,-0.21997509,0.04653873,
inf,100.00000000,10.00000000,-0.65449754,0.26230830,
inf,100.00000000,11.00000000,3.27004771,0.23382693,
inf,100.00000000,12.00000000,14.06335836,19.97220550,
inf,100.00000000,13.00000000,4.73855076,0.86627997,
inf,100.00000000,14.00000000,-1.18829974,1.50734060,
inf,100.00000000,15.00000000,-2.10914912,2.55940025,
inf,100.00000000,16.00000000,1.51177974,-1.97606574,
inf,100.00000000,17.00000000,157.79073699,45.63391294,
inf,100.00000000,18.00000000,1.03465554,-2.28573008,
inf,100.00000000,19.00000000,0.35021185,-1.90939451,
inf,100.00000000,2.00000000,-2.13908506,1.72222948,
inf,100.00000000,20.00000000,-0.44669386,0.02306427,
inf,100.00000000,3.00000000,-0.57205312,0.22974731,
inf,100.00000000,4.00000000,-0.64975526,0.92620636,
inf,100.00000000,5.00000000,1.13187935,-1.48381692,
inf,100.00000000,6.00000000,-0.66331666,0.11539176,
inf,100.00000000,7.00000000,-1.16368687,1.50726556,
inf,100.00000000,8.00000000,-0.37517207,0.02036419,
inf,100.00000000,9.00000000,4.58023613,4.54528169,
inf,10.00000000,1.00000000,-0.27123697,0.06995337,
inf,10.00000000,10.00000000,-0.88691895,0.45485692,
inf,10.00000000,11.00000000,3.54106216,-0.12749612,
inf,10.00000000,12.00000000,27.61322485,38.19774737,
inf,10.00000000,13.00000000,28.62344717,6.92568940,
inf,10.00000000,14.00000000,-1.30513429,1.57307808,
inf,10.00000000,15.00000000,-2.82344877,3.16838199,
inf,10.00000000,16.00000000,2.22928666,-4.65463040,
inf,10.00000000,17.00000000,-10.30314227,-5.38185401,
inf,10.00000000,18.00000000,1.00140524,-2.64924051,
inf,10.00000000,19.00000000,0.36669596,-1.96145296,
inf,10.00000000,2.00000000,-2.36486005,1.93517156,
inf,10.00000000,20.00000000,-0.65965664,0.18169023,
inf,10.00000000,3.00000000,-0.80387389,0.39652010,
inf,10.00000000,4.00000000,-0.88182963,1.26294934,
inf,10.00000000,5.00000000,1.35266654,-1.64891043,
inf,10.00000000,6.00000000,-0.83192596,0.24222557,
inf,10.00000000,7.00000000,-1.28031662,1.59801632,
inf,10.00000000,8.00000000,-0.48067346,0.08326762,
inf,10.00000000,9.00000000,8.92087190,9.24638404,
inf,1.00000000,1.00000000,-0.27790804,0.07315751,
inf,1.00000000,10.00000000,-0.91687812,0.48159649,
inf,1.00000000,11.00000000,3.58393665,-0.14075644,
inf,1.00000000,12.00000000,28.80290247,39.63373720,
inf,1.00000000,13.00000000,96.98851520,25.71625678,
inf,1.00000000,14.00000000,-1.31740249,1.57913065,
inf,1.00000000,15.00000000,-2.85889457,3.20551093,
inf,1.00000000,16.00000000,2.59485918,-6.02618836,
inf,1.00000000,17.00000000,-10.06757231,-5.32412395,
inf,1.00000000,18.00000000,0.99519133,-2.70902288,
inf,1.00000000,19.00000000,0.36210996,-1.96519559,
inf,1.00000000,2.00000000,-2.38257569,1.95134172,
inf,1.00000000,20.00000000,-0.68705966,0.20311160,
inf,1.00000000,3.00000000,-0.87205001,0.45755481,
inf,1.00000000,4.00000000,-0.90011089,1.28509138,
inf,1.00000000,5.00000000,1.33373244,-1.66989829,
inf,1.00000000,6.00000000,-0.84849587,0.25617729,
inf,1.00000000,7.00000000,-1.29249906,1.60722006,
inf,1.00000000,8.00000000,-0.49566124,0.09264676,
inf,1.00000000,9.00000000,9.92024882,10.39032146,
inf,20.00000000,1.00000000,-0.26422899,0.06662087,
inf,20.00000000,10.00000000,-0.85661650,0.42826318,
inf,20.00000000,11.00000000,3.49594557,-0.11116162,
inf,20.00000000,12.00000000,26.28214886,36.58909720,
inf,20.00000000,13.00000000,21.24524176,4.98413845,
inf,20.00000000,14.00000000,-1.29172327,1.56603768,
inf,20.00000000,15.00000000,-2.76522152,3.11654953,
inf,20.00000000,16.00000000,3.88409103,-9.73335263,
inf,20.00000000,17.00000000,-9.97713443,-5.23167918,
inf,20.00000000,18.00000000,1.00262650,-2.59635431,
inf,20.00000000,19.00000000,0.36614427,-1.94566822,
inf,20.00000000,2.00000000,-2.34458229,1.91651883,
inf,20.00000000,20.00000000,-0.63099701,0.15958054,
inf,20.00000000,3.00000000,-0.76800928,0.37188385,
inf,20.00000000,4.00000000,-0.86120472,1.23724432,
inf,20.00000000,5.00000000,1.35202421,-1.61505409,
inf,20.00000000,6.00000000,-0.81414166,0.22758385,
inf,20.00000000,7.00000000,-1.26703071,1.58785585,
inf,20.00000000,8.00000000,-0.45659457,0.06814514,
inf,20.00000000,9.00000000,8.00462780,8.20788454,
inf,2.00000000,1.00000000,-0.27714886,0.07279137,
inf,2.00000000,10.00000000,-0.91340476,0.47847386,
inf,2.00000000,11.00000000,3.57901295,-0.13935654,
inf,2.00000000,12.00000000,28.67104137,39.47476788,
inf,2.00000000,13.00000000,91.76950359,24.22951050,
inf,2.00000000,14.00000000,-1.31602118,1.57846889,
inf,2.00000000,15.00000000,-2.85832165,3.20426610,
inf,2.00000000,16.00000000,2.58608981,-5.98892542,
inf,2.00000000,17.00000000,-10.05701348,-5.31554742,
inf,2.00000000,18.00000000,0.99575169,-2.70231931,
inf,2.00000000,19.00000000,0.36218348,-1.96464037,
inf,2.00000000,2.00000000,-2.38062835,1.94956848,
inf,2.00000000,20.00000000,-0.68394331,0.20066352,
inf,2.00000000,3.00000000,-0.84538295,0.42900143,
inf,2.00000000,4.00000000,-0.89809363,1.28268162,
inf,2.00000000,5.00000000,1.33295457,-1.66716946,
inf,2.00000000,6.00000000,-0.84662730,0.25458871,
inf,2.00000000,7.00000000,-1.29113463,1.60619443,
inf,2.00000000,8.00000000,-0.49393130,0.09155871,
inf,2.00000000,9.00000000,9.80460188,10.25764697,
inf,50.00000000,1.00000000,-0.24543041,0.05787007,
inf,50.00000000,10.00000000,-0.75265038,0.33868738,
inf,50.00000000,11.00000000,3.39592197,-0.04626351,
inf,50.00000000,12.00000000,22.20787762,32.48787591,
inf,50.00000000,13.00000000,14.33064252,3.11544079,
inf,50.00000000,14.00000000,-1.25175848,1.54330994,
inf,50.00000000,15.00000000,-2.57930939,2.95387604,
inf,50.00000000,16.00000000,1.67322037,-2.00141548,
inf,50.00000000,17.00000000,-9.71603237,-5.12163794,
inf,50.00000000,18.00000000,1.00012045,-2.46740764,
inf,50.00000000,19.00000000,0.35572107,-1.93710078,
inf,50.00000000,2.00000000,-2.27694783,1.85567353,
inf,50.00000000,20.00000000,-0.55642326,0.10384824,
inf,50.00000000,3.00000000,-0.67663921,0.30863794,
inf,50.00000000,4.00000000,-0.79508967,1.14894663,
inf,50.00000000,5.00000000,1.28097266,-1.57175823,
inf,50.00000000,6.00000000,-0.76694858,0.19163138,
inf,50.00000000,7.00000000,-1.22864144,1.55770699,
inf,50.00000000,8.00000000,-0.42202125,0.04756450,
inf,50.00000000,9.00000000,6.22514415,6.25838407,
inf,5.00000000,1.00000000,-0.27489866,0.07170838,
inf,5.00000000,10.00000000,-0.90321059,0.46934311,
inf,5.00000000,11.00000000,3.56443546,-0.13507101,
inf,5.00000000,12.00000000,28.27461972,38.99633783,
inf,5.00000000,13.00000000,123.64945607,34.71497722,
inf,5.00000000,14.00000000,-1.31190895,1.57646924,
inf,5.00000000,15.00000000,-2.84206165,3.18626252,
inf,5.00000000,16.00000000,2.55487855,-5.87553539,
inf,5.00000000,17.00000000,-10.01555586,-5.30869592,
inf,5.00000000,18.00000000,0.99763294,-2.68227274,
inf,5.00000000,19.00000000,0.36219882,-1.96296764,
inf,5.00000000,2.00000000,-2.37475603,1.94421578,
inf,5.00000000,20.00000000,-0.67469940,0.19341908,
inf,5.00000000,3.00000000,-0.83055258,0.41689688,
inf,5.00000000,4.00000000,-0.89202442,1.27538490,
inf,5.00000000,5.00000000,1.34824885,-1.66950628,
inf,5.00000000,6.00000000,-0.84106325,0.24988157,
inf,5.00000000,7.00000000,-1.28705771,1.60312212,
inf,5.00000000,8.00000000,-0.48884129,0.08836567,
inf,5.00000000,9.00000000,9.47098861,9.87606458,