alpha,kish[0],relkish[0],
inf,0.00000986,1.00000000,
0.01000000,0.05015194,5085.40634261,
0.10000000,0.01791697,1816.78091620,
1.00000000,0.00071409,72.40895589,
10.00000000,0.00002055,2.08370161,
100.00000000,0.00001032,1.04639969,
1000.00000000,0.00001000,1.01402467,
10000.00000000,0.00000989,1.00283889,
100000.00000000,0.00000986,1.00010175,
1000000.00000000,0.00000986,1.00000118,
2.00000000,0.00016898,17.13440294,
20.00000000,0.00001341,1.35989760,
5.00000000,0.00003954,4.00937227,
50.00000000,0.00001080,1.09548179,