alpha,kish[0],relkish[0],
inf,0.00000983,1.00000000,
0.01000000,0.04040943,4109.63953685,
0.10000000,0.03232850,3287.80838408,
1.00000000,0.00343165,348.99842844,
10.00000000,0.00004292,4.36533850,
100.00000000,0.00001288,1.30994176,
1000.00000000,0.00001070,1.08811804,
10000.00000000,0.00001004,1.02082557,
100000.00000000,0.00000985,1.00137066,
1000000.00000000,0.00000983,1.00002109,
2.00000000,0.00078509,79.84338078,
20.00000000,0.00002296,2.33530368,
5.00000000,0.00011179,11.36892106,
50.00000000,0.00001510,1.53518342,