alpha,time,niter,nfail,train_lossf,train_lossf[0],errorf[0][0],errorf[0][1],train_Srel[0],
inf,0.00000000,0.00000000,0.00000000,683.17365991,683.17365991,22.36262486,660.81103505,0.00000000,
0.01000000,208.05207253,1223.00000000,0.00000000,0.65476174,0.65476174,0.57595772,0.00056943,-7.82345958,
0.10000000,59.79943061,349.00000000,0.00000000,1.34000900,1.34000900,0.60153728,0.00023957,-7.38232151,
1.00000000,20.62007689,119.00000000,0.00000000,5.58295485,5.58295485,2.33655330,0.00110630,-3.24529524,
10.00000000,14.42007661,86.00000000,0.00000000,16.69474724,16.69474724,9.88131571,0.10295779,-0.67104737,
100.00000000,52.89214396,175.00000000,0.00000000,50.11531201,50.11531201,16.56552517,5.58795096,-0.27961836,
1000.00000000,45.95162106,283.00000000,0.00000000,176.78031225,176.78031225,22.38591888,65.74072546,-0.08865367,
10000.00000000,54.24031878,304.00000000,0.00000000,452.18923269,452.18923269,23.48521328,301.30023035,-0.01274038,
100000.00000000,42.74748611,270.00000000,0.00000000,642.73187050,642.73187050,22.59484187,583.23339352,-0.00036904,
1000000.00000000,34.43440962,217.00000000,0.00000000,678.75893249,678.75893249,22.38803569,652.07036507,-0.00000430,
2.00000000,16.37071037,89.00000000,0.00000000,8.18261999,8.18261999,3.93310502,0.00364242,-2.12293628,
20.00000000,17.70766830,120.00000000,0.00000000,22.28654847,22.28654847,12.11943330,0.40036840,-0.48833734,
5.00000000,22.90209651,85.00000000,0.00000000,12.58741757,12.58741757,7.22234625,0.02339668,-1.06833493,
50.00000000,23.70299387,143.00000000,0.00000000,34.49157836,34.49157836,14.73552224,1.98009879,-0.35551915,