alpha,time,niter,nfail,train_lossf,train_lossf[0],errorf[0][0],errorf[0][1],train_Srel[0],
inf,0.00000000,0.00000000,0.00000000,17522.89466264,17522.89466264,21.77179012,17501.12287252,-0.00000000,
0.01000000,161.14619398,841.00000000,0.00000000,0.69099036,0.69099036,0.61020079,0.00017413,-8.06154428,
0.10000000,45.12966776,250.00000000,0.00000000,1.35262257,1.35262257,0.69552172,0.00092024,-6.56180607,
1.00000000,51.07110786,213.00000000,0.00000000,4.37479906,4.37479906,2.22935313,0.00036126,-2.14508467,
10.00000000,46.77666712,203.00000000,0.00000000,14.98230407,14.98230407,5.85430511,0.02096164,-0.91070373,
100.00000000,106.69442511,359.00000000,0.00000000,74.98413187,74.98413187,13.05900588,1.29738709,-0.60627739,
1000.00000000,138.43798566,694.00000000,0.00000000,555.36238042,555.36238042,15.24883581,50.83895709,-0.48927459,
10000.00000000,216.97665596,834.00000000,0.00000000,3558.99976630,3558.99976630,14.48343180,1092.68099927,-0.24518353,
100000.00000000,292.02587152,1104.00000000,0.00000000,11437.53907579,11437.53907579,17.74471601,7896.71764780,-0.03523077,
1000000.00000000,189.95106053,858.00000000,0.00000000,16504.65767494,16504.65767494,21.06152180,15561.71156022,-0.00092188,
2.00000000,35.39376760,189.00000000,0.00000000,6.16759744,6.16759744,3.05494272,0.00095284,-1.55585094,
20.00000000,56.82237458,261.00000000,0.00000000,23.22476482,23.22476482,7.89999562,0.07702062,-0.76238743,
5.00000000,49.19402766,191.00000000,0.00000000,10.00648478,10.00648478,4.42909901,0.00462567,-1.11455202,
50.00000000,85.57859683,351.00000000,0.00000000,43.86731267,43.86731267,11.11481062,0.40377718,-0.64697450,