alpha,kish[0],relkish[0],
inf,0.00000996,1.00000000,
0.01000000,0.02959258,2971.09514014,
0.10000000,0.02267160,2276.22863190,
1.00000000,0.00184192,184.92856837,
10.00000000,0.00009217,9.25357043,
100.00000000,0.00003354,3.36764886,
1000.00000000,0.00002790,2.80076242,
10000.00000000,0.00002038,2.04586863,
100000.00000000,0.00001233,1.23793916,
1000000.00000000,0.00001004,1.00850855,
2.00000000,0.00063252,63.50493032,
20.00000000,0.00005073,5.09319757,
5.00000000,0.00018721,18.79556216,
50.00000000,0.00003681,3.69548389,