alpha,time,niter,nfail,train_lossf,train_lossf[0],errorf[0][0],errorf[0][1],train_Srel[0],
inf,0.00000000,0.00000000,0.00000000,4455.83063133,4455.83063133,147.33197136,4308.49865998,0.00000000,
0.01000000,1944.78494287,5534.00000000,0.00000000,53.10558274,53.10558274,52.85540253,0.16792187,-8.22583456,
0.10000000,745.01711082,1643.00000000,0.00000000,53.83555242,53.83555242,52.86955977,0.14583245,-8.20160190,
1.00000000,203.23539257,666.00000000,0.00000000,61.06111245,61.06111245,53.10344530,0.15618229,-7.80148486,
10.00000000,562.64201069,1500.00000000,0.00000000,109.74960343,109.74960343,70.85949625,0.67138083,-3.82187264,
100.00000000,1069.59819961,3110.00000000,0.00000000,290.63640497,290.63640497,116.83660976,26.29601792,-1.47503777,
1000.00000000,1798.69527578,5215.00000000,0.00000000,1015.98302002,1015.98302002,140.10879904,343.31449340,-0.53255973,
10000.00000000,2031.85077333,4604.00000000,0.00000000,2664.48825598,2664.48825598,146.31603496,1738.94689397,-0.07792253,
100000.00000000,1484.97745252,3825.00000000,0.00000000,4013.70987168,4013.70987168,147.34316584,3524.81046700,-0.00341556,
1000000.00000000,930.31131792,2305.00000000,0.00000000,4400.29263455,4400.29263455,147.34210210,4199.99682756,-0.00005295,
2.00000000,318.40635300,874.00000000,0.00000000,68.55977270,68.55977270,54.06304870,0.13609524,-7.18031438,
20.00000000,761.66073728,1882.00000000,0.00000000,141.55040897,141.55040897,84.41326968,2.29997125,-2.74185840,
5.00000000,504.14430094,1048.00000000,0.00000000,87.29908592,87.29908592,59.98861830,0.23636504,-5.41482052,
50.00000000,981.57528138,2611.00000000,0.00000000,208.03180239,208.03180239,103.56399594,9.75319244,-1.89429228,