alpha,time,niter,nfail,train_lossf,train_lossf[0],errorf[0][0],errorf[0][1],train_Srel[0],
inf,0.00000000,0.00000000,0.00000000,514.66072785,514.66072785,514.66072785,0.00000000,0.00000000,
0.01000000,159.09793353,3026.00000000,0.00000000,41.67994157,41.67994157,41.57085111,0.02744419,-8.16462663,
0.10000000,62.93826699,1005.00000000,0.00000000,42.41184722,42.41184722,41.57403835,0.02491355,-8.12895327,
1.00000000,18.32794070,293.00000000,0.00000000,49.61311069,49.61311069,41.71067662,0.03061259,-7.87182148,
10.00000000,10.02445245,236.00000000,0.00000000,102.72883872,102.72883872,60.69885287,0.01802664,-4.20119592,
100.00000000,15.61020970,271.00000000,0.00000000,233.01143802,233.01143802,165.99227868,0.00000000,-0.67019159,
1000.00000000,24.03365207,263.00000000,0.00000000,400.66117507,400.66117507,332.35589468,0.00000000,-0.06830528,
10000.00000000,17.01985812,303.00000000,0.00000000,496.15347480,496.15347480,479.03214989,0.00000000,-0.00171213,
100000.00000000,9.55172110,207.00000000,0.00000000,512.67335476,512.67335476,510.69120086,0.00000000,-0.00001982,
1000000.00000000,7.26650167,165.00000000,0.00000000,514.46049222,514.46049222,514.26238874,0.00000000,-0.00000020,
2.00000000,10.74442506,250.00000000,0.00000000,57.31601951,57.31601951,42.25156628,0.03183766,-7.51630779,
20.00000000,9.48988628,234.00000000,0.00000000,135.54022713,135.54022713,83.23208145,0.00050967,-2.61538180,
5.00000000,9.66091633,208.00000000,0.00000000,77.67668011,77.67668011,47.54759742,0.03214844,-6.01938685,
50.00000000,14.95831370,233.00000000,0.00000000,188.27758618,188.27758618,126.31450881,0.00000000,-1.23926155,