alpha,time,niter,nfail,train_lossf,train_lossf[0],errorf[0][0],errorf[0][1],train_Srel[0],
inf,0.00000000,0.00000000,0.00000000,53998.70902408,53998.70902408,47.46055123,53951.24847285,-0.00000000,
0.01000000,714.96663404,2239.00000000,0.00000000,2.55373820,2.55373820,2.47235194,0.00391493,-7.74713269,
0.10000000,182.72569156,781.00000000,0.00000000,3.23111058,3.23111058,2.49194201,0.00313604,-7.36032529,
1.00000000,97.01109958,287.00000000,0.00000000,7.77854551,7.77854551,4.19733790,0.00239233,-3.57881528,
10.00000000,99.50724697,312.00000000,0.00000000,25.23051427,25.23051427,10.48206129,0.04113585,-1.47073171,
100.00000000,208.96718287,770.00000000,0.00000000,126.11250568,126.11250568,20.49003732,2.17913266,-1.03443336,
1000.00000000,378.24906659,1376.00000000,0.00000000,956.74034927,956.74034927,25.21898826,71.62318289,-0.85989818,
10000.00000000,625.44564581,2087.00000000,0.00000000,6841.00976227,6841.00976227,27.10466498,1488.04354959,-0.53258615,
100000.00000000,491.89037871,1889.00000000,0.00000000,28770.78897498,28770.78897498,33.21125835,16460.13918827,-0.12277439,
1000000.00000000,530.20450139,1935.00000000,0.00000000,49174.92180859,49174.92180859,44.14837166,44829.27046484,-0.00430150,
2.00000000,64.06616545,230.00000000,0.00000000,10.78518689,10.78518689,5.55491563,0.00335708,-2.61345709,
20.00000000,93.65552998,376.00000000,0.00000000,38.61200239,38.61200239,13.48641890,0.13857900,-1.24935022,
5.00000000,78.32392454,281.00000000,0.00000000,17.15711230,17.15711230,8.02326440,0.01190304,-1.82438897,
50.00000000,149.93644977,575.00000000,0.00000000,73.14730739,73.14730739,17.69353626,0.68203295,-1.09543476,