alpha,kish[0],relkish[0],
inf,0.00000992,1.00000000,
0.01000000,0.05008040,5048.10416224,
0.10000000,0.01675782,1689.18798201,
1.00000000,0.00037069,37.36586930,
10.00000000,0.00006824,6.87831080,
100.00000000,0.00002024,2.04027873,
1000.00000000,0.00001795,1.80952700,
10000.00000000,0.00001404,1.41488667,
100000.00000000,0.00001055,1.06373724,
1000000.00000000,0.00000994,1.00180459,
2.00000000,0.00019252,19.40565899,
20.00000000,0.00003474,3.50162522,
5.00000000,0.00010978,11.06593739,
50.00000000,0.00002183,2.20016275,