alpha,kish[0],relkish[0],
inf,0.00001000,1.00000000,
0.01000000,0.04208807,4208.80661814,
0.10000000,0.04124742,4124.74234504,
1.00000000,0.03483130,3483.13005976,
10.00000000,0.00392247,392.24660477,
100.00000000,0.00003304,3.30397666,
1000.00000000,0.00001131,1.13092137,
10000.00000000,0.00001003,1.00337305,
100000.00000000,0.00001000,1.00003957,
1000000.00000000,0.00001000,1.00000040,
2.00000000,0.02839878,2839.87843967,
20.00000000,0.00086828,86.82838433,
5.00000000,0.01247964,1247.96352533,
50.00000000,0.00010945,10.94514370,