alpha,time,niter,nfail,train_lossf,train_lossf[0],errorf[0][0],errorf[0][1],train_Srel[0],
inf,0.00000000,0.00000000,0.00000000,88.92304378,88.92304378,15.90936589,73.01367789,0.00000000,
0.01000000,163.63117480,822.00000000,0.00000000,0.65298864,0.65298864,0.57102083,0.00014946,-8.18183423,
0.10000000,51.19826102,192.00000000,0.00000000,1.31756663,1.31756663,0.66567084,0.00001583,-6.51879960,
1.00000000,21.57506585,78.00000000,0.00000000,4.26077983,4.26077983,2.26288558,0.00000668,-1.99788757,
10.00000000,11.88118052,46.00000000,0.00000000,10.20100400,10.20100400,7.29696850,0.00088782,-0.29031477,
100.00000000,20.33369780,94.00000000,0.00000000,16.30396552,16.30396552,13.55015459,0.10740798,-0.02646403,
1000.00000000,31.87734890,161.00000000,0.00000000,27.36313220,27.36313220,15.63182425,3.25898718,-0.00847232,
10000.00000000,50.61417747,228.00000000,0.00000000,57.79467388,57.79467388,15.89248378,26.28018712,-0.00156220,
100000.00000000,38.72667837,195.00000000,0.00000000,83.04585876,83.04585876,15.90842185,61.94726310,-0.00005190,
1000000.00000000,29.15935445,120.00000000,0.00000000,88.27242758,88.27242758,15.90925293,71.77404816,-0.00000059,
2.00000000,14.49046397,57.00000000,0.00000000,5.79380773,5.79380773,3.38121149,0.00000860,-1.20629382,
20.00000000,17.37678576,62.00000000,0.00000000,12.17419850,12.17419850,9.41331212,0.00453686,-0.13781748,
5.00000000,14.21728826,45.00000000,0.00000000,8.20544533,8.20544533,5.39043582,0.00011580,-0.56297874,
50.00000000,21.36142015,79.00000000,0.00000000,14.55698396,14.55698396,12.04618960,0.02899250,-0.04963604,