alpha,kish[0],relkish[0],
inf,0.00000988,1.00000000,
0.01000000,0.05070724,5131.57228690,
0.10000000,0.04972018,5031.68224471,
1.00000000,0.03890984,3937.67623865,
10.00000000,0.00190483,192.76878999,
100.00000000,0.00007322,7.41030448,
1000.00000000,0.00002130,2.15551854,
10000.00000000,0.00001122,1.13516163,
100000.00000000,0.00000994,1.00627804,
1000000.00000000,0.00000988,1.00010448,
2.00000000,0.02729732,2762.48864176,
20.00000000,0.00042756,43.26931619,
5.00000000,0.00929740,940.89685718,
50.00000000,0.00013005,13.16100926,