alpha,time,niter,nfail,train_lossf,train_lossf[0],errorf[0][0],errorf[0][1],train_Srel[0],
inf,0.00000000,0.00000000,0.00000000,687.77805981,687.77805981,59.42400774,628.35405207,0.00000000,
0.01000000,763.81585431,2061.00000000,0.00000000,4.01778842,4.01778842,3.92950714,0.00842106,-7.98602200,
0.10000000,130.25716424,579.00000000,0.00000000,4.71517152,4.71517152,3.94604798,0.00023751,-7.68886037,
1.00000000,26.53337789,145.00000000,0.00000000,9.92955668,9.92955668,5.68245266,0.00004349,-4.24706053,
10.00000000,23.81675458,106.00000000,0.00000000,24.44371841,24.44371841,15.87293091,0.00438602,-0.85664015,
100.00000000,53.58366179,199.00000000,0.00000000,51.83135376,51.83135376,34.72282643,0.34859752,-0.16759930,
1000.00000000,103.24231172,413.00000000,0.00000000,124.26208117,124.26208117,53.39173831,15.02994117,-0.05584040,
10000.00000000,154.97260475,580.00000000,0.00000000,340.18268636,340.18268636,59.18698140,154.68633640,-0.01263094,
100000.00000000,137.60757494,637.00000000,0.00000000,595.20641176,595.20641176,59.56008418,462.67952404,-0.00072967,
1000000.00000000,211.82620096,562.00000000,0.00000000,676.15667236,676.15667236,59.44331692,606.08583603,-0.00001063,
2.00000000,23.88993764,120.00000000,0.00000000,13.29685709,13.29685709,7.84085682,0.00033464,-2.72783282,
20.00000000,23.53122973,119.00000000,0.00000000,30.94767937,30.94767937,20.69483650,0.01343561,-0.51197036,
5.00000000,23.84044743,104.00000000,0.00000000,19.02840787,19.02840787,11.93240762,0.00103284,-1.41899348,
50.00000000,47.50159240,168.00000000,0.00000000,41.56343598,41.56343598,28.32001590,0.09252809,-0.26301784,