alpha,kish[0],relkish[0],
inf,0.00001196,1.00000000,
0.01000000,0.03722476,3111.98953118,
0.10000000,0.02871435,2400.52002716,
1.00000000,0.00329387,275.36776595,
10.00000000,0.00004321,3.61260150,
100.00000000,0.00001823,1.52396737,
1000.00000000,0.00001373,1.14791776,
10000.00000000,0.00001224,1.02296068,
100000.00000000,0.00001197,1.00072363,
1000000.00000000,0.00001196,1.00000858,
2.00000000,0.00130757,109.31257506,
20.00000000,0.00002639,2.20582023,
5.00000000,0.00020319,16.98669670,
50.00000000,0.00002051,1.71447326,