alpha,seed,time,niter,nfail,train_lossf,test_lossf,train_lossf[0],test_lossf[0],errorf[0][0],errorf[0][1],errorf1[0][0],errorf1[0][1],errorf2[0][0],errorf2[0][1],train_Srel[0],test_Srel[0],
inf,1.00000000,0.00000000,0.00000000,0.00000000,9027.97459544,8897.27995715,9027.97459544,8897.27995715,136.41475813,8891.55983731,18.65838182,0.00000000,136.37336671,8742.24820861,0.00000000,0.00000000,
0.01000000,1.00000000,31465.03218770,9285.00000000,0.00000000,33.67144121,253809.75661350,33.67144121,253809.75661350,33.42203688,0.11908294,30.50403022,242823.82845135,8055.12733126,2900.16198740,-13.03214008,-13.48132674,alpha,seed,time,niter,nfail,train_lossf,test_lossf,train_lossf[0],test_lossf[0],errorf[0][0],errorf[0][1],errorf1[0][0],errorf1[0][1],errorf2[0][0],errorf2[0][1],train_Srel[0],test_Srel[0],
inf,10.00000000,0.00000000,0.00000000,0.00000000,8926.67361898,9058.44183373,8926.67361898,9058.44183373,116.00593542,8810.66768355,39.16209019,0.00000000,115.68042298,8903.59932056,0.00000000,-0.00000000,
0.01000000,10.00000000,19988.51213026,5206.00000000,0.00000000,32.09578943,726144.65862788,32.09578943,726144.65862788,31.94527912,0.03192281,19.93911412,630948.24579957,68.01285588,95108.30415514,-11.85875111,-15.67031729,alpha,seed,time,niter,nfail,train_lossf,test_lossf,train_lossf[0],test_lossf[0],errorf[0][0],errorf[0][1],errorf1[0][0],errorf1[0][1],errorf2[0][0],errorf2[0][1],train_Srel[0],test_Srel[0],
inf,11.00000000,0.00000000,0.00000000,0.00000000,2622.54108785,9011.62046830,2622.54108785,9011.62046830,62.12640369,2560.41468415,92.91052620,6273.84165270,62.19299256,2582.67529683,-0.00000000,0.00000000,
0.01000000,11.00000000,10170.44447041,5173.00000000,0.00000000,15.52614589,89439.84550794,15.52614589,89439.84550794,15.38902405,0.01976119,184.42948164,3200.58151818,428.97193728,85625.68374673,-11.73606475,-17.88241100,alpha,seed,time,niter,nfail,train_lossf,test_lossf,train_lossf[0],test_lossf[0],errorf[0][0],errorf[0][1],errorf1[0][0],errorf1[0][1],errorf2[0][0],errorf2[0][1],train_Srel[0],test_Srel[0],
inf,12.00000000,0.00000000,0.00000000,0.00000000,8955.04931396,9056.97171256,8955.04931396,9056.97171256,143.45378132,8811.59553264,11.73150060,0.00000000,143.07563267,8902.16457929,0.00000000,0.00000000,
0.01000000,12.00000000,19942.94109249,5071.00000000,0.00000000,36.20177679,838.56451166,36.20177679,838.56451166,35.95044375,0.12371141,36.71782624,83.58390235,717.89058044,0.22267025,-12.76216165,-14.95323726,alpha,seed,time,niter,nfail,train_lossf,test_lossf,train_lossf[0],test_lossf[0],errorf[0][0],errorf[0][1],errorf1[0][0],errorf1[0][1],errorf2[0][0],errorf2[0][1],train_Srel[0],test_Srel[0],
inf,13.00000000,0.00000000,0.00000000,0.00000000,150.40543148,8997.39418768,150.40543148,8997.39418768,138.07967795,12.32575353,16.94644225,8829.02793655,138.17899929,13.24080959,0.00000000,-0.00000000,
0.01000000,13.00000000,8421.44459701,2195.00000000,0.00000000,32.14226282,8144.38305510,32.14226282,8144.38305510,32.00515076,0.02253129,24.66524400,55.01106421,851.26460432,7213.27186612,-11.45807688,-17.02764551,alpha,seed,time,niter,nfail,train_lossf,test_lossf,train_lossf[0],test_lossf[0],errorf[0][0],errorf[0][1],errorf1[0][0],errorf1[0][1],errorf2[0][0],errorf2[0][1],train_Srel[0],test_Srel[0],
inf,14.00000000,0.00000000,0.00000000,0.00000000,8758.90374951,9065.49210280,8758.90374951,9065.49210280,69.68169932,8689.22205020,85.23968336,118.26475856,70.09574202,8791.89191887,0.00000000,-0.00000000,
0.01000000,14.00000000,24850.95499301,7561.00000000,0.00000000,16.22612645,96837.02001385,16.22612645,96837.02001385,15.97622573,0.12426497,161.83212400,29.44233787,139.80631504,96505.80236403,-12.56357507,-13.68729131,alpha,seed,time,niter,nfail,train_lossf,test_lossf,train_lossf[0],test_lossf[0],errorf[0][0],errorf[0][1],errorf1[0][0],errorf1[0][1],errorf2[0][0],errorf2[0][1],train_Srel[0],test_Srel[0],
inf,15.00000000,0.00000000,0.00000000,0.00000000,6476.46161785,9123.49509145,6476.46161785,9123.49509145,134.87090480,6341.59071305,20.22381592,2436.92152529,134.76546195,6531.58428828,0.00000000,-0.00000000,
0.01000000,15.00000000,20915.07911849,5487.00000000,0.00000000,32.40618142,272.18590425,32.40618142,272.18590425,32.03517713,0.24839025,31.65939024,144.98965185,85.57737763,9.79678370,-12.26140422,-16.27008175,alpha,seed,time,niter,nfail,train_lossf,test_lossf,train_lossf[0],test_lossf[0],errorf[0][0],errorf[0][1],errorf1[0][0],errorf1[0][1],errorf2[0][0],errorf2[0][1],train_Srel[0],test_Srel[0],
inf,16.00000000,0.00000000,0.00000000,0.00000000,2708.35699638,8980.70433606,2708.35699638,8980.70433606,132.48765448,2575.86934190,22.58849843,6273.84165270,132.43649950,2551.83768542,-0.00000000,0.00000000,
0.01000000,16.00000000,22467.66006947,6099.00000000,0.00000000,33.54636540,505.06077145,33.54636540,505.06077145,33.33918223,0.08776169,53.63798486,7.56841165,234.63514304,209.09543398,-11.94214734,-12.37979256,alpha,seed,time,niter,nfail,train_lossf,test_lossf,train_lossf[0],test_lossf[0],errorf[0][0],errorf[0][1],errorf1[0][0],errorf1[0][1],errorf2[0][0],errorf2[0][1],train_Srel[0],test_Srel[0],
inf,17.00000000,0.00000000,0.00000000,0.00000000,2479.71443525,9000.23573613,2479.71443525,9000.23573613,44.53217341,2435.18226184,110.50362496,6404.73221830,44.60217115,2440.39772172,-0.00000000,-0.00000000,
0.01000000,17.00000000,15622.21892071,4935.00000000,0.00000000,16.32068411,52465.72129624,16.32068411,52465.72129624,16.17317516,0.03238069,71.85352389,13152.10456471,105.13149672,39136.47359668,-11.51282639,-15.81142489,alpha,seed,time,niter,nfail,train_lossf,test_lossf,train_lossf[0],test_lossf[0],errorf[0][0],errorf[0][1],errorf1[0][0],errorf1[0][1],errorf2[0][0],errorf2[0][1],train_Srel[0],test_Srel[0],
inf,18.00000000,0.00000000,0.00000000,0.00000000,82.50510786,8996.62482276,82.50510786,8996.62482276,69.49404498,13.01106288,85.39768475,8828.86092436,69.99909956,12.36711409,0.00000000,-0.00000000,
0.01000000,18.00000000,18301.01812267,5853.00000000,0.00000000,16.10376500,75535.15267678,16.10376500,75535.15267678,15.97116003,0.01566637,131.17454191,18405.05994120,236.17572750,56762.60640641,-11.69385961,-13.60597607,alpha,seed,time,niter,nfail,train_lossf,test_lossf,train_lossf[0],test_lossf[0],errorf[0][0],errorf[0][1],errorf1[0][0],errorf1[0][1],errorf2[0][0],errorf2[0][1],train_Srel[0],test_Srel[0],
inf,19.00000000,0.00000000,0.00000000,0.00000000,8744.72586922,9073.93576411,8744.72586922,9073.93576411,59.50646862,8685.21940061,95.49125556,118.26475856,59.69145133,8800.48829866,0.00000000,-0.00000000,
0.01000000,19.00000000,21965.07383609,7566.00000000,0.00000000,15.70058710,16423.02446430,15.70058710,16423.02446430,15.43729563,0.14339499,59.78614538,6445.42431136,102.35434967,9815.32744796,-11.98964822,-13.22099388,alpha,seed,time,niter,nfail,train_lossf,test_lossf,train_lossf[0],test_lossf[0],errorf[0][0],errorf[0][1],errorf1[0][0],errorf1[0][1],errorf2[0][0],errorf2[0][1],train_Srel[0],test_Srel[0],
inf,2.00000000,0.00000000,0.00000000,0.00000000,8921.85643316,8961.09795060,8921.85643316,8961.09795060,62.19907740,8859.65735576,92.84225447,0.00000000,62.25222953,8806.00346660,-0.00000000,0.00000000,
0.01000000,2.00000000,34706.77484417,11336.00000000,0.00000000,15.31645054,487926.91176766,15.31645054,487926.91176766,15.14297315,0.05224266,104.29291279,430.09970615,741.14989812,486651.18120800,-12.12347332,-18.80425955,alpha,seed,time,niter,nfail,train_lossf,test_lossf,train_lossf[0],test_lossf[0],errorf[0][0],errorf[0][1],errorf1[0][0],errorf1[0][1],errorf2[0][0],errorf2[0][1],train_Srel[0],test_Srel[0],
inf,20.00000000,0.00000000,0.00000000,0.00000000,6458.65120205,9022.23872903,6458.65120205,9022.23872903,66.52101348,6392.13018858,88.51688205,2436.75451310,66.58435491,6430.38297898,-0.00000000,-0.00000000,
0.01000000,20.00000000,27778.68665695,8142.00000000,0.00000000,15.94926764,3649.16065486,15.94926764,3649.16065486,15.74383210,0.08945116,61.20224041,3240.87955946,92.23309573,254.72170553,-11.59843770,-12.40537260,alpha,seed,time,niter,nfail,train_lossf,test_lossf,train_lossf[0],test_lossf[0],errorf[0][0],errorf[0][1],errorf1[0][0],errorf1[0][1],errorf2[0][0],errorf2[0][1],train_Srel[0],test_Srel[0],
inf,3.00000000,0.00000000,0.00000000,0.00000000,8945.77281514,9042.10457676,8945.77281514,9042.10457676,139.65383200,8806.11898314,15.73924992,12.62580704,138.65466659,8875.08485320,0.00000000,-0.00000000,
0.01000000,3.00000000,17782.03012133,5273.00000000,0.00000000,37.73822489,726144.65859737,37.73822489,726144.65859737,35.62227031,1.98608017,20.71880737,730.85701203,67.23316263,725325.69294268,-12.98744097,-15.66726651,alpha,seed,time,niter,nfail,train_lossf,test_lossf,train_lossf[0],test_lossf[0],errorf[0][0],errorf[0][1],errorf1[0][0],errorf1[0][1],errorf2[0][0],errorf2[0][1],train_Srel[0],test_Srel[0],
inf,5.00000000,0.00000000,0.00000000,0.00000000,2722.95430952,8977.29078301,2722.95430952,8977.29078301,145.22955952,2577.72475000,9.64584191,6273.84165270,145.78320865,2548.02007975,0.00000000,0.00000000,
0.01000000,5.00000000,14151.45110130,4178.00000000,0.00000000,36.19697736,14323.60498251,36.19697736,14323.60498251,36.06521213,0.01135300,102.08288847,2728.07424750,119.26655753,11374.04105052,-12.04122296,-14.02384876,alpha,seed,time,niter,nfail,train_lossf,test_lossf,train_lossf[0],test_lossf[0],errorf[0][0],errorf[0][1],errorf1[0][0],errorf1[0][1],errorf2[0][0],errorf2[0][1],train_Srel[0],test_Srel[0],
inf,6.00000000,0.00000000,0.00000000,0.00000000,6548.90871880,8969.71736937,6548.90871880,8969.71736937,130.45928112,6418.44943768,24.51831256,2436.75451310,130.70527605,6377.73926767,-0.00000000,0.00000000,
0.01000000,6.00000000,19380.84803176,4502.00000000,0.00000000,29.76260466,22053.20049081,29.76260466,22053.20049081,29.53107649,0.10607983,27.64393535,1110.95883039,512.43244406,20402.02672802,-12.54483268,-13.85529829,alpha,seed,time,niter,nfail,train_lossf,test_lossf,train_lossf[0],test_lossf[0],errorf[0][0],errorf[0][1],errorf1[0][0],errorf1[0][1],errorf2[0][0],errorf2[0][1],train_Srel[0],test_Srel[0],
inf,7.00000000,0.00000000,0.00000000,0.00000000,8951.09839737,8995.07695758,8951.09839737,8995.07695758,121.42113567,8829.67726170,33.67863517,12.79281924,121.29890606,8827.30659710,0.00000000,0.00000000,
0.01000000,7.00000000,20928.12303185,5757.00000000,0.00000000,35.21259832,35849.79960124,35.21259832,35849.79960124,34.96719206,0.12582349,346.81127942,33247.62198451,1801.06350714,454.17034578,-11.95827718,-13.24843895,alpha,seed,time,niter,nfail,train_lossf,test_lossf,train_lossf[0],test_lossf[0],errorf[0][0],errorf[0][1],errorf1[0][0],errorf1[0][1],errorf2[0][0],errorf2[0][1],train_Srel[0],test_Srel[0],
inf,8.00000000,0.00000000,0.00000000,0.00000000,8740.66108444,9096.34548988,8740.66108444,9096.34548988,67.10184413,8673.55924031,88.01739551,118.26475856,66.92247381,8823.14086201,0.00000000,0.00000000,
0.01000000,8.00000000,38570.23343205,12181.00000000,0.00000000,18.54591866,23524.68442898,18.54591866,23524.68442898,18.26128118,0.16778555,61.84077754,224.93312910,437.63958115,22800.11123356,-11.68519343,-15.97076347,alpha,seed,time,niter,nfail,train_lossf,test_lossf,train_lossf[0],test_lossf[0],errorf[0][0],errorf[0][1],errorf1[0][0],errorf1[0][1],errorf2[0][0],errorf2[0][1],train_Srel[0],test_Srel[0],
inf,9.00000000,0.00000000,0.00000000,0.00000000,2675.71937584,8992.54728530,2675.71937584,8992.54728530,118.50609152,2557.21328432,36.62972006,6286.46745974,118.27641531,2551.17369018,0.00000000,0.00000000,
0.01000000,9.00000000,16513.11424279,4583.00000000,0.00000000,33.29829890,253809.75663567,33.29829890,253809.75663567,33.09981431,0.08419298,184.99880879,2497.31599052,7900.63255269,243226.67444823,-11.42916073,-13.48354344,
0.10000000,1.00000000,9081.20000887,2655.00000000,0.00000000,34.78855863,253810.96993291,34.78855863,253810.96993291,33.48566399,0.04843095,30.50403022,242823.82845135,8055.12733126,2900.16198740,-12.54463682,-13.48132674,
0.10000000,10.00000000,6131.65420341,1840.00000000,0.00000000,33.13290427,726146.06559886,33.13290427,726146.06559886,31.94313051,0.01982820,19.93911410,630948.24288875,68.01285573,95108.30370855,-11.69945566,-15.67031725,
0.10000000,11.00000000,4606.37516904,1544.00000000,0.00000000,16.56557629,89441.45492493,16.56557629,89441.45492493,15.40971786,0.01005916,184.42948164,3200.58151818,428.97193728,85625.68374673,-11.45799261,-17.88241100,
0.10000000,12.00000000,3912.21506429,1507.00000000,0.00000000,37.27084264,839.91030301,37.27084264,839.91030301,35.97564846,0.03596377,36.71782624,83.58390235,717.89058044,0.22267025,-12.59230419,-14.95323726,
0.10000000,13.00000000,2125.18041492,611.00000000,0.00000000,33.15588151,8142.41331762,33.15588151,8142.41331762,32.01763245,0.00560860,24.65761967,54.97845709,850.93055992,7210.14422678,-11.32640457,-17.02454158,
0.10000000,14.00000000,10958.69151521,2758.00000000,0.00000000,17.24850313,77020.09064081,17.24850313,77020.09064081,16.01204836,0.02170800,152.13681826,21.39654797,114.40079919,76730.79471751,-12.14746770,-13.61757877,
0.10000000,15.00000000,4300.30180097,1463.00000000,0.00000000,33.30031922,269.39488460,33.30031922,269.39488460,32.07379846,0.02205061,31.33662276,141.95702120,85.05052159,9.43188011,-12.04470150,-16.18838942,
0.10000000,16.00000000,9627.44142032,2520.00000000,0.00000000,34.58176960,505.92384866,34.58176960,505.92384866,33.38552052,0.02843560,53.62159531,7.64897888,234.51301085,208.90263438,-11.67813478,-12.37629249,
0.10000000,17.00000000,3442.70113730,1565.00000000,0.00000000,17.32778099,52467.11075741,17.32778099,52467.11075741,16.19449177,0.01463406,71.85350607,13152.09601364,105.13143637,39136.44865941,-11.18655161,-15.81141923,
0.10000000,18.00000000,2918.21563101,1172.00000000,0.00000000,17.12248668,205304.76304249,17.12248668,205304.76304249,15.99503491,0.00433527,196.25633167,176159.08056153,87.75722370,28860.00781861,-11.23116509,-16.61106985,
0.10000000,19.00000000,3610.57378435,1873.00000000,0.00000000,16.66575249,16424.21435365,16.66575249,16424.21435365,15.49398529,0.02330348,59.78614538,6445.42431116,102.35434967,9815.32744805,-11.48463716,-13.22099388,
0.10000000,2.00000000,11334.72717047,3630.00000000,0.00000000,16.38391637,487924.24339708,16.38391637,487924.24339708,15.16686928,0.02774771,104.29271948,430.09443413,741.14322545,486646.83259927,-11.89299373,-18.80418744,
0.10000000,20.00000000,6976.61403966,1889.00000000,0.00000000,16.92833073,3649.94252206,16.92833073,3649.94252206,15.78418461,0.01765048,61.20103119,3240.59127662,92.22358203,254.68613959,-11.26495637,-12.40492623,
0.10000000,3.00000000,9374.72924256,2456.00000000,0.00000000,36.99083288,726146.06865136,36.99083288,726146.06865136,35.65713926,0.06297227,20.71880737,730.85701203,67.23316263,725325.69294268,-12.70721347,-15.66726651,
0.10000000,4.00000000,11767.65035009,2841.00000000,0.00000000,30.72220259,253810.96988093,30.72220259,253810.96988093,29.41824021,0.07234871,183.50073625,17577.81331241,7902.13062524,228146.17712634,-12.31613664,-13.48080695,
0.10000000,5.00000000,5326.95499992,1508.00000000,0.00000000,37.26166193,14257.92403073,37.26166193,14257.92403073,36.07555938,0.01517027,101.62783271,2714.39604267,118.79732546,11321.70168183,-11.70932282,-14.01148067,
0.10000000,6.00000000,4552.88860917,1377.00000000,0.00000000,30.79263167,267885.59250037,30.79263167,267885.59250037,29.55202188,0.00325494,36.23868744,238436.94700831,84.98965521,29325.94679886,-12.37354848,-14.70350549,
0.10000000,7.00000000,7766.48015022,2133.00000000,0.00000000,36.22394765,141.60084083,36.22394765,141.60084083,35.00487503,0.03248936,40.64531529,0.00000000,77.20749122,22.14688472,-11.86583256,-16.01149595,
0.10000000,8.00000000,9957.10024047,2969.00000000,0.00000000,19.45918215,23467.11673103,19.45918215,23467.11673103,18.29979433,0.03126824,61.85110274,224.19985795,436.65428886,22742.81561389,-11.28119586,-15.95867588,
0.10000000,9.00000000,3375.47782755,1245.00000000,0.00000000,34.28193244,253810.97015458,34.28193244,253810.97015458,33.12260377,0.03030192,184.99880879,2497.31599052,7900.63255269,243226.67444823,-11.29026748,-13.48354344,
1000000.00000000,1.00000000,6532.66276789,2139.00000000,0.00000000,8791.16324373,8676.95614918,8791.16324373,8676.95614918,136.41464595,8443.59430191,18.64971381,0.00000000,136.36673682,8321.36079095,-0.00021115,-0.00020058,
1000000.00000000,10.00000000,6424.32066917,2120.00000000,0.00000000,8698.71363986,8826.18812760,8698.71363986,8826.18812760,116.04923334,8403.60741453,39.11080391,0.00000000,115.72313889,8490.71028259,-0.00017906,-0.00018064,
1000000.00000000,11.00000000,1421.20832801,794.00000000,0.00000000,2607.65151490,8996.62841184,2607.65151490,8996.62841184,62.10415010,2529.28175723,92.88748771,6273.96015311,62.17001832,2551.27763588,-0.00001627,-0.00001633,
1000000.00000000,12.00000000,9365.46609521,2740.00000000,0.00000000,8727.07151587,8819.91834596,8727.07151587,8819.91834596,143.44576599,8349.48070160,11.73365061,0.00000000,143.05600632,8425.27806985,-0.00023415,-0.00023985,
1000000.00000000,13.00000000,1108.19503689,350.00000000,0.00000000,150.37867961,8997.38330521,150.37867961,8997.38330521,138.06971481,12.27785762,16.94615846,8829.04683046,138.16894078,13.18919342,-0.00000003,-0.00000003,
1000000.00000000,14.00000000,3260.40297866,1363.00000000,0.00000000,8529.97574246,8831.89578866,8529.97574246,8831.89578866,69.66220630,8243.97573196,85.25989756,117.78095964,70.07411680,8341.52826154,-0.00021634,-0.00021725,
1000000.00000000,15.00000000,6541.24702287,2018.00000000,0.00000000,6266.09379377,8892.50943797,6266.09379377,8892.50943797,134.89529439,5943.26879863,20.21644861,2437.03415255,134.79127518,6099.91458183,-0.00018793,-0.00020055,
1000000.00000000,16.00000000,2825.13283300,1289.00000000,0.00000000,2693.19763815,8966.12645132,2693.19763815,8966.12645132,132.44572622,2546.80250829,22.58741433,6273.93036188,132.39395268,2523.59555542,-0.00001395,-0.00001362,
1000000.00000000,17.00000000,1149.02271366,337.00000000,0.00000000,2465.64487175,8986.17016236,2465.64487175,8986.17016236,44.52611652,2407.76698706,110.48206061,6404.91932816,44.59545283,2412.69808488,-0.00001335,-0.00001348,
1000000.00000000,18.00000000,530.25098538,208.00000000,0.00000000,82.48070597,8996.58351717,82.48070597,8996.58351717,69.48992420,12.96950819,85.39503922,8828.84571523,69.99486796,12.32656636,-0.00000002,-0.00000002,
1000000.00000000,19.00000000,9475.95609975,2875.00000000,0.00000000,8518.71058883,8834.88275101,8518.71058883,8834.88275101,59.44304189,8233.53024776,95.55913138,117.78926060,59.62754127,8327.54295079,-0.00022574,-0.00023436,
1000000.00000000,2.00000000,5533.10280299,2095.00000000,0.00000000,8688.00623706,8735.28607509,8688.00623706,8735.28607509,62.18621964,8391.39120943,92.84990333,0.00000000,62.24064802,8352.80509990,-0.00023443,-0.00022739,
1000000.00000000,20.00000000,5423.23817849,1704.00000000,0.00000000,6245.18348190,8802.81444276,6245.18348190,8802.81444276,66.52443635,6012.60282826,88.53283736,2436.87930651,66.58939709,6040.97085988,-0.00016606,-0.00016984,
1000000.00000000,3.00000000,5561.21134377,1728.00000000,0.00000000,8714.18211839,8813.23580478,8714.18211839,8813.23580478,139.63712498,8377.77470410,15.74516079,12.62073502,138.64298842,8452.46677990,-0.00019677,-0.00019376,
1000000.00000000,4.00000000,3989.00681567,1089.00000000,0.00000000,8689.94969160,8833.91192245,8689.94969160,8833.91192245,126.44896526,8340.63432700,28.66150064,12.78715411,126.27643693,8441.36709459,-0.00022287,-0.00022482,
1000000.00000000,5.00000000,2055.86906147,615.00000000,0.00000000,2707.84740833,8962.61747811,2707.84740833,8962.61747811,145.18802815,2548.36673984,9.64401657,6273.96069848,145.73802324,2519.11616466,-0.00001429,-0.00001416,
1000000.00000000,6.00000000,5616.42728162,1760.00000000,0.00000000,6334.40963876,8749.38891558,6334.40963876,8749.38891558,130.49119879,5975.81395122,24.51211539,2436.92157995,130.72568333,5921.60065918,-0.00022810,-0.00023563,
1000000.00000000,7.00000000,3734.87177515,1209.00000000,0.00000000,8718.34520595,8766.85978258,8718.34520595,8766.85978258,121.47494399,8387.37856344,33.62029379,12.78756842,121.35558724,8392.95411369,-0.00020949,-0.00020614,
1000000.00000000,8.00000000,5881.38058591,1980.00000000,0.00000000,8514.84116293,8859.10765665,8514.84116293,8859.10765665,67.10100925,8206.36201817,88.02092678,117.76775237,66.92471914,8339.05750973,-0.00024138,-0.00024734,
1000000.00000000,9.00000000,979.46473145,397.00000000,0.00000000,2660.78071395,8977.69930459,2660.78071395,8977.69930459,118.48358434,2527.42315300,36.61252493,6286.53443553,118.25466858,2521.42762606,-0.00001487,-0.00001487,
100000.00000000,1.00000000,5697.46650672,2647.00000000,0.00000000,7426.80003442,7376.32890608,7426.80003442,7376.32890608,136.29753761,6198.01086208,18.59506741,0.00000000,136.21257726,6157.38496639,-0.01092492,-0.01064136,
100000.00000000,10.00000000,10797.37869000,3588.00000000,0.00000000,7361.19189476,7467.30942834,7361.19189476,7467.30942834,116.28221668,6199.82505387,38.72125465,0.00000000,115.96007485,6259.67151350,-0.01045085,-0.01052957,
100000.00000000,11.00000000,3041.97852778,1000.00000000,0.00000000,2484.93885533,8873.03763772,2484.93885533,8873.03763772,61.92824152,2296.90941211,92.71012549,6274.73657132,61.98937929,2317.05929498,-0.00126101,-0.00126542,
100000.00000000,12.00000000,6083.46111131,2785.00000000,0.00000000,7396.58459507,7450.34233291,7396.58459507,7450.34233291,143.26276016,6183.37986097,11.74728180,0.00000000,142.82220387,6207.07809025,-0.01069942,-0.01088695,
100000.00000000,13.00000000,975.81326842,369.00000000,0.00000000,150.14065525,8997.29599815,150.14065525,8997.29599815,137.98640603,11.88807336,16.94381743,8829.22282716,138.08482338,12.76929326,-0.00000266,-0.00000275,
100000.00000000,14.00000000,5328.00563216,2250.00000000,0.00000000,7203.16486215,7478.03362524,7203.16486215,7478.03362524,69.48131341,6073.05004098,85.35135964,114.26688461,69.88618800,6140.77069512,-0.01060634,-0.01067758,
100000.00000000,15.00000000,5024.06443739,1442.00000000,0.00000000,5066.82240067,7610.99521089,5066.82240067,7610.99521089,134.98815946,4009.86557043,20.16926332,2436.52204498,134.88639234,4061.84290149,-0.00921969,-0.00957575,
100000.00000000,16.00000000,4704.94056177,1344.00000000,0.00000000,2568.53874557,8845.91175348,2568.53874557,8845.91175348,132.07716126,2308.77844438,22.57803828,6274.51891101,132.01885554,2292.01144238,-0.00127683,-0.00124785,
100000.00000000,17.00000000,943.68840241,356.00000000,0.00000000,2350.13239550,8870.44522323,2350.13239550,8870.44522323,44.47261791,2183.73601651,110.29412956,6406.06288131,44.53675713,2186.69528126,-0.00121924,-0.00122856,
100000.00000000,18.00000000,721.45862341,234.00000000,0.00000000,82.26374762,8996.24991645,82.26374762,8996.24991645,69.45469674,12.57729653,85.36996933,8828.74498906,69.95878596,11.94390969,-0.00000232,-0.00000232,
100000.00000000,19.00000000,3562.60840225,2003.00000000,0.00000000,7202.74118574,7460.29662074,7202.74118574,7460.29662074,59.03048774,6138.22406428,95.87039113,114.30154421,59.20463581,6156.40018540,-0.01005487,-0.01034520,
100000.00000000,2.00000000,4446.20265532,1322.00000000,0.00000000,7334.44959272,7412.47467465,7334.44959272,7412.47467465,62.05048023,6202.20144052,92.82702914,0.00000000,62.11624039,6206.92358744,-0.01070198,-0.01050608,
100000.00000000,20.00000000,5016.40434551,2321.00000000,0.00000000,5023.76472440,7561.68614491,5023.76472440,7561.68614491,66.51041724,4045.73845601,88.61827628,2436.63470001,66.59006298,4050.64111877,-0.00911516,-0.00919202,
100000.00000000,3.00000000,5232.37787724,1657.00000000,0.00000000,7370.40268194,7473.12419092,7370.40268194,7473.12419092,139.42998865,6213.05438170,15.78323420,12.42751627,138.48602271,6294.02894810,-0.01017918,-0.01012398,
100000.00000000,4.00000000,5896.03328395,2440.00000000,0.00000000,7358.61027318,7468.13771355,7358.61027318,7468.13771355,126.09425682,6155.35329191,28.89316433,12.56180132,125.86030197,6206.38357995,-0.01077163,-0.01094439,
100000.00000000,5.00000000,5081.11398602,1600.00000000,0.00000000,2583.63774965,8842.02436650,2583.63774965,8842.02436650,144.82992443,2312.75644106,9.62867058,6275.02387550,145.34901860,2287.24623296,-0.00126051,-0.00124777,
100000.00000000,6.00000000,5710.91844559,2576.00000000,0.00000000,5110.95098611,7515.42194711,5110.95098611,7515.42194711,130.59882100,4006.54449149,24.47630721,2436.45439023,130.75435085,3944.02752385,-0.00973808,-0.00979709,
100000.00000000,7.00000000,4801.56218767,1970.00000000,0.00000000,7373.68682321,7434.49144057,7373.68682321,7434.49144057,121.72707825,6258.96993882,33.23647448,12.57007287,121.62161326,6278.54472028,-0.00992990,-0.00988519,
100000.00000000,8.00000000,5538.60400867,1948.00000000,0.00000000,7195.90353761,7487.13370747,7195.90353761,7487.13370747,67.03668711,6064.95809753,87.98128485,114.22883703,66.88061678,6132.60244245,-0.01063909,-0.01085441,
100000.00000000,9.00000000,1444.86704683,454.00000000,0.00000000,2538.06424730,8855.49398073,2538.06424730,8855.49398073,118.29155082,2291.60148621,36.46733918,6286.81789998,118.06859549,2286.09452085,-0.00128171,-0.00128046,
1000.00000000,1.00000000,5586.30013347,2340.00000000,0.00000000,1379.46032309,1407.76848302,1379.46032309,1407.76848302,124.82922551,467.54913893,18.18885870,20.50536464,124.91563082,458.52646875,-0.78708196,-0.78563216,
1000.00000000,10.00000000,6211.15397573,2576.00000000,0.00000000,1360.31904193,1402.23540367,1360.31904193,1402.23540367,111.01768753,465.13136325,33.98361077,3.71479945,110.75061895,464.56122696,-0.78416999,-0.78922515,
1000.00000000,11.00000000,3433.21444583,1148.00000000,0.00000000,706.85320841,7039.29150627,706.85320841,7039.29150627,56.23849850,273.01024337,88.33159869,6239.93831056,56.34195652,275.13449505,-0.37760447,-0.37954515,
1000.00000000,12.00000000,8221.16117215,3399.00000000,0.00000000,1378.07972440,1431.06104857,1378.07972440,1431.06104857,130.93059170,459.39014761,11.99810220,43.73999471,130.59398634,456.82079554,-0.78775899,-0.78790817,
1000.00000000,13.00000000,1703.02510071,564.00000000,0.00000000,139.19503726,9001.65761357,139.19503726,9001.65761357,131.69566894,1.77444584,16.83098252,8845.33244645,131.69906781,1.95650996,-0.00572492,-0.00583861,
1000.00000000,14.00000000,10206.39662600,3118.00000000,0.00000000,1293.25548244,1450.53145677,1293.25548244,1450.53145677,61.90427140,459.26936177,84.02046157,64.08529922,62.76346512,465.67293727,-0.77208185,-0.77398929,
1000.00000000,15.00000000,6094.78228331,2566.00000000,0.00000000,754.75414687,3180.60756153,754.75414687,3180.60756153,128.23666336,195.06172829,19.90081351,2401.67637507,128.01788108,196.69176591,-0.43145576,-0.43432073,
1000.00000000,16.00000000,2917.87240028,1444.00000000,0.00000000,773.07957856,7023.55148153,773.07957856,7023.55148153,120.11260903,272.25309588,22.38118387,6228.04899109,119.88449936,273.81296297,-0.38071387,-0.37942384,
1000.00000000,17.00000000,2388.06498361,868.00000000,0.00000000,679.05919613,7115.79875592,679.05919613,7115.79875592,42.83788667,275.25963244,105.34539414,6331.36341073,42.88086036,275.32994568,-0.36096168,-0.36087915,
1000.00000000,18.00000000,1463.31904411,395.00000000,0.00000000,73.08037311,8973.21301213,73.08037311,8973.21301213,66.66243931,2.16560054,84.32597345,8815.61317561,67.07234812,1.94221267,-0.00425233,-0.00425930,
1000.00000000,19.00000000,10787.95330071,3242.00000000,0.00000000,1292.48939059,1429.16735483,1292.48939059,1429.16735483,52.73026844,470.73433831,93.87714102,44.02571345,52.83789827,470.88129183,-0.76902478,-0.76754531,
1000.00000000,2.00000000,4207.76538134,2375.00000000,0.00000000,1302.40884079,1408.91166263,1302.40884079,1408.91166263,56.03333762,462.48125155,89.55390719,11.98850210,56.23684675,468.12760178,-0.78389425,-0.78300480,
1000.00000000,20.00000000,9962.53921342,2869.00000000,0.00000000,692.60136549,3178.16420036,692.60136549,3178.16420036,62.09273709,202.03136851,88.60997233,2394.66838754,62.41904741,203.19222428,-0.42847726,-0.42927457,
1000.00000000,3.00000000,7464.83995628,2085.00000000,0.00000000,1371.74503383,1414.00624509,1371.74503383,1414.00624509,127.32397864,459.95290337,16.13871787,20.75131853,127.18652808,458.02042336,-0.78446815,-0.79190926,
1000.00000000,4.00000000,7352.92774510,3062.00000000,0.00000000,1364.70245698,1399.03857137,1364.70245698,1399.03857137,114.51440145,463.50877529,29.43760506,4.53878381,113.92663054,461.89603470,-0.78667928,-0.78923952,
1000.00000000,5.00000000,5892.66584778,1997.00000000,0.00000000,787.02156828,7063.32104294,787.02156828,7063.32104294,132.88272676,272.21996732,9.32906497,6269.87491685,132.93033417,270.91000087,-0.38191887,-0.38027673,
1000.00000000,6.00000000,6714.66291952,2941.00000000,0.00000000,757.28595619,3174.56076539,757.28595619,3174.56076539,123.98529763,203.28970036,24.24061836,2395.96177602,123.84828385,202.23655080,-0.43001096,-0.42827354,
1000.00000000,7.00000000,9718.11616254,2553.00000000,0.00000000,1365.35262472,1401.78042829,1365.35262472,1401.78042829,116.45966319,461.49524311,28.96978660,5.19068939,116.06034612,462.64908843,-0.78739772,-0.78891052,
1000.00000000,8.00000000,4678.94426179,2488.00000000,0.00000000,1297.14838640,1440.46954201,1297.14838640,1440.46954201,61.43966040,462.04284025,84.90792557,53.94191737,61.37303007,462.42360087,-0.77366589,-0.77782307,
1000.00000000,9.00000000,1809.95145822,755.00000000,0.00000000,762.49990183,7083.86696786,762.49990183,7083.86696786,111.85084178,273.19868572,32.96244897,6289.34622729,111.72847496,273.05785644,-0.37745037,-0.37677196,
100.00000000,1.00000000,8805.04403615,2723.00000000,0.00000000,343.06427969,493.56013490,343.06427969,493.56013490,97.73318796,41.23500057,17.77538514,134.05820578,98.53752383,40.83960714,-2.04096091,-2.02349413,
100.00000000,10.00000000,9281.01149178,2793.00000000,0.00000000,332.39302848,424.00270896,332.39302848,424.00270896,89.90595185,40.86660152,32.32735973,59.65183417,89.75893175,39.11784677,-2.01620475,-2.03146737,
100.00000000,11.00000000,4442.52522755,1484.00000000,0.00000000,181.57654066,6494.13800072,181.57654066,6494.13800072,46.00467674,26.62109512,85.52877891,6226.37171688,45.95464188,26.81223216,-1.08950769,-1.09470631,
100.00000000,12.00000000,8814.23218179,2470.00000000,0.00000000,343.94812318,620.08586037,343.94812318,620.08586037,103.36163201,39.07304668,12.05081168,263.43901359,103.56684479,41.64432737,-2.01513444,-1.99384863,
100.00000000,13.00000000,1132.80384946,372.00000000,0.00000000,119.65567530,9142.99929589,119.65567530,9142.99929589,107.15642774,0.00098583,16.65369502,9006.80934728,106.90853958,0.01738951,-0.12498262,-0.12610325,
100.00000000,14.00000000,5133.92981219,2319.00000000,0.00000000,282.73780077,503.61345219,282.73780077,503.61345219,49.16569149,38.92971600,83.11532248,134.98909930,49.67067391,40.68262702,-1.94642393,-1.95155729,
100.00000000,15.00000000,4213.85313249,1827.00000000,0.00000000,218.31407274,2568.47397126,218.31407274,2568.47397126,102.97143571,14.07706233,19.81641186,2330.04458572,102.63105414,14.18159698,-1.01265575,-1.01800323,
100.00000000,16.00000000,4948.15465760,1492.00000000,0.00000000,237.32768216,6360.94875019,237.32768216,6360.94875019,95.62836599,26.09542606,22.09134844,6101.32216300,95.55223343,26.87620882,-1.15603890,-1.15106797,
100.00000000,17.00000000,999.18157458,555.00000000,0.00000000,172.54557149,6750.87543825,172.54557149,6750.87543825,39.95709065,27.54362528,100.55894115,6477.66202198,39.99510189,27.69398009,-1.05044856,-1.04965393,
100.00000000,18.00000000,899.13746953,307.00000000,0.00000000,62.35825282,8875.81486550,62.35825282,8875.81486550,57.03424046,0.06146665,83.78222775,8729.48174505,57.17685775,0.04556453,-0.05262546,-0.05328470,
100.00000000,19.00000000,5298.04842305,3055.00000000,0.00000000,281.39997828,378.10229445,281.39997828,378.10229445,44.10653201,42.58757097,90.07210406,5.62870182,44.60399339,44.37219626,-1.94705875,-1.93425299,
100.00000000,2.00000000,7152.54375958,2162.00000000,0.00000000,281.04904648,432.73396829,281.04904648,432.73396829,45.49597499,40.99125696,87.43136528,62.98075989,45.56685132,41.44973285,-1.94561815,-1.95305259,
100.00000000,20.00000000,5781.66010380,2864.00000000,0.00000000,162.38017465,2553.10580962,162.38017465,2553.10580962,51.65342687,15.03798360,89.23641881,2300.86138999,51.84399426,15.26778673,-0.95688764,-0.95896220,
100.00000000,3.00000000,10205.46851087,2941.00000000,0.00000000,341.25746449,455.93760522,341.25746449,455.93760522,99.62144438,39.92639655,16.25904258,98.24261998,99.64031278,39.32786830,-2.01709624,-2.02467762,
100.00000000,4.00000000,5933.67977762,2639.00000000,0.00000000,332.77958090,398.17029843,332.77958090,398.17029843,89.50580341,40.81598880,27.74036177,36.90167883,89.74747903,42.83438249,-2.02457789,-2.00946396,
100.00000000,5.00000000,3509.83123350,1540.00000000,0.00000000,249.85275160,6666.32430678,249.85275160,6666.32430678,107.03427270,26.29420403,9.14375623,6408.11371381,106.88587759,25.53202331,-1.16524275,-1.16648936,
100.00000000,6.00000000,5638.97862482,1910.00000000,0.00000000,217.37077023,2560.59290434,217.37077023,2560.59290434,98.55283164,15.30334018,24.14763290,2319.66972837,98.53818228,14.90191748,-1.03514598,-1.03335443,
100.00000000,7.00000000,9676.31003571,2822.00000000,0.00000000,337.08116935,428.60671348,337.08116935,428.60671348,94.95769659,40.27707723,27.60354532,64.17547088,94.23423127,39.54992076,-2.01846396,-2.03043545,
100.00000000,8.00000000,5338.97401571,2795.00000000,0.00000000,286.86766396,441.22518546,286.86766396,441.22518546,50.63800363,41.17316665,82.54562489,71.57180553,50.39138199,40.50057634,-1.95056494,-1.96215797,
100.00000000,9.00000000,2441.68108487,993.00000000,0.00000000,233.69334803,6886.37556045,233.69334803,6886.37556045,93.83153844,26.30574727,29.84115978,6622.69660345,94.00568542,26.88584974,-1.13556062,-1.12946262,
10.00000000,1.00000000,3737.02111411,1202.00000000,0.00000000,102.85808734,497.19852805,102.85808734,497.19852805,55.78759713,1.30332830,16.79216085,351.07548842,57.04053136,27.30198998,-4.57671619,-4.49883575,
10.00000000,10.00000000,3419.99866629,1057.00000000,0.00000000,97.64900732,422.66325217,97.64900732,422.66325217,52.95957432,1.20511937,37.94021480,284.20401627,54.46906233,3.73641476,-4.34843136,-4.23135440,
10.00000000,11.00000000,1660.08700204,806.00000000,0.00000000,55.71772528,5589.19545490,55.71772528,5589.19545490,32.53532098,0.94240342,83.15843751,5446.20303192,32.57524899,4.88542593,-2.22400009,-2.23733105,
10.00000000,12.00000000,4062.77380347,1197.00000000,0.00000000,107.34180037,651.62938033,107.34180037,651.62938033,60.72852830,1.16446755,11.56609325,531.93782720,60.94241735,1.84324154,-4.54488045,-4.53398010,
10.00000000,13.00000000,559.37113929,246.00000000,0.00000000,81.02315222,8518.88002778,81.02315222,8518.88002778,61.71392156,0.00003648,16.44131968,8420.15462796,61.37908986,1.35004909,-1.93091942,-1.95549412,
10.00000000,14.00000000,5109.35380149,1314.00000000,0.00000000,68.74213124,492.67708028,68.74213124,492.67708028,33.39032283,1.08611440,85.85325728,335.44043864,32.93138532,3.27836750,-3.42656940,-3.51736315,
10.00000000,15.00000000,2060.75882554,771.00000000,0.00000000,89.11959064,1935.34213054,89.11959064,1935.34213054,58.22354597,0.34357717,18.94203498,1812.76642168,58.16508676,14.99722725,-3.05524675,-3.04713599,
10.00000000,16.00000000,1541.37489843,520.00000000,0.00000000,90.30244640,5078.46779226,90.30244640,5078.46779226,56.76799749,0.87513004,21.85325720,4965.35837494,57.15454447,2.06471176,-3.26593189,-3.20369039,
10.00000000,17.00000000,2122.83445096,649.00000000,0.00000000,52.98826860,7073.10235203,52.98826860,7073.10235203,31.47301437,1.01652543,98.69875181,6919.53134291,31.45963404,2.88078031,-2.04987288,-2.05318430,
10.00000000,18.00000000,868.53090191,281.00000000,0.00000000,47.50018209,7458.40545966,47.50018209,7458.40545966,39.12717644,0.00292013,86.52066665,7324.15549091,39.48673040,0.07235598,-0.83700855,-0.81702157,
10.00000000,19.00000000,5514.12155294,1725.00000000,0.00000000,66.85182335,199.74795803,66.85182335,199.74795803,31.35276977,1.30936783,92.45254622,38.90449150,31.81436739,2.75625887,-3.41896857,-3.38202940,
10.00000000,2.00000000,3044.98627901,1048.00000000,0.00000000,67.11254214,262.87112258,67.11254214,262.87112258,31.71129725,1.27779401,89.16640608,106.46007798,31.29308365,1.21756373,-3.41234509,-3.47339911,
10.00000000,20.00000000,3669.12846351,1003.00000000,0.00000000,55.97741607,1682.54651370,55.97741607,1682.54651370,36.08120391,0.44097974,89.50115389,1536.91457526,35.81579388,0.50230451,-1.94552324,-1.98126862,
10.00000000,3.00000000,5134.25648570,1734.00000000,0.00000000,104.35526021,239.87662419,104.35526021,239.87662419,58.09713542,1.28905148,16.23506612,112.13889359,58.79711526,8.10163861,-4.49690733,-4.46039106,
10.00000000,4.00000000,4230.67117715,1487.00000000,0.00000000,97.09538496,201.49082334,97.09538496,201.49082334,51.92128415,1.32596698,26.05864741,74.07866598,51.78884326,5.36848925,-4.38481338,-4.41961774,
10.00000000,5.00000000,1244.69284868,379.00000000,0.00000000,98.43623747,5475.94824142,98.43623747,5475.94824142,62.04021946,0.77676234,10.01479280,5367.19459180,62.25528127,1.26992657,-3.56192557,-3.52136490,
10.00000000,6.00000000,3498.09905839,1198.00000000,0.00000000,85.70345671,2387.69508419,85.70345671,2387.69508419,55.05852377,0.39105657,23.59460106,2277.74910848,55.31718691,0.81557272,-3.02538764,-3.02186150,
10.00000000,7.00000000,3481.82090259,1162.00000000,0.00000000,102.67933193,454.34108973,102.67933193,454.34108973,57.91477741,1.18685555,33.00582258,311.98510002,56.61190793,8.29397687,-4.35776990,-4.44442823,
10.00000000,8.00000000,4289.83944559,1262.00000000,0.00000000,71.75118046,360.87035950,71.75118046,360.87035950,35.36989935,1.35414575,83.63941796,201.46902268,35.49718378,5.14492946,-3.50271354,-3.51198056,
10.00000000,9.00000000,1946.34703088,527.00000000,0.00000000,90.17403035,7020.49874413,90.17403035,7020.49874413,57.26591584,0.88431010,30.60815511,6839.75646219,58.33082685,58.94207252,-3.20238044,-3.28612275,
1.00000000,1.00000000,2212.91506219,823.00000000,0.00000000,45.03785702,200610.42851879,45.03785702,200610.42851879,34.50219837,0.05624585,26.01511601,189184.18109089,5057.73712992,6328.90114089,-10.47941281,-13.59404108,
1.00000000,10.00000000,2732.04296350,979.00000000,0.00000000,42.85361398,597220.71594618,42.85361398,597220.71594618,32.82139025,0.04653274,18.84534715,513183.80575654,64.13308355,83938.91721221,-9.98569098,-15.01454673,
1.00000000,11.00000000,1222.17810631,648.00000000,0.00000000,25.19151961,89338.20811903,25.19151961,89338.20811903,17.35519648,0.01963850,184.19624831,3191.00892152,428.44754384,85516.68361640,-7.81668463,-17.87178895,
1.00000000,12.00000000,2450.39143705,822.00000000,0.00000000,47.83202954,22740.48749147,47.83202954,22740.48749147,36.79646569,0.03416380,17.74075998,22445.67282953,176.37978873,87.94752628,-11.00140006,-12.74658695,
1.00000000,13.00000000,843.93522930,272.00000000,0.00000000,42.69796201,1391.50337648,42.69796201,1391.50337648,33.00763845,0.00292021,46.34413752,1258.42241204,76.25086304,0.00175712,-9.68740335,-10.48420676,
1.00000000,14.00000000,2958.39106536,860.00000000,0.00000000,26.53022581,16485.76454278,26.53022581,16485.76454278,17.76872910,0.01776140,105.05453011,96.77519764,44.36738222,16227.85107399,-8.74373532,-11.71635882,
1.00000000,15.00000000,1602.22963166,486.00000000,0.00000000,43.07684753,17714.41340192,43.07684753,17714.41340192,33.31684260,0.03380510,22.37442626,17471.30732326,47.59185569,163.17209103,-9.72619983,-9.96770569,
1.00000000,16.00000000,2283.15656495,679.00000000,0.00000000,43.85958603,630.79105475,43.85958603,630.79105475,34.49939188,0.03440885,40.94916243,346.27804362,146.04828572,86.34641220,-9.32578530,-11.16915078,
1.00000000,17.00000000,1605.88081956,488.00000000,0.00000000,25.55502085,14811.26116939,25.55502085,14811.26116939,18.38410980,0.02947217,76.94541608,3095.22291458,43.16405548,11584.48964293,-7.14143888,-11.43914032,
1.00000000,18.00000000,704.27597022,220.00000000,0.00000000,25.64280391,4846.66885534,25.64280391,4846.66885534,18.05525286,0.00048690,76.25709203,972.21235553,55.78819261,3731.51711089,-7.58706415,-10.89410428,
1.00000000,19.00000000,1861.59887719,1091.00000000,0.00000000,25.49149851,4775.57158432,25.49149851,4775.57158432,16.99928605,0.02641028,77.28677091,832.80391434,39.26535988,3815.05376613,-8.46580219,-11.16177306,
1.00000000,2.00000000,2570.70882702,1015.00000000,0.00000000,25.60557483,671.78005050,25.60557483,671.78005050,16.82936004,0.02956604,78.95405063,71.34151582,23.78803245,488.91843763,-8.74664875,-8.77801399,
1.00000000,20.00000000,1721.61035657,891.00000000,0.00000000,25.73306911,3255.85651408,25.73306911,3255.85651408,17.53045039,0.01072804,66.42785233,2685.49165621,64.30067237,427.93047867,-8.19189068,-11.70585450,
1.00000000,3.00000000,1670.18116999,981.00000000,0.00000000,47.39273665,477320.10642920,47.39273665,477320.10642920,36.69139844,0.06446227,18.87912800,507.31602674,55.13986857,476724.03114030,-10.63687595,-14.74026560,
1.00000000,4.00000000,2073.97658110,922.00000000,0.00000000,41.03583754,253819.70429505,41.03583754,253819.70429505,30.26313677,0.07328324,183.49885957,17577.56981966,7902.02471112,228143.13018809,-10.69941752,-13.48071661,
1.00000000,5.00000000,1213.10257077,435.00000000,0.00000000,46.86115988,35372.59980662,46.86115988,35372.59980662,36.97851459,0.01495502,17.29636592,22132.53722405,82.25269369,13127.17221367,-9.86769027,-13.34130929,
1.00000000,6.00000000,2061.01511931,760.00000000,0.00000000,40.93545089,149650.32465867,40.93545089,149650.32465867,30.86440431,0.02792502,30.16672168,132578.31470719,63.83823465,16964.63071901,-10.04312156,-13.37427614,
1.00000000,7.00000000,1753.89945650,799.00000000,0.00000000,46.25114032,6600.82652133,46.25114032,6600.82652133,35.82696015,0.02651490,70.13655805,695.01697331,99.17184623,5726.26906347,-10.39766527,-10.23208027,
1.00000000,8.00000000,3462.68654275,929.00000000,0.00000000,28.56603275,44464.42766565,28.56603275,44464.42766565,19.63708359,0.03792691,82.17767339,1012.61853667,101.83549770,43255.81416416,-8.89102225,-11.98179373,
1.00000000,9.00000000,1612.10796094,519.00000000,0.00000000,43.80486288,253823.10535064,43.80486288,253823.10535064,33.99686220,0.02890283,184.99880878,2497.31599042,7900.63255268,243226.67445532,-9.77909786,-13.48354344,
20.00000000,1.00000000,4252.14249277,1386.00000000,0.00000000,142.19285927,446.20923405,142.19285927,446.20923405,68.18450554,4.34406057,17.27054360,278.19177616,69.50047510,12.83455780,-3.48321466,-3.42059407,
20.00000000,10.00000000,4731.78443980,1444.00000000,0.00000000,135.34099716,351.65515719,135.34099716,351.65515719,63.78249165,3.99850466,35.30455503,180.22115624,64.55792033,4.74824356,-3.37800004,-3.34116410,
20.00000000,11.00000000,2577.73187852,1121.00000000,0.00000000,75.33419271,6081.11338293,75.33419271,6081.11338293,36.81224484,2.94552527,84.13545606,5921.55333737,36.70604907,2.89336606,-1.77882113,-1.79125872,
20.00000000,12.00000000,3138.68241119,1101.00000000,0.00000000,146.11493781,629.99885101,146.11493781,629.99885101,73.79435912,3.92909159,11.80468126,471.40556280,73.85591517,5.01669815,-3.41957436,-3.39579968,
20.00000000,13.00000000,586.71415806,262.00000000,0.00000000,94.09924753,9097.44049078,94.09924753,9097.44049078,75.75011287,0.00000000,16.45174114,8987.00512103,75.69571762,0.00000000,-0.91745673,-0.91439555,
20.00000000,14.00000000,5650.56948066,1690.00000000,0.00000000,99.81146017,480.41058886,99.81146017,480.41058886,38.42792254,3.73425672,84.58591161,294.93502861,38.33136271,4.23141193,-2.88246405,-2.91634370,
20.00000000,15.00000000,3555.44998598,1107.00000000,0.00000000,113.56812938,2174.51025766,113.56812938,2174.51025766,71.61497620,1.13567043,19.40114442,2041.17917823,71.42528226,1.61998254,-2.04087414,-2.04423351,
20.00000000,16.00000000,1636.56385517,633.00000000,0.00000000,117.09493000,5549.38423032,117.09493000,5549.38423032,68.66388997,2.70493992,21.76831390,5410.24135875,68.51329208,3.23781854,-2.28630501,-2.28117235,
20.00000000,17.00000000,865.05392694,422.00000000,0.00000000,71.21081850,7025.81343537,71.21081850,7025.81343537,34.86931078,3.10055398,98.95026600,6855.60494335,34.84483042,3.12552763,-1.66204769,-1.66439340,
20.00000000,18.00000000,922.71633601,351.00000000,0.00000000,52.75946636,8298.51730022,52.75946636,8298.51730022,45.84940604,0.00109833,85.28753019,8160.34253664,45.98872687,0.00226324,-0.34544810,-0.34481216,
20.00000000,19.00000000,6539.45440245,2136.00000000,0.00000000,97.96233427,199.53184367,97.96233427,199.53184367,35.92771183,4.27826108,90.46931878,10.10364164,36.55926253,5.31355616,-2.88781807,-2.85430323,
20.00000000,2.00000000,4017.87620234,1192.00000000,0.00000000,98.13664128,292.33367868,98.13664128,292.33367868,36.20525718,4.23386488,88.34233921,105.62090084,35.97266809,4.11567518,-2.88487596,-2.91410477,
20.00000000,20.00000000,3191.46768212,926.00000000,0.00000000,72.52667546,2102.25571808,72.52667546,2102.25571808,41.75932619,1.32697641,90.01381769,1939.48061616,41.79196189,1.41354553,-1.47201864,-1.47778884,
20.00000000,3.00000000,5889.79944658,1733.00000000,0.00000000,143.05686123,280.37882042,143.05686123,280.37882042,70.20896165,4.18100116,16.25059791,120.22141024,70.83902748,4.87434970,-3.43334492,-3.40967175,
20.00000000,4.00000000,7368.30521393,2180.00000000,0.00000000,135.04230653,236.95962189,135.04230653,236.95962189,63.15026200,4.13766144,26.54480179,74.51481683,63.43335820,5.01640174,-3.38771915,-3.37251217,
20.00000000,5.00000000,1566.37606263,463.00000000,0.00000000,127.04791727,6098.07786133,127.04791727,6098.07786133,76.28435929,2.94097635,9.41458616,5962.01929361,76.09334238,2.65725991,-2.39112908,-2.39466896,
20.00000000,6.00000000,4456.85461521,1463.00000000,0.00000000,110.26557117,2353.54455490,110.26557117,2353.54455490,67.45047041,1.38638848,23.94961195,2219.16539676,68.05596162,1.48858852,-2.07143561,-2.04424980,
20.00000000,7.00000000,4278.40529037,1224.00000000,0.00000000,140.33471471,370.72544838,140.33471471,370.72544838,69.02448454,4.04434901,30.68753954,199.84768704,67.80226755,4.30525465,-3.36329406,-3.40413498,
20.00000000,8.00000000,4790.95764160,1558.00000000,0.00000000,103.33771547,331.53956400,103.33771547,331.53956400,40.60036687,4.45339672,82.94137046,142.54424406,40.51454889,6.94806140,-2.91419759,-2.92956696,
20.00000000,9.00000000,2021.81800246,598.00000000,0.00000000,116.42131134,7171.36288214,116.42131134,7171.36288214,68.87010387,2.89533548,29.66076645,7023.68841416,69.32731786,4.41394044,-2.23279360,-2.21362216,
2.00000000,1.00000000,1795.17397189,631.00000000,0.00000000,54.69597233,67207.48470009,54.69597233,67207.48470009,36.83631125,0.10330506,19.85344467,59662.43953943,557.93117612,6938.29817707,-8.87817801,-14.48118140,
2.00000000,10.00000000,2906.30135036,922.00000000,0.00000000,52.05285331,207803.57127538,52.05285331,207803.57127538,35.08645801,0.07706397,23.91483242,116664.43783278,53.88931030,91035.95356822,-8.44466567,-12.68786583,
2.00000000,11.00000000,1937.27292013,665.00000000,0.00000000,31.60038863,67397.95310489,31.60038863,67397.95310489,20.95105400,0.04533611,139.68356704,1868.35814829,331.41497026,65026.64980607,-5.30199926,-15.92330662,
2.00000000,12.00000000,2610.06729436,742.00000000,0.00000000,58.06951985,6982.10144742,58.06951985,6982.10144742,39.26102809,0.06759155,12.08702090,6722.50471059,54.60704358,172.49810196,-9.37045010,-10.20228519,
2.00000000,13.00000000,835.35205197,249.00000000,0.00000000,51.34855456,1340.90242831,51.34855456,1340.90242831,36.03145816,0.00050527,33.83696086,1216.61019203,70.51397748,0.00000000,-7.65829556,-9.97064897,
2.00000000,14.00000000,1857.12347364,553.00000000,0.00000000,34.12676046,3559.47493931,34.12676046,3559.47493931,20.78842896,0.04564765,82.91324981,128.27065931,25.76036489,3306.12820273,-6.64634193,-8.20123128,
2.00000000,15.00000000,1987.65974092,669.00000000,0.00000000,51.89597333,8611.89910939,51.89597333,8611.89910939,35.85275357,0.02704804,18.70255017,8448.74890096,44.80458143,81.50167146,-8.00808586,-9.07070268,
2.00000000,16.00000000,2213.03265882,692.00000000,0.00000000,52.39506718,2482.10282556,52.39506718,2482.10282556,36.73711123,0.06725119,24.66031785,2355.56792786,65.43291415,18.04925990,-7.79535237,-9.19620290,
2.00000000,17.00000000,659.02945590,296.00000000,0.00000000,31.27083191,4965.15494417,31.27083191,4965.15494417,21.91141276,0.06737188,91.91271643,4827.55401564,22.41463773,13.72406488,-4.64602363,-4.77475474,
2.00000000,18.00000000,731.39834237,231.00000000,0.00000000,31.75393096,4692.20505543,31.75393096,4692.20505543,21.93623567,0.00468755,83.58178452,3460.10674398,24.43536410,1112.88595878,-4.90650387,-5.59760203,
2.00000000,19.00000000,3300.86608315,1099.00000000,0.00000000,32.79632264,766.06444292,32.79632264,766.06444292,19.99757357,0.06491132,95.38089217,165.07900888,21.98576140,468.49658349,-6.36691887,-7.56109849,
2.00000000,2.00000000,2232.22738171,711.00000000,0.00000000,33.07372036,186.31665078,33.07372036,186.31665078,20.04004856,0.06439195,83.63867814,56.52865988,21.62183924,11.48743050,-6.48463993,-6.52002151,
2.00000000,20.00000000,2390.41423464,774.00000000,0.00000000,32.47378436,883.99299320,32.47378436,883.99299320,21.30987426,0.02852743,79.30311012,612.35308864,34.50049191,140.55595951,-5.56769133,-8.64017151,
2.00000000,3.00000000,2054.18461323,716.00000000,0.00000000,56.97250750,22431.78840018,56.97250750,22431.78840018,39.46430393,0.10362877,19.53103424,134.62193916,57.40912384,22195.85768095,-8.70228740,-12.18431100,
2.00000000,4.00000000,3210.42352223,930.00000000,0.00000000,50.77757244,237264.46635739,50.77757244,237264.46635739,33.07610512,0.13585462,170.76115851,15984.50200421,7399.42884366,213683.25007351,-8.78280634,-13.26213875,
2.00000000,5.00000000,1876.17793918,515.00000000,0.00000000,56.11259744,21725.86942169,56.11259744,21725.86942169,38.79003253,0.05367653,13.84306591,10041.19698440,77.50780174,11571.95820524,-8.63444419,-10.68168220,
2.00000000,6.00000000,2631.02026176,770.00000000,0.00000000,49.72318249,7137.20572625,49.72318249,7137.20572625,34.30574042,0.03259517,22.82101072,5512.92343952,49.81144515,1532.52822669,-7.69242345,-9.56080209,
2.00000000,7.00000000,2623.38910794,788.00000000,0.00000000,55.87950492,3094.35465832,55.87950492,3094.35465832,38.07091537,0.07161713,39.10492643,1144.23212315,46.71393795,1846.91784195,-8.86848621,-8.69291443,
2.00000000,8.00000000,3339.73506951,969.00000000,0.00000000,36.30622509,4266.04989042,36.30622509,4266.04989042,22.63911578,0.08301582,76.13375512,448.87279897,28.77469256,3696.66464560,-6.79204675,-7.80199908,
2.00000000,9.00000000,1455.77960992,519.00000000,0.00000000,52.64912354,253836.83998835,52.64912354,253836.83998835,36.73093411,0.05666341,184.99652845,2497.28545451,7900.60084602,243226.99027607,-7.93076302,-13.48344166,
50.00000000,1.00000000,9631.91327572,2660.00000000,0.00000000,229.90580558,447.15736054,229.90580558,447.15736054,85.34226386,16.58390295,17.60665604,199.88275483,86.40031750,16.81766157,-2.55959278,-2.52899941,
50.00000000,10.00000000,5940.44532466,2364.00000000,0.00000000,220.92908434,360.46781560,220.92908434,360.46781560,78.92733933,16.50676257,33.08044464,106.65082356,79.10657050,15.86427059,-2.50989965,-2.51531413,
50.00000000,11.00000000,3134.46687174,862.00000000,0.00000000,121.23186340,6392.48552088,121.23186340,6392.48552088,42.11667824,11.07995726,84.92058209,6186.05415914,42.01574670,11.09971888,-1.36070456,-1.36790628,
50.00000000,12.00000000,8132.84207058,2527.00000000,0.00000000,232.26259608,608.13448163,232.26259608,608.13448163,90.99179007,15.29254936,11.97140619,363.07472097,91.13704145,17.26898343,-2.51956513,-2.49364659,
50.00000000,13.00000000,1058.63492060,288.00000000,0.00000000,109.87138263,9230.81082720,109.87138263,9230.81082720,94.16196389,0.00000000,16.57436235,9104.52854434,93.95326448,0.00000000,-0.31418837,-0.31509312,
50.00000000,14.00000000,5663.14392900,1921.00000000,0.00000000,176.78864584,463.26180577,176.78864584,463.26180577,44.54111038,15.35829101,83.29255665,201.38389639,44.77115793,16.31314578,-2.33778489,-2.35002098,
50.00000000,15.00000000,4935.16850233,1808.00000000,0.00000000,161.22238907,2423.40343525,161.22238907,2423.40343525,89.93390727,5.03322277,19.71283673,2242.36939382,89.65251249,5.15409248,-1.32510518,-1.33029199,
50.00000000,16.00000000,1978.64833331,996.00000000,0.00000000,171.64290965,6116.30204404,171.64290965,6116.30204404,84.42107279,10.79263122,21.94194626,5922.55512643,84.33784534,11.29589015,-1.52858411,-1.52342472,
50.00000000,17.00000000,1496.28594422,497.00000000,0.00000000,114.56409667,6849.28631995,114.56409667,6849.28631995,38.25632616,11.50919713,99.67312790,6634.96301693,38.27561603,11.61320373,-1.29597147,-1.29522711,
50.00000000,18.00000000,1303.45640039,384.00000000,0.00000000,58.52131112,8763.18693926,58.52131112,8763.18693926,52.71162700,0.00977867,84.16357853,8620.35148392,52.81587426,0.00566531,-0.11599811,-0.11700674,
50.00000000,19.00000000,10629.36884999,3107.00000000,0.00000000,175.13050304,270.42108197,175.13050304,270.42108197,40.84335006,17.06639487,89.59459125,4.67180511,41.43437718,18.40327550,-2.34441516,-2.32634066,
50.00000000,2.00000000,5928.61136866,1661.00000000,0.00000000,175.07795915,346.39613186,175.07795915,346.39613186,41.65734639,16.62799097,87.43421246,83.15912055,41.61897078,16.73781402,-2.33585244,-2.34892028,
50.00000000,20.00000000,6191.52354431,2046.00000000,0.00000000,110.55084408,2410.12633163,110.55084408,2410.12633163,47.71250513,5.82494439,89.69882527,2209.45203237,47.82902367,5.98801957,-1.14026789,-1.14316861,
50.00000000,3.00000000,4962.88273406,2133.00000000,0.00000000,229.50075920,364.27950706,229.50075920,364.27950706,87.23123515,15.94052280,16.26113913,118.43587568,87.38291988,15.73264557,-2.52658003,-2.52933854,
50.00000000,4.00000000,5953.63721371,2212.00000000,0.00000000,220.90524231,305.14844785,220.90524231,305.14844785,78.36255832,16.68896566,27.17270061,56.25233885,78.73801642,18.13551351,-2.51707437,-2.49699757,
50.00000000,5.00000000,2067.72958350,911.00000000,0.00000000,183.34913899,6575.30685052,183.34913899,6575.30685052,94.61209800,10.82924576,9.16208023,6383.36976076,94.40704443,10.34536580,-1.55815590,-1.56045199,
50.00000000,6.00000000,6181.62706685,1935.00000000,0.00000000,159.00142832,2451.86518956,159.00142832,2451.86518956,85.40942443,5.63595817,24.12397583,2269.00534409,85.65042306,5.48488231,-1.35912091,-1.35201129,
50.00000000,7.00000000,5149.91199994,1726.00000000,0.00000000,225.73647478,367.14692403,225.73647478,367.14692403,84.09151973,16.34737899,28.41188468,113.50985316,83.23533515,15.80312770,-2.50595152,-2.52373447,
50.00000000,8.00000000,7336.61420751,2255.00000000,0.00000000,180.75375141,358.12775067,180.75375141,358.12775067,46.61928334,17.10144910,82.35428928,95.04738162,46.39582639,16.61788664,-2.34066038,-2.35424733,
50.00000000,9.00000000,2817.88881016,848.00000000,0.00000000,169.55849057,7040.51482167,169.55849057,7040.51482167,83.88259392,11.16557553,29.39908383,6841.00053739,84.17903416,11.90594396,-1.49020642,-1.48060445,
5.00000000,1.00000000,2486.38206291,730.00000000,0.00000000,76.63999658,984.93434928,76.63999658,984.93434928,45.34474433,0.42137095,16.16456873,782.16226118,47.25716007,105.02728769,-6.17477626,-6.86461432,
5.00000000,10.00000000,3703.18462539,1014.00000000,0.00000000,72.86190932,1323.43777610,72.86190932,1323.43777610,43.31227992,0.35459200,41.30722490,932.31714769,45.43804924,275.61026476,-5.83900748,-5.75301790,
5.00000000,11.00000000,2912.13296199,901.00000000,0.00000000,43.07619031,4915.43852253,43.07619031,4915.43852253,27.81373223,0.25173912,81.33325012,4790.04595268,28.34026102,0.81962763,-3.00214379,-2.97988622,
5.00000000,12.00000000,3237.07176208,926.00000000,0.00000000,80.88153787,700.21528087,80.88153787,700.21528087,48.77749673,0.26394572,11.34547634,575.88453351,49.97090832,30.16009192,-6.36801908,-6.57085416,
5.00000000,13.00000000,799.93974757,219.00000000,0.00000000,67.58272528,7414.46717910,67.58272528,7414.46717910,48.41139553,0.00117015,16.73420314,7309.15490082,46.91667940,20.53480322,-3.83403192,-4.22531851,
5.00000000,14.00000000,3923.49043536,1082.00000000,0.00000000,49.79815354,498.13927314,49.79815354,498.13927314,27.76150948,0.29422073,86.04068085,305.77894324,26.98136232,56.40077900,-4.34848467,-4.58750154,
5.00000000,15.00000000,3136.06197906,875.00000000,0.00000000,70.31972707,1749.74946735,70.31972707,1749.74946735,46.21290040,0.08949161,18.28280403,1641.95942563,46.07845618,18.22674860,-4.80346701,-5.04040658,
5.00000000,16.00000000,2102.84755397,651.00000000,0.00000000,70.68279285,4644.37517475,70.68279285,4644.37517475,46.09011512,0.24656587,21.94803670,4547.79587885,47.03079008,3.61400078,-4.86922237,-4.79729367,
5.00000000,17.00000000,1614.11530209,458.00000000,0.00000000,41.44347698,6689.15013934,41.44347698,6689.15013934,27.58746429,0.30344046,97.78606114,6549.34118210,27.74783307,0.78511797,-2.71051445,-2.69798901,
5.00000000,18.00000000,791.85649061,231.00000000,0.00000000,41.10117874,6064.38026963,41.10117874,6064.38026963,31.09676612,0.00773151,86.88584574,5930.10514534,32.18551767,5.96847827,-1.99933622,-1.84705652,
5.00000000,19.00000000,6081.96566653,1714.00000000,0.00000000,48.00531009,284.84070829,48.00531009,284.84070829,26.26043611,0.33941171,94.98017361,126.88650855,26.12865675,14.87096258,-4.28109245,-4.39488136,
5.00000000,2.00000000,2967.90472198,1005.00000000,0.00000000,48.38205636,219.54326365,48.38205636,219.54326365,26.66934486,0.38262040,88.42928794,82.54446540,26.27615969,0.42082218,-4.26601822,-4.37450569,
5.00000000,20.00000000,3695.11529303,1179.00000000,0.00000000,44.28762578,1131.34043207,44.28762578,1131.34043207,29.38984766,0.11424860,87.89998662,998.73501741,27.65789155,0.13512568,-2.95670590,-3.38248216,
5.00000000,3.00000000,3193.10472989,1076.00000000,0.00000000,78.58437889,454.74101464,78.58437889,454.74101464,47.74557486,0.38561419,16.08029850,145.69970040,47.57193777,212.68475333,-6.09063797,-6.54086493,
5.00000000,4.00000000,3698.85870481,1069.00000000,0.00000000,72.00517626,511.99915935,72.00517626,511.99915935,42.00146494,0.32796194,25.30404312,161.68891016,44.06284154,248.62032698,-5.93514988,-6.46460751,
5.00000000,5.00000000,1401.91267920,511.00000000,0.00000000,76.70397425,5247.32993433,76.70397425,5247.32993433,49.05704531,0.20396856,11.05492481,4887.40840026,49.92354714,271.33556403,-5.48859208,-5.52149962,
5.00000000,6.00000000,2749.02387071,932.00000000,0.00000000,67.33482074,2772.76249661,67.33482074,2772.76249661,44.06321897,0.09918607,23.25865292,2617.23093624,43.27533559,64.30421735,-4.63448314,-4.93867090,
5.00000000,7.00000000,1762.49185038,635.00000000,0.00000000,77.58333025,904.04824418,77.58333025,904.04824418,47.19528256,0.36100314,34.52524276,663.90120644,47.28026489,128.17766986,-6.00540891,-6.03277204,
5.00000000,8.00000000,3353.45825815,1009.00000000,0.00000000,52.35974165,477.37835090,52.35974165,477.37835090,29.69193471,0.40028039,82.82958967,336.68175065,30.05220157,5.56050159,-4.45350531,-4.45086149,
5.00000000,9.00000000,1781.96456456,525.00000000,0.00000000,70.89383815,139667.55138904,70.89383815,139667.55138904,46.59998814,0.23850567,65.07586107,2070.47821315,4309.10406462,133169.12325846,-4.81106887,-10.75399835,