alpha,seed,kish[0],relkish[0],test_kish[0],test_relkish[0],
inf,1.00000000,0.00000717,1.00000000,0.00001439,1.00000000,
0.01000000,1.00000000,0.04321052,26877476.47681818,1.00000000,715922.17410558,alpha,seed,kish[0],relkish[0],test_kish[0],test_relkish[0],
inf,10.00000000,0.00000718,1.00000000,0.00001434,1.00000000,
0.01000000,10.00000000,0.04415787,2512310.64109293,1.00000000,6390463.08107862,alpha,seed,kish[0],relkish[0],test_kish[0],test_relkish[0],
inf,11.00000000,0.00000719,1.00000000,0.00001431,1.00000000,
0.01000000,11.00000000,0.03838508,967694.84189172,1.00000000,58375742.96664830,alpha,seed,kish[0],relkish[0],test_kish[0],test_relkish[0],
inf,12.00000000,0.00000717,1.00000000,0.00001437,1.00000000,
0.01000000,12.00000000,0.04337735,10058639.48383661,1.00000000,3119668.35269215,alpha,seed,kish[0],relkish[0],test_kish[0],test_relkish[0],
inf,13.00000000,0.00000717,1.00000000,0.00001439,1.00000000,
0.01000000,13.00000000,0.04423805,1148002.46293555,1.00000000,24832044.99827859,alpha,seed,kish[0],relkish[0],test_kish[0],test_relkish[0],
inf,14.00000000,0.00000718,1.00000000,0.00001434,1.00000000,
0.01000000,14.00000000,0.04583955,5687482.49468038,1.00000000,879660.49269757,alpha,seed,kish[0],relkish[0],test_kish[0],test_relkish[0],
inf,15.00000000,0.00000718,1.00000000,0.00001433,1.00000000,
0.01000000,15.00000000,0.04668324,2549265.18932039,1.00000000,11641440.50358002,alpha,seed,kish[0],relkish[0],test_kish[0],test_relkish[0],
inf,16.00000000,0.00000718,1.00000000,0.00001434,1.00000000,
0.01000000,16.00000000,0.04554401,2807504.17823978,1.00000000,237944.45894028,alpha,seed,kish[0],relkish[0],test_kish[0],test_relkish[0],
inf,17.00000000,0.00000719,1.00000000,0.00001431,1.00000000,
0.01000000,17.00000000,0.02894292,883353.23186742,1.00000000,7358928.43468642,alpha,seed,kish[0],relkish[0],test_kish[0],test_relkish[0],
inf,18.00000000,0.00000716,1.00000000,0.00001441,1.00000000,
0.01000000,18.00000000,0.04010746,958829.09749766,1.00000000,810961.67090624,alpha,seed,kish[0],relkish[0],test_kish[0],test_relkish[0],
inf,19.00000000,0.00000717,1.00000000,0.00001440,1.00000000,
0.01000000,19.00000000,0.03178704,4244860.04931892,1.00000000,551829.21479462,alpha,seed,kish[0],relkish[0],test_kish[0],test_relkish[0],
inf,2.00000000,0.00000719,1.00000000,0.00001432,1.00000000,
0.01000000,2.00000000,0.04408915,2946774.23785066,1.00000000,146752720.47436333,alpha,seed,kish[0],relkish[0],test_kish[0],test_relkish[0],
inf,20.00000000,0.00000719,1.00000000,0.00001432,1.00000000,
0.01000000,20.00000000,0.03165897,971430.61865904,1.00000000,244109.60451892,alpha,seed,kish[0],relkish[0],test_kish[0],test_relkish[0],
inf,3.00000000,0.00000718,1.00000000,0.00001433,1.00000000,
0.01000000,3.00000000,0.03953558,32971602.34522579,1.00000000,6370996.90269134,alpha,seed,kish[0],relkish[0],test_kish[0],test_relkish[0],
inf,5.00000000,0.00000717,1.00000000,0.00001438,1.00000000,
0.01000000,5.00000000,0.05229147,1572543.38206719,1.00000000,1231629.63624295,alpha,seed,kish[0],relkish[0],test_kish[0],test_relkish[0],
inf,6.00000000,0.00000716,1.00000000,0.00001442,1.00000000,
0.01000000,6.00000000,0.07819016,12991159.39603962,1.00000000,1040589.86955309,alpha,seed,kish[0],relkish[0],test_kish[0],test_relkish[0],
inf,7.00000000,0.00000718,1.00000000,0.00001433,1.00000000,
0.01000000,7.00000000,0.06309784,1731017.56551607,0.99644231,569818.26370369,alpha,seed,kish[0],relkish[0],test_kish[0],test_relkish[0],
inf,8.00000000,0.00000717,1.00000000,0.00001437,1.00000000,
0.01000000,8.00000000,0.03105687,1732884.65782140,1.00000000,8630072.57219619,alpha,seed,kish[0],relkish[0],test_kish[0],test_relkish[0],
inf,9.00000000,0.00000718,1.00000000,0.00001433,1.00000000,
0.01000000,9.00000000,0.03694519,514507.52047996,1.00000000,717510.91335852,
0.10000000,1.00000000,0.03977448,16981360.90896035,1.00000000,715922.17410558,
0.10000000,10.00000000,0.04386556,2557203.33782180,1.00000000,6390463.05182110,
0.10000000,11.00000000,0.03719117,696198.81258280,1.00000000,58375742.96664830,
0.10000000,12.00000000,0.04247163,10063678.46727209,1.00000000,3119668.35269214,
0.10000000,13.00000000,0.04333142,1081948.28279750,0.99959470,24821980.06340036,
0.10000000,14.00000000,0.04061518,4694765.24127034,0.81026566,827380.96856270,
0.10000000,15.00000000,0.04626794,1890881.16575165,0.98470228,11463167.69785885,
0.10000000,16.00000000,0.04315144,1937953.41431249,0.99934035,237787.47731261,
0.10000000,17.00000000,0.02596892,654331.06592055,0.99999940,7358923.99937218,
0.10000000,18.00000000,0.03550612,600042.98373812,0.95350964,18518380.86665984,
0.10000000,19.00000000,0.02680073,1915441.70949777,1.00000000,551829.21477838,
0.10000000,2.00000000,0.04335337,2686520.05271810,0.99999114,146751420.95483288,
0.10000000,20.00000000,0.02765093,767254.54511379,0.99990428,244086.24168121,
0.10000000,3.00000000,0.03969199,24350350.67726287,1.00000000,6370996.90269134,
0.10000000,4.00000000,0.05672121,1495502.88269381,1.00000000,715550.13969014,
0.10000000,5.00000000,0.05161217,711753.98270084,0.99565135,1226292.86214438,
0.10000000,6.00000000,0.07307414,12926155.28918633,0.61489256,3961350.61304674,
0.10000000,7.00000000,0.06083315,1625055.19881781,0.99996865,8990680.65922010,
0.10000000,8.00000000,0.03213418,554982.89056885,0.99758489,8609218.67618918,
0.10000000,9.00000000,0.03542544,506158.90383360,1.00000000,717510.91335852,
1000000.00000000,1.00000000,0.00000716,1.00041098,0.00001437,1.00039128,
1000000.00000000,10.00000000,0.00000717,1.00034943,0.00001432,1.00035247,
1000000.00000000,11.00000000,0.00000718,1.00003240,0.00001431,1.00003253,
1000000.00000000,12.00000000,0.00000716,1.00045518,0.00001435,1.00046607,
1000000.00000000,13.00000000,0.00000717,1.00000006,0.00001439,1.00000006,
1000000.00000000,14.00000000,0.00000717,1.00042105,0.00001432,1.00042294,
1000000.00000000,15.00000000,0.00000718,1.00036572,0.00001432,1.00038934,
1000000.00000000,16.00000000,0.00000718,1.00002780,0.00001433,1.00002714,
1000000.00000000,17.00000000,0.00000719,1.00002660,0.00001431,1.00002684,
1000000.00000000,18.00000000,0.00000716,1.00000004,0.00001441,1.00000004,
1000000.00000000,19.00000000,0.00000716,1.00043894,0.00001438,1.00045550,
1000000.00000000,2.00000000,0.00000718,1.00045562,0.00001430,1.00044244,
1000000.00000000,20.00000000,0.00000718,1.00032362,0.00001431,1.00033052,
1000000.00000000,3.00000000,0.00000717,1.00038351,0.00001431,1.00037800,
1000000.00000000,4.00000000,0.00000716,1.00043352,0.00001436,1.00043777,
1000000.00000000,5.00000000,0.00000717,1.00002848,0.00001437,1.00002821,
1000000.00000000,6.00000000,0.00000715,1.00044278,0.00001441,1.00045617,
1000000.00000000,7.00000000,0.00000717,1.00040784,0.00001431,1.00040178,
1000000.00000000,8.00000000,0.00000716,1.00046888,0.00001434,1.00048040,
1000000.00000000,9.00000000,0.00000718,1.00002963,0.00001433,1.00002962,
100000.00000000,1.00000000,0.00000720,1.01906629,0.00001444,1.01869812,
100000.00000000,10.00000000,0.00000721,1.01830792,0.00001439,1.01845496,
100000.00000000,11.00000000,0.00000717,1.00244007,0.00001428,1.00244813,
100000.00000000,12.00000000,0.00000720,1.01873203,0.00001443,1.01901937,
100000.00000000,13.00000000,0.00000716,1.00000531,0.00001438,1.00000549,
100000.00000000,14.00000000,0.00000721,1.01853267,0.00001439,1.01866259,
100000.00000000,15.00000000,0.00000722,1.01593180,0.00001441,1.01641850,
100000.00000000,16.00000000,0.00000717,1.00247000,0.00001431,1.00241542,
100000.00000000,17.00000000,0.00000718,1.00235435,0.00001429,1.00237068,
100000.00000000,18.00000000,0.00000716,1.00000462,0.00001440,1.00000463,
100000.00000000,19.00000000,0.00000719,1.01766179,0.00001446,1.01809812,
100000.00000000,2.00000000,0.00000722,1.01871257,0.00001437,1.01843504,
100000.00000000,20.00000000,0.00000722,1.01573890,0.00001439,1.01582415,
100000.00000000,3.00000000,0.00000721,1.01784857,0.00001438,1.01780004,
100000.00000000,4.00000000,0.00000720,1.01882039,0.00001444,1.01913674,
100000.00000000,5.00000000,0.00000716,1.00243943,0.00001435,1.00241437,
100000.00000000,6.00000000,0.00000720,1.01678455,0.00001452,1.01676726,
100000.00000000,7.00000000,0.00000721,1.01743087,0.00001438,1.01740156,
100000.00000000,8.00000000,0.00000720,1.01859746,0.00001442,1.01895159,
100000.00000000,9.00000000,0.00000717,1.00247967,0.00001431,1.00247654,
1000.00000000,1.00000000,0.00001719,2.89496122,0.00003491,2.88278407,
1000.00000000,10.00000000,0.00001748,2.88072604,0.00003496,2.90465552,
1000.00000000,11.00000000,0.00001131,1.69913309,0.00002249,1.70383399,
1000.00000000,12.00000000,0.00001669,2.90658973,0.00003366,2.89603101,
1000.00000000,13.00000000,0.00000705,1.01065182,0.00001415,1.01084835,
1000.00000000,14.00000000,0.00001681,2.83077009,0.00003376,2.83708728,
1000.00000000,15.00000000,0.00001115,1.76218951,0.00002232,1.76867649,
1000.00000000,16.00000000,0.00001135,1.70851852,0.00002267,1.70565229,
1000.00000000,17.00000000,0.00001126,1.65598152,0.00002243,1.65566820,
1000.00000000,18.00000000,0.00000703,1.00773044,0.00001412,1.00773434,
1000.00000000,19.00000000,0.00001695,2.81211624,0.00003404,2.80145487,
1000.00000000,2.00000000,0.00001701,2.87737187,0.00003404,2.87911754,
1000.00000000,20.00000000,0.00001129,1.75161528,0.00002251,1.75373142,
1000.00000000,3.00000000,0.00001725,2.88678657,0.00003453,2.91140216,
1000.00000000,4.00000000,0.00001735,2.89192571,0.00003483,2.89010845,
1000.00000000,5.00000000,0.00001136,1.71083231,0.00002268,1.70841950,
1000.00000000,6.00000000,0.00001125,1.75654519,0.00002277,1.75411720,
1000.00000000,7.00000000,0.00001772,2.89098255,0.00003471,2.89926265,
1000.00000000,8.00000000,0.00001709,2.83190965,0.00003449,2.84806164,
1000.00000000,9.00000000,0.00001145,1.69797430,0.00002287,1.69589894,
100.00000000,1.00000000,0.00006459,13.21766149,0.00012830,12.82455933,
100.00000000,10.00000000,0.00006535,12.85005734,0.00013315,12.92163188,
100.00000000,11.00000000,0.00002426,4.01351981,0.00004849,4.04151890,
100.00000000,12.00000000,0.00005592,12.78350941,0.00011086,12.45055581,
100.00000000,13.00000000,0.00000813,1.24207424,0.00001636,1.24352274,
100.00000000,14.00000000,0.00005707,11.53724035,0.00011359,11.68210891,
100.00000000,15.00000000,0.00002055,3.66234597,0.00004175,3.68422302,
100.00000000,16.00000000,0.00002780,4.48628898,0.00005541,4.46468221,
100.00000000,17.00000000,0.00002479,3.78762885,0.00004923,3.78507269,
100.00000000,18.00000000,0.00000707,1.09456732,0.00001420,1.09553736,
100.00000000,19.00000000,0.00005604,11.40121069,0.00010838,11.22830581,
100.00000000,2.00000000,0.00005284,11.31786905,0.00010584,11.45763296,
100.00000000,20.00000000,0.00001891,3.27017018,0.00003774,3.28029667,
100.00000000,3.00000000,0.00006236,12.75175298,0.00013107,12.78943885,
100.00000000,4.00000000,0.00006296,12.83506710,0.00012210,12.60743432,
100.00000000,5.00000000,0.00002793,4.57290103,0.00005601,4.57040508,
100.00000000,6.00000000,0.00002194,3.77363145,0.00004453,3.75198062,
100.00000000,7.00000000,0.00006592,12.82354161,0.00013228,13.00934644,
100.00000000,8.00000000,0.00005752,11.48003121,0.00011936,11.62434988,
100.00000000,9.00000000,0.00002818,4.34434739,0.00005543,4.31376682,
10.00000000,1.00000000,0.00116518,456.56763389,0.00175321,581.45886734,
10.00000000,10.00000000,0.00113392,300.76001649,0.00133057,270.49904035,
10.00000000,11.00000000,0.00009461,24.45385603,0.00023462,24.15499108,
10.00000000,12.00000000,0.00154133,488.91452822,0.00205559,469.13095604,
10.00000000,13.00000000,0.00015844,28.46491884,0.00043643,34.87365341,
10.00000000,14.00000000,0.00041849,106.90379858,0.00096819,118.36233949,
10.00000000,15.00000000,0.00042042,97.08370821,0.00079993,87.54942691,
10.00000000,16.00000000,0.00081236,140.28787421,0.00099687,101.09276118,
10.00000000,17.00000000,0.00010685,20.35469528,0.00020740,19.35423305,
10.00000000,18.00000000,0.00003770,7.24670840,0.00005512,6.35398081,
10.00000000,19.00000000,0.00038215,116.01103112,0.00060549,132.51867360,
10.00000000,2.00000000,0.00032833,97.87729462,0.00077387,104.70656850,
10.00000000,20.00000000,0.00007981,19.75071598,0.00022732,25.01095930,
10.00000000,3.00000000,0.00101757,373.73199416,0.00199661,523.59817783,
10.00000000,4.00000000,0.00096036,437.76260330,0.00195630,483.47606200,
10.00000000,5.00000000,0.00091412,200.56560890,0.00122157,171.81884007,
10.00000000,6.00000000,0.00026989,69.98584989,0.00068072,72.37615721,
10.00000000,7.00000000,0.00103218,335.44934391,0.00278710,356.17369653,
10.00000000,8.00000000,0.00038304,112.26751169,0.00084137,109.14943044,
10.00000000,9.00000000,0.00045191,97.58035543,0.00151504,230.24553001,
1.00000000,1.00000000,0.03150232,223606.58589603,0.64518425,2442300.61098894,
1.00000000,10.00000000,0.03668316,150797.47842439,0.82686367,5247763.08170783,
1.00000000,11.00000000,0.01159133,51200.67572502,0.99877065,58303977.02607340,
1.00000000,12.00000000,0.03604371,4452132.60277873,0.21466480,887327.74139291,
1.00000000,13.00000000,0.03700896,67072.27786198,0.89857324,37399.08850737,
1.00000000,14.00000000,0.01822086,113722.47008647,0.28958969,321740.31178362,
1.00000000,15.00000000,0.03107388,91265.06716134,0.39867381,67821.97055986,
1.00000000,16.00000000,0.02669894,84970.18162078,0.57092226,126142.39620422,
1.00000000,17.00000000,0.00906018,39544.21927915,0.32366693,2332630.53084217,
1.00000000,18.00000000,0.01323743,24935.75246868,0.23613170,200700.63143596,
1.00000000,19.00000000,0.01088074,52546.56390013,0.31486313,206651.74463693,
1.00000000,2.00000000,0.01879110,161323.70121363,0.06355563,31882.13416384,
1.00000000,20.00000000,0.00816197,103155.57792457,0.66043671,208949.46458238,
1.00000000,3.00000000,0.02625071,935025.67774355,0.67454460,4245745.99743938,
1.00000000,4.00000000,0.03479643,310922.69415870,0.99998655,715540.51610528,
1.00000000,5.00000000,0.04265553,98702.86015599,0.45648463,1803781.58453315,
1.00000000,6.00000000,0.03297193,197706.94001819,0.38030464,2398240.37451440,
1.00000000,7.00000000,0.04006986,203920.48815661,0.20189875,101684.22285279,
1.00000000,8.00000000,0.01988784,136770.36206369,0.47182992,433956.46285508,
1.00000000,9.00000000,0.02063692,217434.14685299,1.00000000,717510.91331379,
20.00000000,1.00000000,0.00032204,91.82562641,0.00054547,85.45083764,
20.00000000,10.00000000,0.00032081,74.85709713,0.00055062,69.39769150,
20.00000000,11.00000000,0.00005154,10.39860747,0.00011237,10.64068302,
20.00000000,12.00000000,0.00028238,85.83860039,0.00050353,83.59960723,
20.00000000,13.00000000,0.00002612,4.41637753,0.00005382,4.43949190,
20.00000000,14.00000000,0.00017744,40.33568554,0.00037106,42.82530219,
20.00000000,15.00000000,0.00008663,16.68664174,0.00017667,17.08564459,
20.00000000,16.00000000,0.00014431,24.72562997,0.00028328,23.76319619,
20.00000000,17.00000000,0.00005490,9.13908378,0.00010915,9.11778011,
20.00000000,18.00000000,0.00001106,1.95161877,0.00002153,1.93820458,
20.00000000,19.00000000,0.00016072,42.49978788,0.00025259,41.04703940,
20.00000000,2.00000000,0.00014175,38.62296259,0.00029613,40.32900706,
20.00000000,20.00000000,0.00003385,6.86881118,0.00006895,7.00893888,
20.00000000,3.00000000,0.00029102,83.04425838,0.00060711,80.02063989,
20.00000000,4.00000000,0.00027469,82.05408658,0.00051172,82.71319944,
20.00000000,5.00000000,0.00015638,29.97480426,0.00030468,29.25153671,
20.00000000,6.00000000,0.00008110,16.63620655,0.00016875,15.51114256,
20.00000000,7.00000000,0.00029750,74.27719295,0.00072388,80.02427057,
20.00000000,8.00000000,0.00016209,42.06682185,0.00034936,42.29324643,
20.00000000,9.00000000,0.00012925,21.02340953,0.00025505,21.16677663,
2.00000000,1.00000000,0.02194345,44754.60798277,0.23764010,27330929.69717642,
2.00000000,10.00000000,0.02301591,31528.87237768,0.39508727,2201973.67534075,
2.00000000,11.00000000,0.00303558,9927.11942149,0.76699226,44768176.61723084,
2.00000000,12.00000000,0.02641638,900350.03158557,0.07254537,278298.39656774,
2.00000000,13.00000000,0.01790619,23949.41278613,0.78837221,33071.63385022,
2.00000000,14.00000000,0.00801651,35458.74537777,0.10112225,40855.61864027,
2.00000000,15.00000000,0.01527788,48732.26818483,0.27419611,15058.52261164,
2.00000000,16.00000000,0.01786049,35471.30044354,0.17597916,33942.02446923,
2.00000000,17.00000000,0.00202441,7566.55142066,0.00606675,18258.04477999,
2.00000000,18.00000000,0.00540392,3344.69814644,0.01856096,14691.84899904,
2.00000000,19.00000000,0.00424695,13261.47217815,0.04950277,21453.27477790,
2.00000000,2.00000000,0.00626364,52770.77604143,0.01832718,4972.48596366,
2.00000000,20.00000000,0.00288907,8656.29256569,0.22525835,55974.93416509,
2.00000000,3.00000000,0.01843360,49065.86301716,0.34739710,443842.80203399,
2.00000000,4.00000000,0.01751705,72918.59513569,0.93648576,670190.59416801,
2.00000000,5.00000000,0.03135318,45389.42629218,0.23240636,275983.73947804,
2.00000000,6.00000000,0.01192334,29610.74231934,0.07706745,123259.87877408,
2.00000000,7.00000000,0.02637785,45714.91251430,0.07271453,17289.94245645,
2.00000000,8.00000000,0.00783623,55090.22983806,0.05798006,41581.98101227,
2.00000000,9.00000000,0.01060431,57489.15034693,0.99998547,717500.48673902,
50.00000000,1.00000000,0.00011306,25.56551568,0.00021542,24.22413759,
50.00000000,10.00000000,0.00011266,23.90946449,0.00022324,23.48696732,
50.00000000,11.00000000,0.00003210,5.64298557,0.00006508,5.70681756,
50.00000000,12.00000000,0.00009409,24.16578435,0.00018519,23.57703554,
50.00000000,13.00000000,0.00001062,1.68001049,0.00002136,1.67928385,
50.00000000,14.00000000,0.00008915,18.95598589,0.00017783,19.44700860,
50.00000000,15.00000000,0.00003054,5.65471136,0.00006226,5.68650265,
50.00000000,16.00000000,0.00004455,7.41859493,0.00008916,7.38747869,
50.00000000,17.00000000,0.00003295,5.14198492,0.00006542,5.14125637,
50.00000000,18.00000000,0.00000754,1.22087084,0.00001512,1.22202682,
50.00000000,19.00000000,0.00008202,18.73493464,0.00015077,18.26997065,
50.00000000,2.00000000,0.00007549,18.12799444,0.00015085,18.50099006,
50.00000000,20.00000000,0.00002242,4.10040786,0.00004475,4.12126848,
50.00000000,3.00000000,0.00010623,24.19382692,0.00022963,23.94617157,
50.00000000,4.00000000,0.00010535,23.86958879,0.00020082,23.54388010,
50.00000000,5.00000000,0.00004584,7.89294575,0.00009216,7.87608954,
50.00000000,6.00000000,0.00003269,5.89177369,0.00006610,5.78937420,
50.00000000,7.00000000,0.00011132,23.66161836,0.00023363,24.18885076,
50.00000000,8.00000000,0.00008353,18.53844806,0.00017630,18.78698089,
50.00000000,9.00000000,0.00004493,6.99680832,0.00008706,6.91748063,
5.00000000,1.00000000,0.00588240,2745.81706500,0.01279249,354538.28910724,
5.00000000,10.00000000,0.00522696,2036.41097679,0.00478776,8564.51214892,
5.00000000,11.00000000,0.00026077,162.29610516,0.00070011,677.93752227,
5.00000000,12.00000000,0.00984266,4369.97312852,0.01805851,4776.27589073,
5.00000000,13.00000000,0.00153644,516.89899189,0.01625155,873.91465323,
5.00000000,14.00000000,0.00149386,1235.29987140,0.00396418,792.50968501,
5.00000000,15.00000000,0.00252147,1408.42561448,0.01273926,1323.13584780,
5.00000000,16.00000000,0.00427231,1288.43894866,0.00526338,1220.60832000,
5.00000000,17.00000000,0.00030419,104.76176400,0.00058235,76.90264065,
5.00000000,18.00000000,0.00044664,116.96799404,0.00027345,58.57834611,
5.00000000,19.00000000,0.00113411,535.66290551,0.00367320,1019.67904129,
5.00000000,2.00000000,0.00104862,2196.45973082,0.00288317,507.86141284,
5.00000000,20.00000000,0.00038775,161.25675550,0.00429952,746.75380599,
5.00000000,3.00000000,0.00482952,3136.11318935,0.02156643,12230.06851632,
5.00000000,4.00000000,0.00410953,4231.54809676,0.01451487,6724.90939647,
5.00000000,5.00000000,0.00719058,2220.25820079,0.01021670,4471.17347184,
5.00000000,6.00000000,0.00183008,810.88790307,0.00543165,1615.79302953,
5.00000000,7.00000000,0.00580870,4133.57191016,0.01287323,2149.04965972,
5.00000000,8.00000000,0.00127952,1181.55354323,0.00314105,487.11450160,
5.00000000,9.00000000,0.00194600,1034.62185727,0.53954886,385926.86332923,