alpha,seed,time,niter,nfail,train_lossf,test_lossf,train_lossf[0],test_lossf[0],errorf[0][0],errorf[0][1],errorf1[0][0],errorf1[0][1],errorf2[0][0],errorf2[0][1],train_Srel[0],test_Srel[0],
inf,1.00000000,0.00000000,0.00000000,0.00000000,279.97785057,867.20112236,279.97785057,867.20112236,277.32238058,2.65547000,586.88918080,0.00000000,277.69292613,2.61901543,-0.00000000,0.00000000,
0.01000000,1.00000000,292.57749391,2596.00000000,0.00000000,7.85042399,1429.20837600,7.85042399,1429.20837600,7.71783417,0.00000000,282.92994679,0.00000000,1146.13748340,0.00000000,-13.25898218,-14.09458130,alpha,seed,time,niter,nfail,train_lossf,test_lossf,train_lossf[0],test_lossf[0],errorf[0][0],errorf[0][1],errorf1[0][0],errorf1[0][1],errorf2[0][0],errorf2[0][1],train_Srel[0],test_Srel[0],
inf,10.00000000,0.00000000,0.00000000,0.00000000,302.64418777,866.55292346,302.64418777,866.55292346,301.10877439,1.53541339,563.39870085,1.14710751,300.58792949,1.41918562,0.00000000,-0.00000000,
0.01000000,10.00000000,213.20050907,1900.00000000,0.00000000,21.64258136,1682.35164372,21.64258136,1682.35164372,21.50858476,0.00000000,397.03089623,0.00000000,1285.16543471,0.00000000,-13.39966015,-15.53127845,alpha,seed,time,niter,nfail,train_lossf,test_lossf,train_lossf[0],test_lossf[0],errorf[0][0],errorf[0][1],errorf1[0][0],errorf1[0][1],errorf2[0][0],errorf2[0][1],train_Srel[0],test_Srel[0],
inf,11.00000000,0.00000000,0.00000000,0.00000000,776.00125313,866.20950565,776.00125313,866.20950565,773.36587334,2.63537979,91.36272101,0.00000000,772.18760392,2.65918072,0.00000000,0.00000000,
0.01000000,11.00000000,258.22621489,2078.00000000,0.00000000,5.82888396,1659.76812392,5.82888396,1659.76812392,5.68457957,0.00177279,340.28497193,0.00000000,1312.21455156,7.10600796,-14.25315956,-16.25924713,alpha,seed,time,niter,nfail,train_lossf,test_lossf,train_lossf[0],test_lossf[0],errorf[0][0],errorf[0][1],errorf1[0][0],errorf1[0][1],errorf2[0][0],errorf2[0][1],train_Srel[0],test_Srel[0],
inf,12.00000000,0.00000000,0.00000000,0.00000000,787.75134451,869.05124458,787.75134451,869.05124458,785.07278553,2.67855899,78.18936764,0.00000000,788.28764631,2.57423064,0.00000000,-0.00000000,
0.01000000,12.00000000,658.44651294,4590.00000000,0.00000000,8.78317589,1127.53232396,8.78317589,1127.53232396,8.65412068,0.00000000,324.56024539,0.00000000,802.76685387,0.00000000,-12.90552186,-20.52247010,alpha,seed,time,niter,nfail,train_lossf,test_lossf,train_lossf[0],test_lossf[0],errorf[0][0],errorf[0][1],errorf1[0][0],errorf1[0][1],errorf2[0][0],errorf2[0][1],train_Srel[0],test_Srel[0],
inf,13.00000000,0.00000000,0.00000000,0.00000000,324.49499805,867.50252206,324.49499805,867.50252206,321.84154777,2.65345028,542.22333656,0.00000000,322.65624162,2.62294387,-0.00000000,0.00000000,
0.01000000,13.00000000,277.07276416,2000.00000000,0.00000000,12.25523554,1328.00117912,12.25523554,1328.00117912,12.12209651,0.00000000,131.15800276,0.00000000,1196.68658932,0.00000000,-13.31390361,-15.65870470,alpha,seed,time,niter,nfail,train_lossf,test_lossf,train_lossf[0],test_lossf[0],errorf[0][0],errorf[0][1],errorf1[0][0],errorf1[0][1],errorf2[0][0],errorf2[0][1],train_Srel[0],test_Srel[0],
inf,14.00000000,0.00000000,0.00000000,0.00000000,723.85460661,867.03643761,723.85460661,867.03643761,722.72458083,1.13002578,141.59660191,1.49618576,722.76218220,1.18146774,-0.00000000,0.00000000,
0.01000000,14.00000000,324.05676317,2744.00000000,0.00000000,8.12663799,1903.28399784,8.12663799,1903.28399784,7.99803903,0.00000000,439.88706690,0.00000000,1461.14990836,2.09055198,-12.85989597,-15.64706037,alpha,seed,time,niter,nfail,train_lossf,test_lossf,train_lossf[0],test_lossf[0],errorf[0][0],errorf[0][1],errorf1[0][0],errorf1[0][1],errorf2[0][0],errorf2[0][1],train_Srel[0],test_Srel[0],
inf,15.00000000,0.00000000,0.00000000,0.00000000,239.97754238,866.62652636,239.97754238,866.62652636,238.85500332,1.12253906,625.68270265,1.49618576,238.25096364,1.19667430,-0.00000000,0.00000000,
0.01000000,15.00000000,606.01684189,3910.00000000,0.00000000,18.87082444,1565.03183355,18.87082444,1565.03183355,18.73871961,0.00000000,265.23349544,0.00000000,1299.61505913,0.00000000,-13.21048336,-18.32789916,alpha,seed,time,niter,nfail,train_lossf,test_lossf,train_lossf[0],test_lossf[0],errorf[0][0],errorf[0][1],errorf1[0][0],errorf1[0][1],errorf2[0][0],errorf2[0][1],train_Srel[0],test_Srel[0],
inf,16.00000000,0.00000000,0.00000000,0.00000000,297.75809020,866.57910112,297.75809020,866.57910112,295.14876519,2.60932502,569.42206771,0.00000000,294.44535560,2.71167782,-0.00000000,0.00000000,
0.01000000,16.00000000,203.63120866,1595.00000000,0.00000000,9.56828380,5566.62950880,9.56828380,5566.62950880,9.43730440,0.00000000,4678.36128301,0.00000000,888.13512947,0.00000000,-13.09793994,-13.30963203,alpha,seed,time,niter,nfail,train_lossf,test_lossf,train_lossf[0],test_lossf[0],errorf[0][0],errorf[0][1],errorf1[0][0],errorf1[0][1],errorf2[0][0],errorf2[0][1],train_Srel[0],test_Srel[0],
inf,17.00000000,0.00000000,0.00000000,0.00000000,243.46751581,866.82539827,243.46751581,866.82539827,241.99642164,1.47109417,622.43844284,1.14710751,241.69295205,1.54689588,0.00000000,-0.00000000,
0.01000000,17.00000000,246.44877720,2380.00000000,0.00000000,19.22255683,1954.23522595,19.22255683,1954.23522595,19.09407943,0.00000000,1314.51875496,0.00000000,639.56199085,0.00000000,-12.84773983,-15.44801362,alpha,seed,time,niter,nfail,train_lossf,test_lossf,train_lossf[0],test_lossf[0],errorf[0][0],errorf[0][1],errorf1[0][0],errorf1[0][1],errorf2[0][0],errorf2[0][1],train_Srel[0],test_Srel[0],
inf,18.00000000,0.00000000,0.00000000,0.00000000,742.99172373,866.18291118,742.99172373,866.18291118,740.35061978,2.64110395,124.38483019,0.00000000,739.15040824,2.64767274,-0.00000000,0.00000000,
0.01000000,18.00000000,444.53740120,3994.00000000,0.00000000,4.85988819,2151.27700738,4.85988819,2151.27700738,4.72530411,0.00000000,304.69920222,0.00000000,1799.71937879,46.72887081,-13.45840796,-12.95555510,alpha,seed,time,niter,nfail,train_lossf,test_lossf,train_lossf[0],test_lossf[0],errorf[0][0],errorf[0][1],errorf1[0][0],errorf1[0][1],errorf2[0][0],errorf2[0][1],train_Srel[0],test_Srel[0],
inf,19.00000000,0.00000000,0.00000000,0.00000000,752.28015010,870.36893495,752.28015010,870.36893495,749.64457628,2.63557382,113.00881519,0.00000000,754.70127281,2.65884695,-0.00000000,0.00000000,
0.01000000,19.00000000,361.17233300,3127.00000000,0.00000000,11.78521086,1037.55713589,11.78521086,1037.55713589,11.65375049,0.00000000,408.99000947,0.14426196,628.29266430,0.00874114,-13.14603688,-12.14590184,alpha,seed,time,niter,nfail,train_lossf,test_lossf,train_lossf[0],test_lossf[0],errorf[0][0],errorf[0][1],errorf1[0][0],errorf1[0][1],errorf2[0][0],errorf2[0][1],train_Srel[0],test_Srel[0],
inf,2.00000000,0.00000000,0.00000000,0.00000000,253.73244811,866.52634852,253.73244811,866.52634852,251.07483204,2.65761607,613.47113564,0.00000000,250.44020550,2.61500738,0.00000000,0.00000000,
0.01000000,2.00000000,393.50207281,4267.00000000,0.00000000,12.90967193,1622.47774369,12.90967193,1622.47774369,12.77454102,0.00000458,164.85137366,0.00000000,1120.39677168,337.06434475,-13.51263371,-16.52536111,alpha,seed,time,niter,nfail,train_lossf,test_lossf,train_lossf[0],test_lossf[0],errorf[0][0],errorf[0][1],errorf1[0][0],errorf1[0][1],errorf2[0][0],errorf2[0][1],train_Srel[0],test_Srel[0],
inf,20.00000000,0.00000000,0.00000000,0.00000000,748.38115080,867.15950340,748.38115080,867.15950340,745.71043707,2.67071373,118.50534817,0.00000000,746.06451351,2.58964172,0.00000000,0.00000000,
0.01000000,20.00000000,350.75192618,2561.00000000,0.00000000,10.48230322,2157.42373117,10.48230322,2157.42373117,10.33969142,0.00041789,393.99764918,0.00000000,1695.83492838,67.45848989,-14.21939195,-13.26637285,alpha,seed,time,niter,nfail,train_lossf,test_lossf,train_lossf[0],test_lossf[0],errorf[0][0],errorf[0][1],errorf1[0][0],errorf1[0][1],errorf2[0][0],errorf2[0][1],train_Srel[0],test_Srel[0],
inf,3.00000000,0.00000000,0.00000000,0.00000000,789.20120193,864.89674104,789.20120193,864.89674104,788.07607781,1.12512412,77.32306267,1.49618576,784.88579102,1.19170158,-0.00000000,0.00000000,
0.01000000,3.00000000,134.93327808,1248.00000000,0.00000000,5.30052676,1737.44637615,5.30052676,1737.44637615,5.15801901,0.00000000,340.81790252,0.00000000,1396.47126726,0.00000000,-14.25077530,-15.72063693,alpha,seed,time,niter,nfail,train_lossf,test_lossf,train_lossf[0],test_lossf[0],errorf[0][0],errorf[0][1],errorf1[0][0],errorf1[0][1],errorf2[0][0],errorf2[0][1],train_Srel[0],test_Srel[0],
inf,4.00000000,0.00000000,0.00000000,0.00000000,237.10490163,867.11135146,237.10490163,867.11135146,234.43440455,2.67049708,629.80666230,0.00000000,234.71507440,2.58961476,0.00000000,0.00000000,
0.01000000,4.00000000,315.54938221,2537.00000000,0.00000000,3.81225873,2212.95168590,3.81225873,2212.95168590,3.69087220,0.00001141,1050.88945279,0.00000000,1161.92135146,0.00000000,-12.13751233,-14.08816460,alpha,seed,time,niter,nfail,train_lossf,test_lossf,train_lossf[0],test_lossf[0],errorf[0][0],errorf[0][1],errorf1[0][0],errorf1[0][1],errorf2[0][0],errorf2[0][1],train_Srel[0],test_Srel[0],
inf,5.00000000,0.00000000,0.00000000,0.00000000,808.61922333,867.68400780,808.61922333,867.68400780,805.96720985,2.65201349,58.00734385,0.00000000,807.05092506,2.62573889,-0.00000000,0.00000000,
0.01000000,5.00000000,353.83634210,2937.00000000,0.00000000,23.77320969,1779.79078943,23.77320969,1779.79078943,23.63550270,0.00000000,198.80945830,0.00000000,1580.80037534,0.00000000,-13.77069955,-18.09557886,alpha,seed,time,niter,nfail,train_lossf,test_lossf,train_lossf[0],test_lossf[0],errorf[0][0],errorf[0][1],errorf1[0][0],errorf1[0][1],errorf2[0][0],errorf2[0][1],train_Srel[0],test_Srel[0],
inf,6.00000000,0.00000000,0.00000000,0.00000000,761.71307437,865.56789663,761.71307437,865.56789663,760.24016027,1.47291411,104.82403915,1.14710751,758.05355891,1.54319106,-0.00000000,0.00000000,
0.01000000,6.00000000,328.42553973,3205.00000000,0.00000000,22.32681936,1954.23522366,22.32681936,1954.23522366,22.19178927,0.00141026,176.17418755,0.00000000,1777.90655826,0.00000000,-13.36198313,-15.44778446,alpha,seed,time,niter,nfail,train_lossf,test_lossf,train_lossf[0],test_lossf[0],errorf[0][0],errorf[0][1],errorf1[0][0],errorf1[0][1],errorf2[0][0],errorf2[0][1],train_Srel[0],test_Srel[0],
inf,7.00000000,0.00000000,0.00000000,0.00000000,772.26122792,865.53382506,772.26122792,865.53382506,769.59309567,2.66813225,95.43179201,0.00000000,767.50845049,2.59358255,0.00000000,-0.00000000,
0.01000000,7.00000000,306.97095037,3205.00000000,0.00000000,16.96185554,3617.73130056,16.96185554,3617.73130056,16.82514739,0.00000000,408.35894087,129.11074447,3080.08684422,0.00000000,-13.67081473,-17.47710031,alpha,seed,time,niter,nfail,train_lossf,test_lossf,train_lossf[0],test_lossf[0],errorf[0][0],errorf[0][1],errorf1[0][0],errorf1[0][1],errorf2[0][0],errorf2[0][1],train_Srel[0],test_Srel[0],
inf,8.00000000,0.00000000,0.00000000,0.00000000,724.56236959,866.19025308,724.56236959,866.19025308,721.87893964,2.68342994,142.81106226,0.00000000,720.81472040,2.56447043,0.00000000,0.00000000,
0.01000000,8.00000000,439.73871207,3141.00000000,0.00000000,6.35995982,3508.55845686,6.35995982,3508.55845686,6.21421242,0.00000000,263.03890641,0.00000000,3245.40191401,0.00000000,-14.57473978,-11.76364383,alpha,seed,time,niter,nfail,train_lossf,test_lossf,train_lossf[0],test_lossf[0],errorf[0][0],errorf[0][1],errorf1[0][0],errorf1[0][1],errorf2[0][0],errorf2[0][1],train_Srel[0],test_Srel[0],
inf,9.00000000,0.00000000,0.00000000,0.00000000,243.80186032,867.83257030,243.80186032,867.83257030,242.29297935,1.50888098,621.60259002,1.14710751,243.61196171,1.47091107,0.00000000,0.00000000,
0.01000000,9.00000000,475.71334624,3664.00000000,0.00000000,12.20888268,2157.42370119,12.20888268,2157.42370119,12.08542185,0.00000000,336.08739061,0.00000000,1753.74518694,67.45848989,-12.34608357,-13.26337506,
0.10000000,1.00000000,82.75689864,660.00000000,0.00000000,9.03624274,1430.47688832,9.03624274,1430.47688832,7.72430984,0.00000000,282.92994679,0.00000000,1146.13748340,0.00000000,-13.11932906,-14.09458130,
0.10000000,10.00000000,161.79831696,1121.00000000,0.00000000,21.26344765,1683.74945878,21.26344765,1683.74945878,19.94029903,0.00000000,397.03089623,0.00000000,1285.16543471,0.00000000,-13.23148622,-15.53127845,
0.10000000,11.00000000,121.84128547,840.00000000,0.00000000,7.10366625,1661.23144822,7.10366625,1661.23144822,5.69169593,0.00177796,340.28497058,0.00000000,1312.21454501,7.10600792,-14.10192356,-16.25924708,
0.10000000,12.00000000,197.25221372,1511.00000000,0.00000000,9.94040894,1129.37934627,9.94040894,1129.37934627,8.65593679,0.00000000,324.56024539,0.00000000,802.76685387,0.00000000,-12.84472150,-20.52247010,
0.10000000,13.00000000,155.23335171,710.00000000,0.00000000,13.44084626,1006.71574374,13.44084626,1006.71574374,12.13711481,0.00000000,110.28835759,0.00000000,894.94024405,0.00000000,-13.03731456,-14.87142109,
0.10000000,14.00000000,190.05613232,691.00000000,0.00000000,9.27204259,1359.50232741,9.27204259,1359.50232741,8.01217504,0.00000000,328.03475484,0.00000000,1028.94018948,1.01807353,-12.59867550,-15.09309559,
0.10000000,15.00000000,238.52239752,1251.00000000,0.00000000,20.04967464,1481.63390273,20.04967464,1481.63390273,18.74197201,0.00000000,255.74250516,0.00000000,1224.09043164,0.00000000,-13.07702625,-18.00965939,
0.10000000,16.00000000,99.12910891,538.00000000,0.00000000,10.73900416,5547.57371880,10.73900416,5547.57371880,9.44733768,0.00000000,4661.33494617,0.00000000,884.90895256,0.00000000,-12.91666488,-13.29820071,
0.10000000,17.00000000,157.45136046,898.00000000,0.00000000,20.35322115,1955.62554718,20.35322115,1955.62554718,19.08447197,0.00000000,1314.51875496,0.00000000,639.56199085,0.00000000,-12.68749182,-15.44801362,
0.10000000,18.00000000,199.28609872,1313.00000000,0.00000000,6.04770836,2152.44300733,6.04770836,2152.44300733,4.74510957,0.00000000,304.69920222,0.00000000,1799.71937879,46.72887081,-13.02598799,-12.95555510,
0.10000000,19.00000000,199.43080544,1069.00000000,0.00000000,12.95635141,1038.65026706,12.95635141,1038.65026706,11.66398938,0.00000000,408.99000947,0.14426196,628.29266430,0.00874114,-12.92362038,-12.14590184,
0.10000000,2.00000000,199.95624971,1382.00000000,0.00000000,14.11278945,1623.96502559,14.11278945,1623.96502559,12.78237338,0.00000000,164.85137360,0.00000000,1120.39677125,337.06434463,-13.30416069,-16.52536110,
0.10000000,20.00000000,168.07497931,1037.00000000,0.00000000,11.75108352,2158.61770473,11.75108352,2158.61770473,10.35016602,0.00054651,393.99764918,0.00000000,1695.83492837,67.45848989,-14.00370993,-13.26637285,
0.10000000,3.00000000,53.35834265,412.00000000,0.00000000,6.57217957,1738.86106184,6.57217957,1738.86106184,5.17285388,0.00000000,340.81786263,0.00000000,1396.47113567,0.00000000,-13.99325694,-15.72063534,
0.10000000,4.00000000,120.89320755,837.00000000,0.00000000,4.89326433,2214.21961080,4.89326433,2214.21961080,3.70303744,0.00009410,1050.88944830,0.00000000,1161.92134604,0.00000000,-11.90132783,-14.08816456,
0.10000000,5.00000000,218.05452871,1009.00000000,0.00000000,24.99479117,1781.41939152,24.99479117,1781.41939152,23.65145096,0.00000000,198.80945830,0.00000000,1580.80037534,0.00000000,-13.43340206,-18.09557886,
0.10000000,6.00000000,220.36702728,1150.00000000,0.00000000,23.52025553,1955.62552426,23.52025553,1955.62552426,22.20042121,0.00150466,176.17418755,0.00000000,1777.90655826,0.00000000,-13.18329662,-15.44778446,
0.10000000,7.00000000,173.01411843,1189.00000000,0.00000000,18.18048904,3619.30400268,18.18048904,3619.30400268,16.82472082,0.00000000,408.35891564,129.11073580,3080.08664127,0.00000000,-13.55768227,-17.47709961,
0.10000000,8.00000000,144.80366611,836.00000000,0.00000000,7.65428398,3509.61718465,7.65428398,3509.61718465,6.23286911,0.00000000,263.03890641,0.00000000,3245.40191386,0.00000000,-14.21414869,-11.76364383,
0.10000000,9.00000000,142.96590018,1190.00000000,0.00000000,13.31223872,2158.61740495,13.31223872,2158.61740495,12.09021158,0.00000000,336.08739061,0.00000000,1753.74518694,67.45848989,-12.22027142,-13.26337506,
1000000.00000000,1.00000000,9.20350671,65.00000000,0.00000000,279.96928803,867.17074311,279.96928803,867.17074311,277.30545545,2.65531146,586.86723988,0.00000000,277.67624495,2.61885149,-0.00000001,-0.00000001,
1000000.00000000,10.00000000,7.83291769,59.00000000,0.00000000,302.63443973,866.52374998,302.63443973,866.52374998,301.08939199,1.53533844,563.37929280,1.14712142,300.56846318,1.41912257,-0.00000001,-0.00000001,
1000000.00000000,11.00000000,14.32654309,130.00000000,0.00000000,775.68027592,865.89093670,775.68027592,865.89093670,772.73238921,2.63554170,91.36234913,0.00000000,771.55867266,2.65929438,-0.00000031,-0.00000031,
1000000.00000000,12.00000000,10.74510026,92.00000000,0.00000000,787.43275944,868.72792725,787.43275944,868.72792725,784.43961206,2.67855918,78.18749324,0.00000000,787.65037399,2.57429792,-0.00000031,-0.00000032,
1000000.00000000,13.00000000,3.33555174,22.00000000,0.00000000,324.48420808,867.47309968,324.48420808,867.47309968,321.82014596,2.65329324,542.20473320,0.00000000,322.63484448,2.62279192,-0.00000001,-0.00000001,
1000000.00000000,14.00000000,13.72378826,113.00000000,0.00000000,723.54900281,866.71478841,723.54900281,866.71478841,722.11807579,1.13001101,141.58150811,1.49641386,722.15352217,1.18143642,-0.00000030,-0.00000030,
1000000.00000000,15.00000000,8.45571327,81.00000000,0.00000000,239.97095164,866.60283956,239.97095164,866.60283956,238.84209761,1.12238013,625.66544369,1.49631332,238.23808139,1.19651631,-0.00000001,-0.00000001,
1000000.00000000,16.00000000,2.62247586,23.00000000,0.00000000,297.74824441,866.54999099,297.74824441,866.54999099,295.12920709,2.60921353,569.40263467,0.00000000,294.42604456,2.71155121,-0.00000001,-0.00000001,
1000000.00000000,17.00000000,8.83657432,75.00000000,0.00000000,243.46173688,866.80628476,243.46173688,866.80628476,241.98497135,1.47105268,622.42510448,1.14707048,241.68157089,1.54684116,-0.00000001,-0.00000001,
1000000.00000000,18.00000000,25.18269324,144.00000000,0.00000000,742.67849357,865.86371374,742.67849357,865.86371374,739.72295500,2.64123847,124.37491959,0.00000000,738.53003600,2.64784080,-0.00000031,-0.00000031,
1000000.00000000,19.00000000,9.70014548,95.00000000,0.00000000,751.97090141,870.04332247,751.97090141,870.04332247,749.02711245,2.63562670,112.99952308,0.00000000,754.07248218,2.65883278,-0.00000031,-0.00000031,
1000000.00000000,2.00000000,11.53814578,75.00000000,0.00000000,253.72569565,866.50205898,253.72569565,866.50205898,251.06140328,2.65746236,613.45357602,0.00000000,250.42679256,2.61486027,-0.00000001,-0.00000001,
1000000.00000000,20.00000000,18.13407612,170.00000000,0.00000000,748.06674880,866.83793622,748.06674880,866.83793622,745.08043824,2.67091071,118.49771726,0.00000000,745.43579059,2.58984288,-0.00000032,-0.00000031,
1000000.00000000,3.00000000,5.21069264,39.00000000,0.00000000,788.88407527,864.57506384,788.88407527,864.57506384,787.44176743,1.12507457,77.31662732,1.49654377,784.25261308,1.19167293,-0.00000032,-0.00000032,
1000000.00000000,4.00000000,13.77298808,60.00000000,0.00000000,237.09644763,867.09445913,237.09644763,867.09445913,234.41754268,2.67039087,629.79824931,0.00000000,234.69816168,2.58951202,-0.00000001,-0.00000001,
1000000.00000000,5.00000000,17.13715768,128.00000000,0.00000000,808.30136766,867.36054173,808.30136766,867.36054173,805.33427652,2.65206284,58.00319525,0.00000000,806.41565151,2.62570529,-0.00000032,-0.00000032,
1000000.00000000,6.00000000,17.43812299,144.00000000,0.00000000,761.39725904,865.25202269,761.39725904,865.25202269,759.61266959,1.47304962,104.81524034,1.14721857,757.44192116,1.54336457,-0.00000031,-0.00000030,
1000000.00000000,7.00000000,19.67802501,156.00000000,0.00000000,771.95013511,865.21157011,771.95013511,865.21157011,768.97454870,2.66824478,95.42217138,0.00000000,766.88564173,2.59366940,-0.00000031,-0.00000031,
1000000.00000000,8.00000000,19.63515425,143.00000000,0.00000000,724.25035047,865.86812888,724.25035047,865.86812888,721.25516133,2.68347598,142.80170266,0.00000000,720.18893112,2.56461827,-0.00000031,-0.00000031,
1000000.00000000,9.00000000,9.51863337,67.00000000,0.00000000,243.79458022,867.80954470,243.79458022,867.80954470,242.27854556,1.50880503,621.58693248,1.14706050,243.59753457,1.47083963,-0.00000001,-0.00000001,
100000.00000000,1.00000000,18.85572529,86.00000000,0.00000000,279.89221619,866.89676235,279.89221619,866.89676235,277.15295317,2.65380351,586.66921499,0.00000000,277.52595487,2.61729535,-0.00000085,-0.00000084,
100000.00000000,10.00000000,11.84383249,88.00000000,0.00000000,302.54671813,866.26040017,302.54671813,866.26040017,300.91481539,1.53467766,563.20380445,1.14726745,300.39312206,1.41856899,-0.00000097,-0.00000098,
100000.00000000,11.00000000,20.63314056,142.00000000,0.00000000,772.81339149,863.04501259,772.81339149,863.04501259,767.02361042,2.63701516,91.35871792,0.00000000,765.89012720,2.66033799,-0.00003153,-0.00003136,
100000.00000000,12.00000000,10.61829090,102.00000000,0.00000000,784.58752455,865.84034602,784.58752455,865.84034602,778.76835831,2.67855234,78.17053618,0.00000000,781.94284634,2.57488946,-0.00003141,-0.00003152,
100000.00000000,13.00000000,4.57167840,26.00000000,0.00000000,324.38712903,867.20820326,324.38712903,867.20820326,321.62749796,2.65188088,542.03717774,0.00000000,322.44223602,2.62142542,-0.00000108,-0.00000107,
100000.00000000,14.00000000,18.90307856,130.00000000,0.00000000,720.82022876,863.84091151,720.82022876,863.84091151,716.67182566,1.12988117,141.44502689,1.49844547,716.68757544,1.18116350,-0.00003019,-0.00003029,
100000.00000000,15.00000000,12.50964308,103.00000000,0.00000000,239.91162765,866.38755657,239.91162765,866.38755657,238.72491928,1.12091159,625.50801207,1.49746852,238.12110455,1.19505586,-0.00000066,-0.00000066,
100000.00000000,16.00000000,4.11883307,29.00000000,0.00000000,297.65966079,866.28793409,297.65966079,866.28793409,294.95304394,2.60821830,569.22764175,0.00000000,294.25211012,2.71041956,-0.00000098,-0.00000098,
100000.00000000,17.00000000,14.36593699,110.00000000,0.00000000,243.40972016,866.63326027,243.40972016,866.63326027,241.88132164,1.47065341,622.30404474,1.14675087,241.57854419,1.54632220,-0.00000058,-0.00000058,
100000.00000000,18.00000000,20.89402747,159.00000000,0.00000000,739.88163246,863.01337184,739.88163246,863.01337184,734.15505886,2.64241423,124.28658174,0.00000000,733.02608703,2.64931385,-0.00003084,-0.00003051,
100000.00000000,19.00000000,15.67745566,118.00000000,0.00000000,749.20944031,867.13595408,749.20944031,867.13595408,743.52600806,2.63605573,112.91636519,0.00000000,748.47115545,2.65866209,-0.00003047,-0.00003090,
100000.00000000,2.00000000,22.42376661,91.00000000,0.00000000,253.66493320,866.28404979,253.66493320,866.28404979,250.94119855,2.65606195,613.29612739,0.00000000,250.30673090,2.61351941,-0.00000068,-0.00000068,
100000.00000000,20.00000000,29.00077820,206.00000000,0.00000000,745.25923723,863.96635988,745.25923723,863.96635988,739.49391811,2.67263752,118.42950359,0.00000000,739.86054073,2.59160377,-0.00003093,-0.00003085,
100000.00000000,3.00000000,10.96613169,61.00000000,0.00000000,786.05207022,861.70205710,786.05207022,861.70205710,781.79367557,1.12462090,77.25886442,1.49975107,778.61449220,1.19140278,-0.00003134,-0.00003138,
100000.00000000,4.00000000,9.03262758,76.00000000,0.00000000,237.02039371,866.94234540,237.02039371,866.94234540,234.26620181,2.66943705,629.72241788,0.00000000,234.54636361,2.58858930,-0.00000085,-0.00000085,
100000.00000000,5.00000000,43.64011884,165.00000000,0.00000000,805.46270008,864.47193596,805.46270008,864.47193596,799.67407283,2.65244523,57.96600013,0.00000000,800.73526903,2.62534753,-0.00003136,-0.00003145,
100000.00000000,6.00000000,19.79663730,180.00000000,0.00000000,758.57729617,862.43005514,758.57729617,862.43005514,753.99294147,1.47423087,104.73587035,1.14821879,751.96273707,1.54488483,-0.00003110,-0.00003038,
100000.00000000,7.00000000,32.56449246,220.00000000,0.00000000,769.17223818,862.33348143,769.17223818,862.33348143,763.45889504,2.66918085,95.33558663,0.00000000,761.33217307,2.59438126,-0.00003044,-0.00003071,
100000.00000000,8.00000000,20.80711460,163.00000000,0.00000000,721.46418349,862.99136982,721.46418349,862.99136982,715.70498801,2.68386063,142.71758865,0.00000000,714.62127458,2.56590471,-0.00003075,-0.00003087,
100000.00000000,9.00000000,14.98836327,94.00000000,0.00000000,243.72906797,867.60128326,243.72906797,867.60128326,242.14812249,1.50809267,621.44496221,1.14665161,243.46718052,1.47016849,-0.00000073,-0.00000072,
1000.00000000,1.00000000,27.21031141,148.00000000,0.00000000,271.47502291,835.76295738,271.47502291,835.76295738,260.53930671,2.49566961,563.82708978,0.00000000,261.17950757,2.45401271,-0.00844005,-0.00830235,
1000.00000000,10.00000000,16.88892770,117.00000000,0.00000000,293.17269721,836.01549875,293.17269721,836.01549875,282.49165652,1.46381389,542.34590355,1.16086748,281.89388445,1.35865456,-0.00921723,-0.00925619,
1000.00000000,11.00000000,19.98990178,131.00000000,0.00000000,584.98121992,675.18582018,584.98121992,675.18582018,461.40114306,2.71780114,90.60389136,0.00000000,460.89218210,2.72869052,-0.12086228,-0.12096106,
1000.00000000,12.00000000,25.30006099,156.00000000,0.00000000,597.76822490,675.96305359,597.76822490,675.96305359,474.85339406,2.63251151,76.01916680,0.00000000,477.48296423,2.56229235,-0.12028232,-0.11989863,
1000.00000000,13.00000000,16.95733643,64.00000000,0.00000000,314.02094956,836.86621318,314.02094956,836.86621318,301.34489314,2.49174534,522.09007853,0.00000000,302.15800605,2.46521822,-0.01018431,-0.01015291,
1000.00000000,14.00000000,21.31702113,146.00000000,0.00000000,544.43144523,675.04162173,544.43144523,675.04162173,431.83754510,1.08348691,129.70040766,1.68740288,430.08776771,1.15248432,-0.11151041,-0.11241356,
1000.00000000,15.00000000,22.81931233,154.00000000,0.00000000,233.51080609,842.04511945,233.51080609,842.04511945,226.19398772,0.97123173,607.41464819,1.62130905,225.59842639,1.04705223,-0.00634559,-0.00636368,
1000.00000000,16.00000000,7.03476214,38.00000000,0.00000000,288.21231421,836.42645454,288.21231421,836.42645454,276.45021335,2.49301083,548.65961312,0.00000000,275.98919752,2.58026749,-0.00926909,-0.00919738,
1000.00000000,17.00000000,26.59729862,151.00000000,0.00000000,237.76367323,847.10126000,237.76367323,847.10126000,230.70457816,1.42613895,608.41270680,1.11115050,230.47514636,1.48952274,-0.00563296,-0.00561273,
1000.00000000,18.00000000,27.49567819,197.00000000,0.00000000,558.18138208,674.63452519,558.18138208,674.63452519,439.73378871,2.69230943,116.35494543,0.00000000,440.29650851,2.71255021,-0.11575528,-0.11527052,
1000.00000000,19.00000000,32.19513869,167.00000000,0.00000000,569.58030079,676.87186392,569.58030079,676.87186392,452.66023335,2.61066199,105.12385540,0.00000000,453.85575139,2.59598920,-0.11430941,-0.11529627,
1000.00000000,2.00000000,30.12932038,144.00000000,0.00000000,247.12166658,841.12438501,247.12166658,841.12438501,238.14259733,2.49688336,594.65507573,0.00000000,237.53101507,2.46127446,-0.00648219,-0.00647702,
1000.00000000,20.00000000,35.39259148,262.00000000,0.00000000,562.08919062,674.76227159,562.08919062,674.76227159,442.18228436,2.78868862,112.10844017,0.00000000,443.31232601,2.69166543,-0.11711822,-0.11664984,
1000.00000000,3.00000000,10.63041472,48.00000000,0.00000000,600.24033197,672.14690278,600.24033197,672.14690278,479.43831110,1.06540859,72.51682538,1.80388626,476.72464800,1.13239996,-0.11973661,-0.11996914,
1000.00000000,4.00000000,9.63202667,106.00000000,0.00000000,229.00994063,850.14954956,229.00994063,850.14954956,218.70255126,2.55639096,620.96611911,0.00000000,218.93291081,2.47887987,-0.00775100,-0.00777164,
1000.00000000,5.00000000,26.51928735,206.00000000,0.00000000,619.32274589,674.14359144,619.32274589,674.14359144,497.14874088,2.61648541,53.88030028,0.00000000,498.53690142,2.54944524,-0.11955752,-0.11917694,
1000.00000000,6.00000000,32.54705405,270.00000000,0.00000000,575.70542198,675.01714206,575.70542198,675.01714206,457.89673816,1.54192574,97.37798587,1.24931230,459.65907458,1.62515280,-0.11626676,-0.11510562,
1000.00000000,7.00000000,42.40355062,269.00000000,0.00000000,588.60035098,673.15438707,588.60035098,673.15438707,470.94959388,2.70004965,87.14072421,0.00000000,467.54481012,2.62416162,-0.11495071,-0.11584469,
1000.00000000,8.00000000,29.07858944,246.00000000,0.00000000,540.28823791,673.82451245,540.28823791,673.82451245,422.39633418,2.67089739,134.73574143,0.00000000,421.16887189,2.58844978,-0.11522101,-0.11533145,
1000.00000000,9.00000000,24.34377265,141.00000000,0.00000000,236.71977105,844.06200226,236.71977105,844.06200226,228.39050586,1.43414713,605.00045984,1.09953597,229.71464229,1.40053516,-0.00689512,-0.00684683,
100.00000000,1.00000000,22.27377224,134.00000000,0.00000000,206.57744521,583.60932048,206.57744521,583.60932048,148.73005033,1.44755649,375.90703117,0.00000000,151.32195437,1.38178594,-0.56399838,-0.54998549,
100.00000000,10.00000000,18.62692499,130.00000000,0.00000000,226.34729702,574.13417404,226.34729702,574.13417404,168.70832852,0.87053207,347.15135314,1.14770056,168.09252637,0.86723561,-0.56768436,-0.56875358,
100.00000000,11.00000000,20.91227341,166.00000000,0.00000000,264.35230329,351.06632924,264.35230329,351.06632924,137.82990538,2.11745933,86.93522756,0.00000000,136.11303250,2.00008998,-1.24404939,-1.26017979,
100.00000000,12.00000000,12.98129797,121.00000000,0.00000000,278.66616822,346.33621278,278.66616822,346.33621278,151.42312192,1.61377029,65.37814673,0.00000000,155.97320359,1.72522619,-1.25629276,-1.23259636,
100.00000000,13.00000000,9.90147948,77.00000000,0.00000000,239.53530372,559.20128734,239.53530372,559.20128734,173.34979970,1.25671250,319.32522365,0.00000000,173.15943199,1.22996426,-0.64928792,-0.65486667,
100.00000000,14.00000000,17.20668864,143.00000000,0.00000000,253.61243402,350.85296305,253.61243402,350.85296305,138.36506072,0.47454728,95.85962886,2.64259277,135.72427563,0.73782779,-1.14772826,-1.15888638,
100.00000000,15.00000000,19.27996111,168.00000000,0.00000000,185.93944983,636.46431206,185.93944983,636.46431206,144.08894357,0.29556306,448.37394456,2.33605382,143.75757336,0.38618741,-0.41554943,-0.41610553,
100.00000000,16.00000000,6.22284031,40.00000000,0.00000000,220.99480780,572.57647364,220.99480780,572.57647364,161.18240049,1.47281961,351.08942699,0.00000000,163.47458337,1.40672112,-0.58339588,-0.56605742,
100.00000000,17.00000000,18.05577445,167.00000000,0.00000000,193.50811787,671.29388629,193.50811787,671.29388629,152.39080178,0.96574612,476.86164410,0.83516627,152.71450138,0.94466178,-0.40151570,-0.39937913,
100.00000000,18.00000000,25.07952762,215.00000000,0.00000000,253.85378651,348.80046164,253.85378651,348.80046164,131.86033405,1.69017061,95.11554655,0.00000000,130.99853756,1.76687824,-1.20303282,-1.20919499,
100.00000000,19.00000000,27.03067756,155.00000000,0.00000000,270.61175063,353.20451187,270.61175063,353.20451187,150.80978063,1.54128171,81.54843816,0.00000000,152.93857658,1.61214384,-1.18260688,-1.17105353,
100.00000000,2.00000000,28.70796013,152.00000000,0.00000000,196.81966677,606.20506477,196.81966677,606.20506477,149.45915958,1.38832050,409.81606053,0.00000000,149.20174411,1.39489182,-0.45972187,-0.45792368,
100.00000000,20.00000000,28.73395038,225.00000000,0.00000000,253.63667506,350.32919675,253.63667506,350.32919675,132.19440190,2.02706424,96.03381600,0.00000000,133.24693482,1.84545314,-1.19415209,-1.19202993,
100.00000000,3.00000000,5.84026027,45.00000000,0.00000000,276.80960315,345.49926660,276.80960315,345.49926660,145.76690330,0.44811930,66.18646559,2.97372123,146.47780552,0.46474004,-1.30594581,-1.29396534,
100.00000000,4.00000000,29.44261193,134.00000000,0.00000000,177.32736668,701.10691689,177.32736668,701.10691689,132.63196024,1.46100668,523.61593613,0.00000000,133.16248388,1.42597167,-0.43234400,-0.42902525,
100.00000000,5.00000000,32.12258124,206.00000000,0.00000000,301.40239951,337.30197414,301.40239951,337.30197414,173.37180827,1.53708301,35.04550277,0.00000000,174.28121541,1.42939403,-1.26493508,-1.26545862,
100.00000000,6.00000000,28.50264668,196.00000000,0.00000000,273.68083411,347.93645242,273.68083411,347.93645242,156.07044385,1.06830231,72.54836853,1.54929295,155.10769040,1.10569021,-1.16542088,-1.17625410,
100.00000000,7.00000000,33.98291278,236.00000000,0.00000000,285.77540511,344.77494975,285.77540511,344.77494975,162.44348248,1.85369758,60.13217769,0.00000000,161.98862804,1.75037611,-1.21478225,-1.20903768,
100.00000000,8.00000000,27.52152038,220.00000000,0.00000000,243.51750983,348.05329088,243.51750983,348.05329088,128.75584743,1.58440525,105.18769378,0.00000000,127.95438455,1.58055595,-1.13177257,-1.13330657,
100.00000000,9.00000000,21.57533264,138.00000000,0.00000000,185.93834935,629.66584414,185.93834935,629.66584414,140.36553588,0.90786042,442.10370521,0.68380618,141.51613232,0.90932210,-0.44664953,-0.44452878,
10.00000000,1.00000000,13.29869056,129.00000000,0.00000000,75.10283811,251.23855635,75.10283811,251.23855635,33.75695354,0.05094899,170.54424271,0.00000000,35.76230180,0.01364671,-4.12949356,-4.49183651,
10.00000000,10.00000000,13.68270612,113.00000000,0.00000000,91.62850430,223.70225862,91.62850430,223.70225862,48.61777978,0.01536819,113.75161055,0.19399573,58.53571300,0.00000000,-4.29953563,-5.12209394,
10.00000000,11.00000000,25.15260434,191.00000000,0.00000000,76.01776373,163.28623981,76.01776373,163.28623981,31.31864566,0.20575060,83.83351993,0.00000000,29.20451943,0.26915614,-4.44933675,-4.99790443,
10.00000000,12.00000000,22.35973454,107.00000000,0.00000000,81.90670450,168.35076849,81.90670450,168.35076849,33.87053011,0.07675720,79.95327910,0.00000000,42.36514356,0.15061745,-4.79594172,-4.58817284,
10.00000000,13.00000000,8.30157590,67.00000000,0.00000000,84.31075341,200.01142338,84.31075341,200.01142338,36.84686520,0.02157599,107.74561880,0.00000000,44.11830592,0.12881357,-4.74423122,-4.80186851,
10.00000000,14.00000000,16.60025692,153.00000000,0.00000000,73.92003259,162.01016317,73.92003259,162.01016317,30.48912629,0.00071032,82.22802979,3.04015885,32.46191211,1.22021750,-4.34301960,-4.30598449,
10.00000000,15.00000000,17.51161170,145.00000000,0.00000000,83.58402109,337.18210225,83.58402109,337.18210225,48.19780462,0.00000000,249.40008096,1.22358872,51.16131354,0.00183466,-3.53862165,-3.53952844,
10.00000000,16.00000000,9.66753697,51.00000000,0.00000000,79.96330127,205.81590428,79.96330127,205.81590428,34.99332824,0.08589571,117.05803462,0.00000000,45.63950394,0.05700260,-4.48840773,-4.30613631,
10.00000000,17.00000000,19.62521195,143.00000000,0.00000000,84.49601664,331.12788565,84.49601664,331.12788565,45.61395297,0.00560888,233.61090166,0.17493109,55.82179120,0.02121182,-3.88764548,-4.14990499,
10.00000000,18.00000000,28.44371843,192.00000000,0.00000000,68.86368651,167.89086989,68.86368651,167.89086989,26.34417887,0.09161186,96.57243592,0.00000000,30.35979152,0.24241314,-4.24278958,-4.07162293,
10.00000000,19.00000000,27.53220272,130.00000000,0.00000000,83.00006919,189.30800127,83.00006919,189.30800127,36.47720319,0.04623454,101.98828108,0.00000000,41.40442975,0.43589833,-4.64766315,-4.54793921,
10.00000000,2.00000000,19.13728046,136.00000000,0.00000000,79.28904007,255.66720690,79.28904007,255.66720690,40.28541801,0.07039947,172.10213024,0.00000000,44.35980804,0.06617089,-3.89332226,-3.91390977,
10.00000000,20.00000000,25.68812275,202.00000000,0.00000000,77.83309553,174.56580557,77.83309553,174.56580557,36.59033865,0.22715423,93.20679504,0.00000000,39.00264721,0.11891268,-4.10156026,-4.22374506,
10.00000000,3.00000000,12.44260383,94.00000000,0.00000000,75.61450802,158.40421214,75.61450802,158.40421214,28.63337370,0.00000000,75.95984558,3.19231277,33.62495264,0.00000000,-4.69811343,-4.56271012,
10.00000000,4.00000000,22.52537203,122.00000000,0.00000000,62.13411768,328.16962768,62.13411768,328.16962768,24.46394821,0.04248024,259.42928703,0.00000000,33.75397067,0.08235074,-3.76276892,-3.49040192,
10.00000000,5.00000000,18.09931469,185.00000000,0.00000000,99.13529060,135.40251834,99.13529060,135.40251834,47.94801078,0.08751206,25.14447964,0.00000000,58.57689124,0.03971986,-5.10997678,-5.16414276,
10.00000000,6.00000000,29.77899575,230.00000000,0.00000000,94.66133222,154.61231053,94.66133222,154.61231053,50.34764285,0.10774861,56.90545450,0.27750094,51.45874851,0.01749047,-4.42059408,-4.59531161,
10.00000000,7.00000000,32.67308879,175.00000000,0.00000000,91.89477342,156.49520397,91.89477342,156.49520397,44.13019038,0.06037273,52.33684557,0.00000000,54.82236721,0.03831831,-4.77042103,-4.92976729,
10.00000000,8.00000000,30.54434586,159.00000000,0.00000000,71.70148298,159.57021502,71.70148298,159.57021502,30.69904639,0.08766888,85.95166722,0.00000000,33.09032201,0.28632988,-4.09147677,-4.02418959,
10.00000000,9.00000000,31.84501696,140.00000000,0.00000000,75.04444803,294.82679951,75.04444803,294.82679951,38.80037057,0.05478274,209.41656279,0.00000000,44.77638733,0.06333817,-3.61892947,-4.05705112,
1.00000000,1.00000000,28.98084784,233.00000000,0.00000000,19.87186191,1372.36722557,19.87186191,1372.36722557,8.99200474,0.00285243,273.96478850,0.00000000,1084.44966778,0.00000000,-10.87700474,-13.95276929,
1.00000000,10.00000000,41.43868685,327.00000000,0.00000000,32.63191484,1043.51448583,32.63191484,1043.51448583,20.84237341,0.00000000,114.74707162,0.00000000,915.68608560,0.00000000,-11.78954143,-13.08132861,
1.00000000,11.00000000,57.75216198,300.00000000,0.00000000,18.70274911,581.80671887,18.70274911,581.80671887,7.22751182,0.00532080,149.09201041,0.00000000,372.29503882,47.95560883,-11.46991649,-12.46406081,
1.00000000,12.00000000,117.44116092,410.00000000,0.00000000,20.84297379,1147.84937340,20.84297379,1147.84937340,9.73963535,0.00001595,324.56020201,0.00000000,802.76670386,0.00000000,-11.10332248,-20.52246752,
1.00000000,13.00000000,28.58846235,205.00000000,0.00000000,24.05749306,349.05032956,24.05749306,349.05032956,13.20641085,0.00005556,59.32006644,0.00000000,267.37827795,11.10665496,-10.85102664,-11.24533020,
1.00000000,14.00000000,22.32723594,197.00000000,0.00000000,19.65255256,355.83758340,19.65255256,355.83758340,9.21106463,0.00000000,172.88085173,0.00000000,170.30484489,1.16012574,-10.44148794,-11.49176104,
1.00000000,15.00000000,54.25772619,356.00000000,0.00000000,30.92131588,416.57578466,30.92131588,416.57578466,19.96426681,0.00000000,222.99103518,0.00000000,181.06758227,0.00000000,-10.95704907,-12.51716721,
1.00000000,16.00000000,18.65728450,141.00000000,0.00000000,21.35797045,615.27022515,21.35797045,615.27022515,10.73256270,0.00450378,438.27343773,0.00000000,164.72834291,0.00000000,-10.62090397,-12.26844452,
1.00000000,17.00000000,33.09591055,251.00000000,0.00000000,30.68090738,688.09721913,30.68090738,688.09721913,20.36836582,0.00000000,156.40189314,0.02993496,518.82644858,0.00000000,-10.31254156,-12.83894244,
1.00000000,18.00000000,56.75742531,416.00000000,0.00000000,16.37265516,916.21991589,16.37265516,916.21991589,6.27734347,0.00000561,204.92342571,0.00000000,692.04637176,0.00000000,-10.09530607,-19.25011842,
1.00000000,19.00000000,49.21824241,403.00000000,0.00000000,23.68096756,1047.15693869,23.68096756,1047.15693869,12.82454886,0.00135347,407.94060063,0.14336962,626.93499467,0.00809655,-10.85506523,-12.12987722,
1.00000000,2.00000000,56.79955840,332.00000000,0.00000000,25.23078231,626.41010261,25.23078231,626.41010261,14.15838364,0.00000000,341.17085600,0.00000000,235.69995294,35.38987071,-11.07239867,-14.14942295,
1.00000000,20.00000000,35.16101933,325.00000000,0.00000000,22.87050111,804.39508360,22.87050111,804.39508360,12.01884540,0.00271240,167.18198420,0.00000000,612.64920113,11.88611629,-10.84894331,-12.67778198,
1.00000000,3.00000000,26.53309989,138.00000000,0.00000000,17.62393588,1347.64777332,17.62393588,1347.64777332,6.86575277,0.00000424,256.47122690,0.00000000,1076.20417308,0.00000000,-10.75817888,-14.97237333,
1.00000000,4.00000000,48.43588376,261.00000000,0.00000000,14.34837290,1917.23094701,14.34837290,1917.23094701,5.15524223,0.00155977,878.32285126,0.00000000,1025.30214868,0.00000000,-9.19157089,-13.60594707,
1.00000000,5.00000000,48.42473936,288.00000000,0.00000000,35.73100261,432.14560954,35.73100261,432.14560954,24.97228957,0.00299052,47.56983127,0.00000000,370.76913281,0.00000000,-10.75572252,-13.80664546,
1.00000000,6.00000000,61.53660798,355.00000000,0.00000000,34.62106620,1751.24391786,34.62106620,1751.24391786,23.07367978,0.01302652,156.68723223,0.00000000,1579.46080239,0.00000000,-11.53435990,-15.09588324,
1.00000000,7.00000000,46.76106501,345.00000000,0.00000000,29.77536112,521.81434496,29.77536112,521.81434496,17.82558668,0.00000000,172.89645047,0.00000000,336.01590339,0.29701323,-11.94977444,-12.60497788,
1.00000000,8.00000000,66.33834195,340.00000000,0.00000000,18.26256809,1129.12777519,18.26256809,1129.12777519,7.90371884,0.00070737,289.14056602,0.00000000,826.65957208,0.00000000,-10.35814188,-13.32763709,
1.00000000,9.00000000,33.58620024,334.00000000,0.00000000,23.56490580,2140.69580150,23.56490580,2140.69580150,13.02904467,0.00000000,332.18287833,0.00000000,1729.34422848,65.96810081,-10.53586114,-13.20059387,
20.00000000,1.00000000,19.85102701,134.00000000,0.00000000,108.27232297,317.71182220,108.27232297,317.71182220,53.74155005,0.20215054,208.43187273,0.00000000,52.28448978,0.10922785,-2.71643112,-2.84431159,
20.00000000,10.00000000,25.44457102,119.00000000,0.00000000,126.06239646,287.11900849,126.06239646,287.11900849,69.68483663,0.08489210,159.84492308,0.62410983,69.64025632,0.13647507,-2.81463339,-2.84366221,
20.00000000,11.00000000,22.17358327,160.00000000,0.00000000,113.49217806,199.24005393,113.49217806,199.24005393,48.40277680,0.55317906,84.09649314,0.00000000,45.73627940,0.45625535,-3.22681111,-3.44755130,
20.00000000,12.00000000,19.14386153,128.00000000,0.00000000,122.06508720,195.47896681,122.06508720,195.47896681,53.01136163,0.27703225,69.50608284,0.00000000,60.15481460,0.36960015,-3.43883467,-3.27242346,
20.00000000,13.00000000,10.87948012,60.00000000,0.00000000,123.09303088,259.59651754,123.09303088,259.59651754,58.56375531,0.10690775,134.57896891,0.00000000,59.64291651,0.16056696,-3.22111839,-3.26070326,
20.00000000,14.00000000,17.52201223,136.00000000,0.00000000,110.50013120,196.40583933,110.50013120,196.40583933,47.71486077,0.02574444,82.84871240,2.98122671,47.58604682,0.62211835,-3.13797630,-3.11838675,
20.00000000,15.00000000,19.82953095,164.00000000,0.00000000,110.91184769,403.08285915,110.91184769,403.08285915,67.51298437,0.00648736,288.84176905,1.85347472,69.50404059,0.04958754,-2.16961880,-2.14169936,
20.00000000,16.00000000,4.38865185,41.00000000,0.00000000,116.03280401,277.88540774,116.03280401,277.88540774,56.76086604,0.23539622,157.09700241,0.00000000,64.92565808,0.14797152,-2.95182709,-2.78573879,
20.00000000,17.00000000,18.19599533,159.00000000,0.00000000,114.97622734,403.86088618,114.97622734,403.86088618,66.33128222,0.08878660,286.52981460,0.38056148,67.60760511,0.10073048,-2.42780793,-2.46210873,
20.00000000,18.00000000,23.15297675,190.00000000,0.00000000,105.14601433,200.30720475,105.14601433,200.30720475,41.63612233,0.28636193,94.85168941,0.00000000,42.94555498,0.38618207,-3.16117650,-3.10618891,
20.00000000,19.00000000,15.68654275,119.00000000,0.00000000,121.68894135,212.03686321,121.68894135,212.03686321,55.53933826,0.20484088,87.54622355,0.00000000,60.78491683,0.45842133,-3.29723811,-3.16236508,
20.00000000,2.00000000,18.07923198,146.00000000,0.00000000,110.30413821,324.32375730,110.30413821,324.32375730,59.74329701,0.23549647,213.78162823,0.00000000,59.62683823,0.16008760,-2.51626724,-2.53776016,
20.00000000,20.00000000,18.30187368,165.00000000,0.00000000,112.04810377,206.73999285,112.04810377,206.73999285,52.80079079,0.52092430,93.94616084,0.00000000,52.95645212,0.41041989,-2.93631943,-2.97134800,
20.00000000,3.00000000,18.83142138,79.00000000,0.00000000,115.45798758,192.23276164,115.45798758,192.23276164,46.44567456,0.00965609,72.28062857,3.13833761,49.86004578,0.00183514,-3.45013285,-3.34759573,
20.00000000,4.00000000,20.92948389,123.00000000,0.00000000,92.86947443,411.42734914,92.86947443,411.42734914,42.04897585,0.18061833,315.48882079,0.00000000,49.09962518,0.24686695,-2.53199401,-2.32960181,
20.00000000,5.00000000,28.13427305,186.00000000,0.00000000,141.49537398,168.42236192,141.49537398,168.42236192,69.44730046,0.26276503,25.33387398,0.00000000,70.78776320,0.25970560,-3.58926542,-3.60205096,
20.00000000,6.00000000,38.20311785,235.00000000,0.00000000,131.10406678,191.81957358,131.10406678,191.81957358,68.99316597,0.25500880,59.65080655,0.78436098,68.46732173,0.21746991,-3.09279460,-3.13498072,
20.00000000,7.00000000,33.26243448,173.00000000,0.00000000,131.78450495,184.80434180,131.78450495,184.80434180,63.23065007,0.28022039,50.77729533,0.00000000,66.34355656,0.21538736,-3.41368172,-3.37340513,
20.00000000,8.00000000,29.11528659,171.00000000,0.00000000,105.94868173,195.11523781,105.94868173,195.11523781,46.89069427,0.27126478,88.97649385,0.00000000,46.94978572,0.37556490,-2.93933613,-2.94066967,
20.00000000,9.00000000,27.10490251,150.00000000,0.00000000,103.85651029,356.75020310,103.85651029,356.75020310,56.78016659,0.17361258,252.15966971,0.05434493,56.27702623,0.21718162,-2.34513656,-2.40209903,
2.00000000,1.00000000,19.33241034,177.00000000,0.00000000,29.63673732,1033.93638973,29.63673732,1033.93638973,12.04085295,0.00287819,226.39183834,0.00000000,781.13319842,0.00000000,-8.79650309,-13.20567648,
2.00000000,10.00000000,29.20691800,223.00000000,0.00000000,43.25372617,1076.01050014,43.25372617,1076.01050014,24.09810930,0.00000000,111.81649551,0.00000000,938.15533371,0.00000000,-9.57780843,-13.01933546,
2.00000000,11.00000000,32.77031708,223.00000000,0.00000000,28.82144742,255.38971447,28.82144742,255.38971447,10.81845361,0.01969126,121.20877370,0.46811030,108.33294798,4.38469381,-8.99165127,-10.49759433,
2.00000000,12.00000000,52.96636367,329.00000000,0.00000000,30.99797582,1167.19319791,30.99797582,1167.19319791,12.31995690,0.00067128,324.14378245,0.00000000,802.02259748,0.00000000,-9.33867382,-20.51340899,
2.00000000,13.00000000,26.83222222,143.00000000,0.00000000,33.99472479,248.07832701,33.99472479,248.07832701,15.79210155,0.00128405,69.09543638,0.00000000,155.96319154,3.24937618,-9.10066959,-9.88516146,
2.00000000,14.00000000,23.67926455,177.00000000,0.00000000,28.99674598,178.75380408,28.99674598,178.75380408,12.30945412,0.00000000,76.50400483,0.90669523,82.03004576,0.13713394,-8.34364593,-9.58796216,
2.00000000,15.00000000,29.04989719,243.00000000,0.00000000,40.77214577,278.42275248,40.77214577,278.42275248,23.01152469,0.00000000,171.91643304,0.00000000,85.40503798,0.00000000,-8.88031054,-10.55064073,
2.00000000,16.00000000,12.60566998,97.00000000,0.00000000,31.08968643,206.64642470,31.08968643,206.64642470,13.09935451,0.01377078,116.66846386,0.00000000,69.72411582,0.00000000,-8.98828057,-10.12692251,
2.00000000,17.00000000,25.43425202,187.00000000,0.00000000,40.10576870,945.31368717,40.10576870,945.31368717,22.79422260,0.00000000,189.86947454,0.00000000,729.87265328,0.00000000,-8.65577305,-12.78577968,
2.00000000,18.00000000,36.53648782,273.00000000,0.00000000,25.40324972,174.54235191,25.40324972,174.54235191,9.15724869,0.00375712,79.51100902,0.92494598,70.41334819,1.67512588,-8.12112196,-11.00896142,
2.00000000,19.00000000,36.83142996,217.00000000,0.00000000,33.62616841,925.23828113,33.62616841,925.23828113,15.39389650,0.00121987,345.06624717,0.02479721,556.60047505,0.00353487,-9.11552602,-11.77161341,
2.00000000,2.00000000,25.90200686,247.00000000,0.00000000,35.07817605,878.07915208,35.07817605,878.07915208,17.29562456,0.00032780,480.76719624,0.00000000,367.73934856,2.80760819,-8.89111184,-13.38249955,
2.00000000,20.00000000,32.93717551,243.00000000,0.00000000,32.69367065,366.43359766,32.69367065,366.43359766,14.85092685,0.01935722,148.54666148,0.00000000,192.39742454,0.50010853,-8.91169329,-12.49470155,
2.00000000,3.00000000,17.46469998,143.00000000,0.00000000,27.26423696,206.40110175,27.26423696,206.40110175,9.84328641,0.00000000,94.38108702,0.51670893,90.49882692,0.21139568,-8.71047527,-10.39654160,
2.00000000,4.00000000,41.43355536,190.00000000,0.00000000,22.49433109,637.87166304,22.49433109,637.87166304,7.86223388,0.00350804,282.91133922,0.00000000,334.25732463,0.00000000,-7.31429459,-10.35149960,
2.00000000,5.00000000,32.86982751,252.00000000,0.00000000,45.71174040,508.63688435,45.71174040,508.63688435,27.02441725,0.00798509,62.13509330,0.00000000,424.71925996,0.00000000,-9.33966903,-10.89126555,
2.00000000,6.00000000,44.10202146,272.00000000,0.00000000,45.22767452,687.50699059,45.22767452,687.50699059,25.77340330,0.02666986,77.43632787,0.00000000,587.02136927,0.00000000,-9.71380068,-11.52464672,
2.00000000,7.00000000,48.17571235,246.00000000,0.00000000,40.65316008,151.86332310,40.65316008,151.86332310,20.92045078,0.00159423,52.02964724,0.00000000,79.63377468,0.00000000,-9.86555753,-10.09995059,
2.00000000,8.00000000,40.56452966,233.00000000,0.00000000,27.64754915,921.38848384,27.64754915,921.38848384,10.64440330,0.00321236,181.63614752,0.00000000,714.56724023,0.00000000,-8.49996675,-12.59254805,
2.00000000,9.00000000,42.62748408,229.00000000,0.00000000,33.11508757,1467.24862990,33.11508757,1467.24862990,15.88842212,0.00001872,230.60559817,0.00000000,1174.98713195,37.70957811,-8.61332336,-11.97316084,
50.00000000,1.00000000,18.59520698,123.00000000,0.00000000,163.86217144,453.99067338,163.86217144,453.99067338,98.80417215,0.79287226,289.10212110,0.00000000,100.16756361,0.71131140,-1.28530254,-1.28019355,
50.00000000,10.00000000,13.27781105,128.00000000,0.00000000,183.21041637,433.58704432,183.21041637,433.58704432,117.43060037,0.44002292,249.51120823,1.00329808,117.65906445,0.50855118,-1.30679586,-1.29809845,
50.00000000,11.00000000,24.90830374,172.00000000,0.00000000,187.32943647,272.88179990,187.32943647,272.88179990,88.31568082,1.42922871,85.44454353,0.00000000,85.24711018,1.24551584,-1.95169054,-2.01889261,
50.00000000,12.00000000,36.19254351,133.00000000,0.00000000,199.82666995,266.37698832,199.82666995,266.37698832,97.44701721,0.94337455,63.80093489,0.00000000,103.15213776,1.07354015,-2.02872556,-1.96700751,
50.00000000,13.00000000,18.05207300,71.00000000,0.00000000,189.44969743,403.70429532,189.44969743,403.70429532,112.40006102,0.58518183,214.04635157,0.00000000,111.57760365,0.57692930,-1.52928909,-1.55006822,
50.00000000,14.00000000,22.90615654,141.00000000,0.00000000,181.50038759,271.45720126,181.50038759,271.45720126,88.60085794,0.20502718,87.90947345,2.92964870,86.95927581,0.53891730,-1.85389005,-1.86239772,
50.00000000,15.00000000,22.98938227,151.00000000,0.00000000,154.02475081,521.78070773,154.02475081,521.78070773,105.21147786,0.10219707,365.04016339,2.41191206,105.69875523,0.17518223,-0.97422152,-0.96909390,
50.00000000,16.00000000,5.82952094,40.00000000,0.00000000,176.04177952,426.79529255,176.04177952,426.79529255,106.58696658,0.81318637,249.24290690,0.00000000,111.89433868,0.68115626,-1.37283253,-1.29953781,
50.00000000,17.00000000,33.06106901,155.00000000,0.00000000,161.69752580,550.90593647,161.69752580,550.90593647,110.80725516,0.53499703,388.37635567,0.65538600,110.78190796,0.49023101,-1.00710547,-1.01204112,
50.00000000,18.00000000,32.56308985,213.00000000,0.00000000,178.27585531,270.97441682,178.27585531,270.97441682,80.42653889,0.94411012,92.99355001,0.00000000,79.63765171,1.04235599,-1.93810413,-1.94601718,
50.00000000,19.00000000,30.18835497,137.00000000,0.00000000,195.97216743,277.03076536,195.97216743,277.03076536,98.65508922,0.83052368,79.41971609,0.00000000,102.44017349,0.99887615,-1.92973109,-1.88343999,
50.00000000,2.00000000,26.95038414,157.00000000,0.00000000,160.60511130,467.25220279,160.60511130,467.25220279,103.42357018,0.78835336,306.99663170,0.00000000,103.03478013,0.75757645,-1.12786376,-1.12926429,
50.00000000,20.00000000,32.64378905,219.00000000,0.00000000,180.24891112,275.64366071,180.24891112,275.64366071,87.17087906,1.28894381,94.90449109,0.00000000,87.68382283,1.12564461,-1.83578176,-1.83859404,
50.00000000,3.00000000,8.84738851,57.00000000,0.00000000,194.84679219,266.44224475,194.84679219,266.44224475,89.73327518,0.16505466,68.02350726,3.18854530,92.10030473,0.16365632,-2.09896925,-2.05932462,
50.00000000,4.00000000,22.55192566,110.00000000,0.00000000,142.94415607,575.22284666,142.94415607,575.22284666,87.50300643,0.77123795,431.50479425,0.00000000,90.28873145,0.79649519,-1.09339823,-1.05265652,
50.00000000,5.00000000,24.62879825,199.00000000,0.00000000,221.56785689,251.36240207,221.56785689,251.36240207,117.35801440,0.87533736,29.17052057,0.00000000,117.64125276,0.79891583,-2.06669010,-2.07503426,
50.00000000,6.00000000,30.31932282,201.00000000,0.00000000,201.24501887,268.30421731,201.24501887,268.30421731,108.33661166,0.67235057,65.66585551,1.39787038,107.40300277,0.67864051,-1.84472113,-1.86317696,
50.00000000,7.00000000,32.46313357,216.00000000,0.00000000,208.78480454,262.68214134,208.78480454,262.68214134,107.77521042,1.08962304,54.00849676,0.00000000,109.36872247,0.99093443,-1.99839942,-1.96627975,
50.00000000,8.00000000,25.60512042,166.00000000,0.00000000,173.30127678,269.35628041,173.30127678,269.35628041,83.26286506,0.88950823,96.45667371,0.00000000,82.62174437,0.93199535,-1.78297807,-1.78691734,
50.00000000,9.00000000,20.12050676,151.00000000,0.00000000,151.18923581,495.95382657,151.18923581,495.95382657,97.05019479,0.54150713,343.67098031,0.38819002,98.01764831,0.57762507,-1.07195068,-1.06598766,
5.00000000,1.00000000,15.36529040,105.00000000,0.00000000,50.79072086,229.26477137,50.79072086,229.26477137,21.51720152,0.01208566,151.08702660,0.00000000,42.21695486,0.00000000,-5.85228674,-7.19215798,
5.00000000,10.00000000,15.18838787,118.00000000,0.00000000,66.09887964,539.51896547,66.09887964,539.51896547,34.99768903,0.00127156,71.00376188,0.00000000,415.86514871,0.00000000,-6.21998381,-10.53001097,
5.00000000,11.00000000,26.54706955,178.00000000,0.00000000,50.45561551,157.05555957,50.45561551,157.05555957,20.21698838,0.07219151,91.85619183,0.52346092,27.89180844,0.40950230,-6.03328712,-7.27491922,
5.00000000,12.00000000,26.05371141,184.00000000,0.00000000,54.22878682,186.85819137,54.22878682,186.85819137,21.39320515,0.01483732,96.79244234,0.00000000,49.81409768,0.00000000,-6.56414887,-8.05033027,
5.00000000,13.00000000,21.79388165,79.00000000,0.00000000,56.78489846,183.89238620,56.78489846,183.89238620,24.21896598,0.00543227,92.97860987,0.00000000,56.82382928,0.30757993,-6.51210004,-6.75647342,
5.00000000,14.00000000,31.07433081,136.00000000,0.00000000,49.21685364,143.40826535,49.21685364,143.40826535,20.54203140,0.00000000,80.38013607,2.97036014,29.57085859,1.16439557,-5.73496445,-5.86450300,
5.00000000,15.00000000,22.41910958,153.00000000,0.00000000,61.73266805,277.60166522,61.73266805,277.60166522,33.86149787,0.00000000,208.40316849,0.53035648,39.30847163,0.00000000,-5.57423404,-5.87193372,
5.00000000,16.00000000,9.32926917,65.00000000,0.00000000,53.55053891,167.94100978,53.55053891,167.94100978,21.80326650,0.03643772,99.51279420,0.00000000,37.02104569,0.00554485,-6.34216694,-6.28032501,
5.00000000,17.00000000,26.91846442,149.00000000,0.00000000,61.15899269,348.84388994,61.15899269,348.84388994,32.39629669,0.00000000,171.34344612,0.28414942,139.75626200,0.00000000,-5.75253920,-7.49200648,
5.00000000,18.00000000,48.79694986,166.00000000,0.00000000,44.95487528,150.60503546,44.95487528,150.60503546,17.36934934,0.02844678,96.43187636,0.15639366,26.85855522,0.78220193,-5.51141583,-5.27520166,
5.00000000,19.00000000,26.69093394,122.00000000,0.00000000,56.13286526,228.34882131,56.13286526,228.34882131,24.32350475,0.00711757,127.80607255,0.00000000,63.62294480,0.47361627,-6.36044859,-7.28923754,
5.00000000,2.00000000,19.88753462,141.00000000,0.00000000,56.11718196,302.70897680,56.11718196,302.70897680,27.71228532,0.01669933,146.12654100,0.00000000,122.04825129,0.91232420,-5.67763946,-6.72437206,
5.00000000,20.00000000,25.35108972,204.00000000,0.00000000,53.92056216,160.89416048,53.92056216,160.89416048,24.98128894,0.09305758,93.65763858,0.00000000,35.09112490,0.00000000,-5.76924313,-6.42907940,
5.00000000,3.00000000,33.04265666,144.00000000,0.00000000,48.91402191,144.67703562,48.91402191,144.67703562,17.89390435,0.00000000,80.63967407,3.22206068,28.63067111,0.36443051,-6.20402351,-6.36403985,
5.00000000,4.00000000,17.58392358,127.00000000,0.00000000,40.46625834,276.74159884,40.46625834,276.74159884,15.01671781,0.01015894,221.19666016,0.00000000,30.32018422,0.03054973,-5.08787632,-5.03884095,
5.00000000,5.00000000,21.65663290,164.00000000,0.00000000,69.67883783,176.23319770,69.67883783,176.23319770,35.04519403,0.03075975,27.06255455,0.00000000,112.32381946,0.00000000,-6.92057681,-7.36936474,
5.00000000,6.00000000,20.34246111,197.00000000,0.00000000,68.61629812,137.83750669,68.61629812,137.83750669,36.79033435,0.05968844,54.28408312,0.00030329,48.94351516,0.00000000,-6.35325507,-6.92192102,
5.00000000,7.00000000,19.60284734,186.00000000,0.00000000,64.32334356,176.92938278,64.32334356,176.92938278,31.51617818,0.01617796,60.24176191,0.00000000,81.17208712,0.00000000,-6.55819748,-7.10310675,
5.00000000,8.00000000,45.80931926,189.00000000,0.00000000,48.03930174,147.48997745,48.03930174,147.48997745,19.85378997,0.02457534,84.52622724,0.00000000,35.00081295,0.20927261,-5.63218729,-5.55073293,
5.00000000,9.00000000,22.77503204,152.00000000,0.00000000,53.30437169,318.40755213,53.30437169,318.40755213,26.33059688,0.01161832,174.26755991,0.00000000,110.12319609,0.22641322,-5.39243130,-6.75807658,