alpha,seed,kish[0],relkish[0],test_kish[0],test_relkish[0],
inf,1.00000000,0.00000912,1.00000000,0.00001820,1.00000000,
0.01000000,1.00000000,0.04702964,5398965.24541103,1.00000000,1321900.85977554,alpha,seed,kish[0],relkish[0],test_kish[0],test_relkish[0],
inf,10.00000000,0.00000912,1.00000000,0.00001821,1.00000000,
0.01000000,10.00000000,0.04459916,22506943.94979908,1.00000000,5560944.06034327,alpha,seed,kish[0],relkish[0],test_kish[0],test_relkish[0],
inf,11.00000000,0.00000911,1.00000000,0.00001824,1.00000000,
0.01000000,11.00000000,0.04596395,15911490.28578682,1.00000000,11515990.81756315,alpha,seed,kish[0],relkish[0],test_kish[0],test_relkish[0],
inf,12.00000000,0.00000911,1.00000000,0.00001824,1.00000000,
0.01000000,12.00000000,0.04587934,5564808.32201765,1.00000000,818079519.99771655,alpha,seed,kish[0],relkish[0],test_kish[0],test_relkish[0],
inf,13.00000000,0.00000911,1.00000000,0.00001826,1.00000000,
0.01000000,13.00000000,0.04833028,23394528.77963771,1.00000000,6316682.47507468,alpha,seed,kish[0],relkish[0],test_kish[0],test_relkish[0],
inf,14.00000000,0.00000911,1.00000000,0.00001823,1.00000000,
0.01000000,14.00000000,0.05069973,19234317.54647617,1.00000000,6243555.51413880,alpha,seed,kish[0],relkish[0],test_kish[0],test_relkish[0],
inf,15.00000000,0.00000912,1.00000000,0.00001819,1.00000000,
0.01000000,15.00000000,0.04117901,12160276.54272290,1.00000000,91139253.86176224,alpha,seed,kish[0],relkish[0],test_kish[0],test_relkish[0],
inf,16.00000000,0.00000912,1.00000000,0.00001822,1.00000000,
0.01000000,16.00000000,0.04897281,2925097.37155890,1.00000000,602975.61078077,alpha,seed,kish[0],relkish[0],test_kish[0],test_relkish[0],
inf,17.00000000,0.00000911,1.00000000,0.00001822,1.00000000,
0.01000000,17.00000000,0.04479487,8689483.89922705,1.00000000,5116666.04498458,alpha,seed,kish[0],relkish[0],test_kish[0],test_relkish[0],
inf,18.00000000,0.00000914,1.00000000,0.00001814,1.00000000,
0.01000000,18.00000000,0.03712403,35169963.21613744,1.00000000,423180.92962862,alpha,seed,kish[0],relkish[0],test_kish[0],test_relkish[0],
inf,19.00000000,0.00000910,1.00000000,0.00001829,1.00000000,
0.01000000,19.00000000,0.04218095,5336107.08351304,1.00000000,188320.73710371,alpha,seed,kish[0],relkish[0],test_kish[0],test_relkish[0],
inf,2.00000000,0.00000912,1.00000000,0.00001819,1.00000000,
0.01000000,2.00000000,0.05356492,14121162.84635917,1.00000000,15027029.52817205,alpha,seed,kish[0],relkish[0],test_kish[0],test_relkish[0],
inf,20.00000000,0.00000912,1.00000000,0.00001819,1.00000000,
0.01000000,20.00000000,0.05780265,28458228.90916579,1.00000000,577447.52250963,alpha,seed,kish[0],relkish[0],test_kish[0],test_relkish[0],
inf,3.00000000,0.00000911,1.00000000,0.00001823,1.00000000,
0.01000000,3.00000000,0.04846874,21074172.60676067,1.00000000,6720256.84517727,alpha,seed,kish[0],relkish[0],test_kish[0],test_relkish[0],
inf,4.00000000,0.00000910,1.00000000,0.00001830,1.00000000,
0.01000000,4.00000000,0.04579318,1996472.02994536,1.00000000,1313445.77329054,alpha,seed,kish[0],relkish[0],test_kish[0],test_relkish[0],
inf,5.00000000,0.00000910,1.00000000,0.00001828,1.00000000,
0.01000000,5.00000000,0.04292993,81025086.53372180,1.00000000,72245374.59238161,alpha,seed,kish[0],relkish[0],test_kish[0],test_relkish[0],
inf,6.00000000,0.00000913,1.00000000,0.00001815,1.00000000,
0.01000000,6.00000000,0.04965199,35567099.51995159,1.00000000,5115493.64972324,alpha,seed,kish[0],relkish[0],test_kish[0],test_relkish[0],
inf,7.00000000,0.00000909,1.00000000,0.00001830,1.00000000,
0.01000000,7.00000000,0.04539439,7794630.29043672,1.00000000,38923171.85925473,alpha,seed,kish[0],relkish[0],test_kish[0],test_relkish[0],
inf,8.00000000,0.00000913,1.00000000,0.00001816,1.00000000,
0.01000000,8.00000000,0.04798816,176712867.47917521,1.00000000,128494.81507897,alpha,seed,kish[0],relkish[0],test_kish[0],test_relkish[0],
inf,9.00000000,0.00000911,1.00000000,0.00001822,1.00000000,
0.01000000,9.00000000,0.06370637,1525255.20366023,1.00000000,575719.04849498,
0.10000000,1.00000000,0.04554710,4775360.03710132,1.00000000,1321900.85977425,
0.10000000,10.00000000,0.03973388,13421403.54179700,1.00000000,5560944.06034327,
0.10000000,11.00000000,0.04426577,14424146.08964046,1.00000000,11515990.76018158,
0.10000000,12.00000000,0.04583710,5298921.88399978,1.00000000,818079519.99771655,
0.10000000,13.00000000,0.04760504,24051601.04115201,0.74592534,4583068.38856641,
0.10000000,14.00000000,0.05247498,17503775.97521958,0.66921867,4129509.08525179,
0.10000000,15.00000000,0.03989210,10947738.65179696,0.93731256,85330761.38570036,
0.10000000,16.00000000,0.04669198,2710640.00111991,0.99642557,600823.41458800,
0.10000000,17.00000000,0.04428535,7813627.13627140,1.00000000,5116666.04498458,
0.10000000,18.00000000,0.03298716,27614064.74262554,1.00000000,423180.92962862,
0.10000000,19.00000000,0.04100937,3265243.98665026,1.00000000,188320.73710371,
0.10000000,2.00000000,0.05036341,12845719.94304523,1.00000000,15027029.52323161,
0.10000000,20.00000000,0.05221421,24755365.60103533,1.00000000,577447.52250954,
0.10000000,3.00000000,0.04539673,13720359.91727582,0.99999981,6720255.54671915,
0.10000000,4.00000000,0.04506515,1242597.14246180,1.00000000,1313445.76767302,
0.10000000,5.00000000,0.04229337,62065852.94153916,1.00000000,72245374.59218812,
0.10000000,6.00000000,0.04671018,24588925.99345723,1.00000000,5115493.64971991,
0.10000000,7.00000000,0.04401440,6606604.84766560,0.99999993,38923169.24719596,
0.10000000,8.00000000,0.04416185,119932900.90639538,1.00000000,128494.81507352,
0.10000000,9.00000000,0.06285872,1210672.69102238,1.00000000,575719.04849498,
1000000.00000000,1.00000000,0.00000912,1.00000002,0.00001820,1.00000002,
1000000.00000000,10.00000000,0.00000912,1.00000002,0.00001821,1.00000002,
1000000.00000000,11.00000000,0.00000911,1.00000062,0.00001824,1.00000062,
1000000.00000000,12.00000000,0.00000911,1.00000063,0.00001824,1.00000063,
1000000.00000000,13.00000000,0.00000911,1.00000002,0.00001826,1.00000002,
1000000.00000000,14.00000000,0.00000911,1.00000060,0.00001823,1.00000060,
1000000.00000000,15.00000000,0.00000912,1.00000001,0.00001819,1.00000001,
1000000.00000000,16.00000000,0.00000912,1.00000002,0.00001822,1.00000002,
1000000.00000000,17.00000000,0.00000911,1.00000001,0.00001822,1.00000001,
1000000.00000000,18.00000000,0.00000913,1.00000063,0.00001814,1.00000062,
1000000.00000000,19.00000000,0.00000910,1.00000062,0.00001829,1.00000062,
1000000.00000000,2.00000000,0.00000912,1.00000001,0.00001819,1.00000001,
1000000.00000000,20.00000000,0.00000912,1.00000063,0.00001819,1.00000063,
1000000.00000000,3.00000000,0.00000911,1.00000063,0.00001823,1.00000064,
1000000.00000000,4.00000000,0.00000910,1.00000002,0.00001830,1.00000002,
1000000.00000000,5.00000000,0.00000910,1.00000063,0.00001828,1.00000063,
1000000.00000000,6.00000000,0.00000913,1.00000062,0.00001814,1.00000061,
1000000.00000000,7.00000000,0.00000909,1.00000061,0.00001830,1.00000062,
1000000.00000000,8.00000000,0.00000913,1.00000062,0.00001816,1.00000063,
1000000.00000000,9.00000000,0.00000911,1.00000001,0.00001822,1.00000001,
100000.00000000,1.00000000,0.00000912,1.00000171,0.00001820,1.00000169,
100000.00000000,10.00000000,0.00000912,1.00000195,0.00001821,1.00000195,
100000.00000000,11.00000000,0.00000910,1.00006292,0.00001823,1.00006259,
100000.00000000,12.00000000,0.00000911,1.00006268,0.00001823,1.00006290,
100000.00000000,13.00000000,0.00000910,1.00000216,0.00001826,1.00000215,
100000.00000000,14.00000000,0.00000911,1.00006023,0.00001822,1.00006043,
100000.00000000,15.00000000,0.00000912,1.00000132,0.00001819,1.00000132,
100000.00000000,16.00000000,0.00000911,1.00000197,0.00001821,1.00000196,
100000.00000000,17.00000000,0.00000911,1.00000116,0.00001822,1.00000115,
100000.00000000,18.00000000,0.00000913,1.00006154,0.00001813,1.00006089,
100000.00000000,19.00000000,0.00000909,1.00006081,0.00001829,1.00006165,
100000.00000000,2.00000000,0.00000912,1.00000135,0.00001819,1.00000135,
100000.00000000,20.00000000,0.00000912,1.00006172,0.00001818,1.00006156,
100000.00000000,3.00000000,0.00000911,1.00006254,0.00001822,1.00006261,
100000.00000000,4.00000000,0.00000909,1.00000170,0.00001830,1.00000170,
100000.00000000,5.00000000,0.00000910,1.00006259,0.00001827,1.00006277,
100000.00000000,6.00000000,0.00000913,1.00006206,0.00001814,1.00006064,
100000.00000000,7.00000000,0.00000909,1.00006075,0.00001830,1.00006129,
100000.00000000,8.00000000,0.00000913,1.00006137,0.00001815,1.00006159,
100000.00000000,9.00000000,0.00000911,1.00000146,0.00001822,1.00000145,
1000.00000000,1.00000000,0.00000893,1.01775485,0.00001782,1.01743838,
1000.00000000,10.00000000,0.00000919,1.01928329,0.00001840,1.01936406,
1000.00000000,11.00000000,0.00001053,1.24843192,0.00002095,1.24882311,
1000.00000000,12.00000000,0.00001070,1.24754425,0.00002145,1.24614449,
1000.00000000,13.00000000,0.00000910,1.02126777,0.00001823,1.02120942,
1000.00000000,14.00000000,0.00001044,1.22120507,0.00002096,1.22348098,
1000.00000000,15.00000000,0.00000906,1.01317833,0.00001806,1.01322074,
1000.00000000,16.00000000,0.00000910,1.01927265,0.00001818,1.01910457,
1000.00000000,17.00000000,0.00000909,1.01172883,0.00001819,1.01168133,
1000.00000000,18.00000000,0.00001062,1.23386890,0.00002109,1.23327053,
1000.00000000,19.00000000,0.00001052,1.23003254,0.00002125,1.23185127,
1000.00000000,2.00000000,0.00000916,1.01350981,0.00001829,1.01349399,
1000.00000000,20.00000000,0.00001057,1.23761451,0.00002092,1.23652760,
1000.00000000,3.00000000,0.00001052,1.24490300,0.00002110,1.24525381,
1000.00000000,4.00000000,0.00000910,1.01590614,0.00001831,1.01594474,
1000.00000000,5.00000000,0.00001066,1.24520700,0.00002135,1.24419584,
1000.00000000,6.00000000,0.00001074,1.23456727,0.00002120,1.23290400,
1000.00000000,7.00000000,0.00001056,1.23168019,0.00002142,1.23339138,
1000.00000000,8.00000000,0.00001056,1.23242386,0.00002104,1.23263253,
1000.00000000,9.00000000,0.00000912,1.01430387,0.00001820,1.01420717,
100.00000000,1.00000000,0.00002484,4.60170752,0.00004392,4.50744777,
100.00000000,10.00000000,0.00002550,4.46633541,0.00005700,4.43049322,
100.00000000,11.00000000,0.00004386,8.05758181,0.00010037,9.38939041,
100.00000000,12.00000000,0.00004822,8.38062645,0.00008714,7.91394769,
100.00000000,13.00000000,0.00002648,5.25635748,0.00005647,5.31187120,
100.00000000,14.00000000,0.00003838,7.11603553,0.00008187,7.11902905,
100.00000000,15.00000000,0.00001707,2.88652380,0.00003456,2.94000795,
100.00000000,16.00000000,0.00002813,4.77883002,0.00004723,3.94006100,
100.00000000,17.00000000,0.00002031,2.95935126,0.00004011,2.95675475,
100.00000000,18.00000000,0.00004185,8.08865282,0.00008415,8.06929135,
100.00000000,19.00000000,0.00004091,7.89600698,0.00007671,7.61571986,
100.00000000,2.00000000,0.00001999,3.13156088,0.00004179,3.07553511,
100.00000000,20.00000000,0.00003811,7.52451074,0.00007656,7.54675460,
100.00000000,3.00000000,0.00004456,9.60553005,0.00008620,9.20209370,
100.00000000,4.00000000,0.00001865,2.68273734,0.00003518,2.59930416,
100.00000000,5.00000000,0.00005294,8.58998377,0.00009946,8.69367553,
100.00000000,6.00000000,0.00004039,6.86475618,0.00008356,7.01918592,
100.00000000,7.00000000,0.00004827,8.06320952,0.00009071,7.81233478,
100.00000000,8.00000000,0.00003340,6.66344425,0.00007053,6.65784639,
100.00000000,9.00000000,0.00001933,3.11535749,0.00003806,3.04295655,
10.00000000,1.00000000,0.00140373,974.79193909,0.00802405,3158.93564252,
10.00000000,10.00000000,0.00168622,3730.11604049,0.01417283,17375.03847506,
10.00000000,11.00000000,0.00121885,963.90163027,0.00583807,2626.09200835,
10.00000000,12.00000000,0.00177064,2111.67763208,0.00260102,2481.24563388,
10.00000000,13.00000000,0.00190880,1830.14261064,0.00518121,1799.51491130,
10.00000000,14.00000000,0.00200078,792.01959334,0.00325105,525.05171612,
10.00000000,15.00000000,0.00143605,925.68911436,0.00303563,1293.61913091,
10.00000000,16.00000000,0.00184525,1703.92845190,0.00267850,1474.70007634,
10.00000000,17.00000000,0.00225434,1250.38812995,0.00608405,2938.67485536,
10.00000000,18.00000000,0.00106638,860.34721125,0.00188650,495.14394764,
10.00000000,19.00000000,0.00129280,4093.04946566,0.00348236,5510.04890490,
10.00000000,2.00000000,0.00134454,1320.59044138,0.00274727,697.78459790,
10.00000000,20.00000000,0.00100097,642.52970152,0.00260767,800.87631655,
10.00000000,3.00000000,0.00198737,1623.74022006,0.00264506,1478.05377289,
10.00000000,4.00000000,0.00218345,559.97510949,0.00182472,1239.20569556,
10.00000000,5.00000000,0.00465756,1983.11915729,0.01101611,2469.03408767,
10.00000000,6.00000000,0.00148427,916.19584865,0.00591091,1207.02370470,
10.00000000,7.00000000,0.00238111,1687.36042273,0.00675643,1688.15712211,
10.00000000,8.00000000,0.00110768,647.71083955,0.00228993,435.30629735,
10.00000000,9.00000000,0.00082075,1359.92148482,0.00526268,3351.31885216,
1.00000000,1.00000000,0.02835160,1500399.06697746,0.95356097,1260648.93651759,
1.00000000,10.00000000,0.02892497,5047104.10961280,0.71872061,507337.80242333,
1.00000000,11.00000000,0.01995842,1412579.20304280,0.32573394,536583.11605740,
1.00000000,12.00000000,0.02777467,1240316.54694870,0.99999978,818079336.32212615,
1.00000000,13.00000000,0.03040054,1402661.87580541,0.30175439,107095.63752092,
1.00000000,14.00000000,0.03256286,359941.49159484,0.30302722,186623.36923301,
1.00000000,15.00000000,0.02853278,1333922.62146601,0.53253352,400205.59648107,
1.00000000,16.00000000,0.02197463,412453.94967119,0.20552143,432450.95097524,
1.00000000,17.00000000,0.03087927,309618.70865239,0.42500679,619598.12521825,
1.00000000,18.00000000,0.01871624,3058886.50984388,0.80045137,651260779.45378017,
1.00000000,19.00000000,0.02469374,326429.35406546,0.99550923,187475.56919115,
1.00000000,2.00000000,0.02747541,5358114.96444512,0.36268197,2518472.56411487,
1.00000000,20.00000000,0.01661636,2647643.71659237,0.38886615,429247.23889113,
1.00000000,3.00000000,0.02215745,813026.34103190,0.69913556,4772858.67630686,
1.00000000,4.00000000,0.02075597,152926.94281853,0.86632492,1135837.89892464,
1.00000000,5.00000000,0.02826148,2101105.16985112,0.18770255,6903843.65766685,
1.00000000,6.00000000,0.03079863,2343985.27366623,0.87564204,4525115.28303272,
1.00000000,7.00000000,0.02856220,2104655.78472778,0.44052930,1676457.16328976,
1.00000000,8.00000000,0.01949135,3493486.73997708,0.75331488,979448.11383770,
1.00000000,9.00000000,0.03573689,200952.38670650,0.98485502,566995.89798945,
20.00000000,1.00000000,0.00036363,161.27962310,0.00139382,313.34159328,
20.00000000,10.00000000,0.00048464,491.32424033,0.00120915,508.23971604,
20.00000000,11.00000000,0.00047487,230.76558914,0.00207006,384.84645628,
20.00000000,12.00000000,0.00060831,414.54548625,0.00075926,323.01192099,
20.00000000,13.00000000,0.00060958,446.86629728,0.00146837,445.63276754,
20.00000000,14.00000000,0.00060318,188.41911528,0.00108591,147.79623490,
20.00000000,15.00000000,0.00029355,142.01789211,0.00075064,163.74758091,
20.00000000,16.00000000,0.00070487,312.80711569,0.00082930,211.62476928,
20.00000000,17.00000000,0.00058408,265.64937046,0.00095546,328.19150160,
20.00000000,18.00000000,0.00039789,209.80326508,0.00067226,141.94866281,
20.00000000,19.00000000,0.00037252,708.96338551,0.00054836,627.93133386,
20.00000000,2.00000000,0.00032617,177.71123950,0.00075390,110.89893901,
20.00000000,20.00000000,0.00026299,107.90492256,0.00055806,129.86057855,
20.00000000,3.00000000,0.00054368,355.64188212,0.00080499,293.68187224,
20.00000000,4.00000000,0.00064338,159.84106040,0.00043309,177.40430600,
20.00000000,5.00000000,0.00125817,369.56127893,0.00235837,388.47197107,
20.00000000,6.00000000,0.00039758,169.57357476,0.00112283,190.91414464,
20.00000000,7.00000000,0.00078499,386.38948445,0.00121625,285.91068025,
20.00000000,8.00000000,0.00031897,122.20084824,0.00090282,110.68318174,
20.00000000,9.00000000,0.00023393,243.87094748,0.00054811,279.18938154,
2.00000000,1.00000000,0.01671541,208988.81804053,0.72434751,958089.65822241,
2.00000000,10.00000000,0.01688794,534506.03339351,0.76084268,473754.99460454,
2.00000000,11.00000000,0.00866027,188777.77023332,0.12750664,199526.30253864,
2.00000000,12.00000000,0.01717756,254402.95766152,0.99892904,817203326.92508686,
2.00000000,13.00000000,0.01663944,128985.80974572,0.13860451,48869.36307220,
2.00000000,14.00000000,0.01496703,53022.97316466,0.16586711,47532.37532299,
2.00000000,15.00000000,0.01860037,88723.36526571,0.13950702,351325.60539992,
2.00000000,16.00000000,0.01309951,81073.53239718,0.06293561,190635.46340680,
2.00000000,17.00000000,0.02100651,48273.84876082,0.57705471,720645.60209282,
2.00000000,18.00000000,0.00936120,711547.85109970,0.08070349,44716818.50329994,
2.00000000,19.00000000,0.01486798,115653.03717335,0.84532652,160006.13791083,
2.00000000,2.00000000,0.01706165,771143.46296404,0.43766051,1564729.31674892,
2.00000000,20.00000000,0.00934598,428694.69101883,0.29425166,1608261.59951091,
2.00000000,3.00000000,0.01343151,121088.37571081,0.09353639,428972.29989538,
2.00000000,4.00000000,0.01197374,14548.67259511,0.26416681,328441.42075671,
2.00000000,5.00000000,0.02264529,444025.26303229,0.26968367,170200.22697218,
2.00000000,6.00000000,0.01929274,1061313.67620919,0.21603197,497550.90324263,
2.00000000,7.00000000,0.01552504,498742.20046084,0.06555908,384279.01191862,
2.00000000,8.00000000,0.01028220,943560.11996318,0.65420091,866532.34888747,
2.00000000,9.00000000,0.01912771,63443.64890736,0.65399952,375310.54048450,
50.00000000,1.00000000,0.00008966,22.36628018,0.00017469,27.01211647,
50.00000000,10.00000000,0.00009005,29.40377863,0.00021180,25.19464340,
50.00000000,11.00000000,0.00011090,27.97321154,0.00038608,45.41278930,
50.00000000,12.00000000,0.00012854,34.50424624,0.00019045,29.29332153,
50.00000000,13.00000000,0.00010649,39.14753796,0.00024565,38.38678248,
50.00000000,14.00000000,0.00009733,24.34160326,0.00020986,23.56707252,
50.00000000,15.00000000,0.00004597,12.38847358,0.00010409,13.55000723,
50.00000000,16.00000000,0.00014374,34.15404795,0.00015752,18.93467946,
50.00000000,17.00000000,0.00006439,16.72770824,0.00012594,16.84052732,
50.00000000,18.00000000,0.00009970,30.28224326,0.00019547,27.91620747,
50.00000000,19.00000000,0.00009494,43.05444493,0.00015322,40.08716519,
50.00000000,2.00000000,0.00005929,14.42829018,0.00013442,13.34921321,
50.00000000,20.00000000,0.00007018,20.16945262,0.00014675,20.74808150,
50.00000000,3.00000000,0.00011370,40.03445594,0.00019995,35.83731469,
50.00000000,4.00000000,0.00006808,13.71319346,0.00008512,11.48347775,
50.00000000,5.00000000,0.00017540,34.34936934,0.00031158,34.17789619,
50.00000000,6.00000000,0.00008711,20.97399373,0.00019027,21.17547569,
50.00000000,7.00000000,0.00013903,34.67026567,0.00021852,30.56982226,
50.00000000,8.00000000,0.00006889,19.53235177,0.00016500,19.61814561,
50.00000000,9.00000000,0.00005245,16.83223794,0.00009769,15.31062720,
5.00000000,1.00000000,0.00568258,5662.44663052,0.04391570,33109.88091681,
5.00000000,10.00000000,0.00537321,15866.26785817,0.29425975,308129.11407967,
5.00000000,11.00000000,0.00282748,5184.13351625,0.02718538,17047.96504208,
5.00000000,12.00000000,0.00529233,12502.07328072,0.02731830,16984057.17981854,
5.00000000,13.00000000,0.00543127,8430.70729032,0.02269749,7073.00683752,
5.00000000,14.00000000,0.00476816,3052.43082342,0.00925320,2341.35309926,
5.00000000,15.00000000,0.00568742,7339.80379397,0.01323143,15260.81430366,
5.00000000,16.00000000,0.00466947,10723.84945530,0.00740895,10947.46175648,
5.00000000,17.00000000,0.00672933,4937.69580768,0.05991301,29871.76814125,
5.00000000,18.00000000,0.00253764,3419.80742695,0.00651893,3078.86781796,
5.00000000,19.00000000,0.00415547,19520.53842439,0.07206763,37275.63674558,
5.00000000,2.00000000,0.00468936,7932.56934016,0.05430884,26786.27925342,
5.00000000,20.00000000,0.00282846,5502.79367168,0.01297670,30194.10263420,
5.00000000,3.00000000,0.00604063,6740.67894160,0.01060290,11966.63046815,
5.00000000,4.00000000,0.00493052,1582.17837591,0.00725269,5914.41597144,
5.00000000,5.00000000,0.01180640,7787.57755798,0.05454643,13172.12356653,
5.00000000,6.00000000,0.00500082,9373.84759673,0.02149754,14522.16762811,
5.00000000,7.00000000,0.00560885,12679.46930222,0.03343308,18446.85284131,
5.00000000,8.00000000,0.00314917,5359.74126548,0.00780181,2666.66314527,
5.00000000,9.00000000,0.00417139,7871.30428977,0.04304311,26175.84669587,