alpha,beta,seed,sin,cos,
inf,0.00000000,1.00000000,0.41632697,1.90818894,
inf,0.00000000,10.00000000,3.03904552,4.05303042,
inf,0.00000000,11.00000000,0.34736090,-0.40691078,
inf,0.01000000,1.00000000,0.41631616,1.90816298,alpha,beta,seed,sin,cos,
inf,0.01000000,10.00000000,3.03901662,4.05299478,alpha,beta,seed,sin,cos,
inf,0.01000000,11.00000000,0.34726738,-0.40658234,alpha,beta,seed,sin,cos,
inf,0.01000000,12.00000000,0.29236562,1.80626022,alpha,beta,seed,sin,cos,
inf,0.01000000,13.00000000,0.95463617,-1.39752361,alpha,beta,seed,sin,cos,
inf,0.01000000,14.00000000,2.76477911,3.80300648,alpha,beta,seed,sin,cos,
inf,0.01000000,15.00000000,0.44022819,1.95679739,alpha,beta,seed,sin,cos,
inf,0.01000000,16.00000000,1.17619557,2.48584547,alpha,beta,seed,sin,cos,
inf,0.01000000,17.00000000,5.97251661,6.21661293,alpha,beta,seed,sin,cos,
inf,0.01000000,18.00000000,0.79830213,-3.39436830,alpha,beta,seed,sin,cos,
inf,0.01000000,19.00000000,1.22022580,2.91947964,
inf,0.00000000,12.00000000,0.29236862,1.80628995,alpha,beta,seed,sin,cos,
inf,0.01000000,2.00000000,2.36846328,3.70172746,alpha,beta,seed,sin,cos,
inf,0.01000000,20.00000000,2.07287081,3.89986790,
inf,0.00000000,13.00000000,0.95463467,-1.39758207,alpha,beta,seed,sin,cos,
inf,0.01000000,3.00000000,2.31536908,3.55866418,
inf,0.00000000,14.00000000,2.76478087,3.80302780,alpha,beta,seed,sin,cos,
inf,0.01000000,4.00000000,0.45469243,1.99922512,
inf,0.00000000,15.00000000,0.44023171,1.95683609,alpha,beta,seed,sin,cos,
inf,0.01000000,5.00000000,3.71687272,4.27174628,
inf,0.00000000,16.00000000,1.17619920,2.48589512,alpha,beta,seed,sin,cos,
inf,0.01000000,6.00000000,3.68809152,4.56690335,
inf,0.00000000,17.00000000,5.97481391,6.21903737,alpha,beta,seed,sin,cos,
inf,0.01000000,7.00000000,4.54072343,4.84074251,
inf,0.00000000,18.00000000,0.79828255,-3.39468522,alpha,beta,seed,sin,cos,
inf,0.01000000,8.00000000,2.78461904,3.82860709,
inf,0.00000000,19.00000000,1.22022845,2.91951684,alpha,beta,seed,sin,cos,
inf,0.01000000,9.00000000,3.38364562,3.58679924,
inf,0.00000000,2.00000000,2.36847293,3.70175192,
inf,0.00000000,20.00000000,2.08121604,3.90763717,
inf,0.00000000,3.00000000,2.31538264,3.55868900,
inf,0.00000000,4.00000000,0.45470240,1.99925448,
inf,0.00000000,5.00000000,3.72287708,4.27436414,
inf,0.00000000,6.00000000,3.68906341,4.56735342,
inf,0.00000000,7.00000000,4.54084021,4.84080269,
inf,0.00000000,8.00000000,2.78465340,3.82864067,
inf,0.00000000,9.00000000,3.38800811,3.58937512,
inf,0.10000000,1.00000000,0.41621892,1.90792948,
inf,0.10000000,10.00000000,3.03875642,4.05267398,
inf,0.10000000,11.00000000,0.34585742,-0.39485096,
inf,0.10000000,12.00000000,0.29233873,1.80599371,
inf,0.10000000,13.00000000,0.95464973,-1.39699774,
inf,0.10000000,14.00000000,2.76476269,3.80281448,
inf,0.10000000,15.00000000,0.44019650,1.95644951,
inf,0.10000000,16.00000000,1.17616286,2.48539852,
inf,0.10000000,17.00000000,6.07333413,6.35524667,
inf,0.10000000,18.00000000,0.79847821,-3.39151869,
inf,0.10000000,19.00000000,1.22020192,2.91914435,
inf,0.10000000,2.00000000,2.36837690,3.70150773,
inf,0.10000000,20.00000000,2.08017481,3.91328402,
inf,0.10000000,3.00000000,2.31524699,3.55844077,
inf,0.10000000,4.00000000,0.45460281,1.99896090,
inf,0.10000000,5.00000000,3.71428063,4.27068058,
inf,0.10000000,6.00000000,3.67917751,4.56277924,
inf,0.10000000,7.00000000,4.53968548,4.84020205,
inf,0.10000000,8.00000000,2.78430961,3.82830478,
inf,0.10000000,9.00000000,3.35126497,3.56753749,
inf,1000000.00000000,1.00000000,0.00057264,0.00048100,
inf,1000000.00000000,10.00000000,0.00144612,-0.00077972,
inf,1000000.00000000,11.00000000,0.00094217,0.00016563,
inf,1000000.00000000,12.00000000,0.00024598,0.00013173,
inf,1000000.00000000,13.00000000,0.00077701,-0.00016613,
inf,1000000.00000000,14.00000000,0.00186863,-0.00133235,
inf,1000000.00000000,15.00000000,0.00052591,-0.00008081,
inf,1000000.00000000,16.00000000,0.00209495,-0.00110494,
inf,1000000.00000000,17.00000000,0.00212027,-0.00107900,
inf,1000000.00000000,18.00000000,0.00217490,-0.00115393,
inf,1000000.00000000,19.00000000,0.00195173,-0.00089893,
inf,1000000.00000000,2.00000000,0.00177082,-0.00087238,
inf,1000000.00000000,20.00000000,0.00203271,-0.00099607,
inf,1000000.00000000,3.00000000,0.00191069,-0.00092005,
inf,1000000.00000000,4.00000000,0.00062938,-0.00008477,
inf,1000000.00000000,5.00000000,0.00052447,0.00019490,
inf,1000000.00000000,6.00000000,0.00180786,-0.00112367,
inf,1000000.00000000,7.00000000,0.00134656,-0.00110100,
inf,1000000.00000000,8.00000000,0.00165351,-0.00071370,
inf,1000000.00000000,9.00000000,0.00019004,-0.00001721,
inf,100000.00000000,1.00000000,0.00553884,0.00455358,
inf,100000.00000000,10.00000000,0.01405272,-0.00795800,
inf,100000.00000000,11.00000000,0.00917095,0.00125652,
inf,100000.00000000,12.00000000,0.00241009,0.00130228,
inf,100000.00000000,13.00000000,0.00762039,-0.00179885,
inf,100000.00000000,14.00000000,0.01808565,-0.01334782,
inf,100000.00000000,15.00000000,0.00513284,-0.00087355,
inf,100000.00000000,16.00000000,0.02036095,-0.01144397,
inf,100000.00000000,17.00000000,0.02061922,-0.01120063,
inf,100000.00000000,18.00000000,0.02109121,-0.01207719,
inf,100000.00000000,19.00000000,0.01885322,-0.00931764,
inf,100000.00000000,2.00000000,0.01716734,-0.00901377,
inf,100000.00000000,20.00000000,0.01954916,-0.01043261,
inf,100000.00000000,3.00000000,0.01846410,-0.00960589,
inf,100000.00000000,4.00000000,0.00615791,-0.00087235,
inf,100000.00000000,5.00000000,0.00515863,0.00177802,
inf,100000.00000000,6.00000000,0.01756466,-0.01142109,
inf,100000.00000000,7.00000000,0.01314363,-0.01092234,
inf,100000.00000000,8.00000000,0.01604920,-0.00742310,
inf,100000.00000000,9.00000000,0.00188139,-0.00018063,
inf,10000.00000000,1.00000000,0.04219317,0.03077238,
inf,10000.00000000,10.00000000,0.10103453,-0.06761474,
inf,10000.00000000,11.00000000,0.07215516,-0.00747503,
inf,10000.00000000,12.00000000,0.02008115,0.01213718,
inf,10000.00000000,13.00000000,0.06308539,-0.02509111,
inf,10000.00000000,14.00000000,0.12037998,-0.09771923,
inf,10000.00000000,15.00000000,0.04132920,-0.01155283,
inf,10000.00000000,16.00000000,0.13823493,-0.09004504,
inf,10000.00000000,17.00000000,0.13969578,-0.08773438,
inf,10000.00000000,18.00000000,0.14164747,-0.10141579,
inf,10000.00000000,19.00000000,0.12409909,-0.07288613,
inf,10000.00000000,2.00000000,0.11704385,-0.07353241,
inf,10000.00000000,20.00000000,0.12620458,-0.08927826,
inf,10000.00000000,3.00000000,0.12207616,-0.07869283,
inf,10000.00000000,4.00000000,0.04984009,-0.00787227,
inf,10000.00000000,5.00000000,0.04448008,0.00665891,
inf,10000.00000000,6.00000000,0.12004563,-0.09051022,
inf,10000.00000000,7.00000000,0.09686926,-0.08373793,
inf,10000.00000000,8.00000000,0.11183162,-0.06202212,
inf,10000.00000000,9.00000000,0.01714641,-0.00246968,
inf,1000.00000000,1.00000000,0.13613345,0.17728964,
inf,1000.00000000,10.00000000,0.26030699,0.06204720,
inf,1000.00000000,11.00000000,0.23373817,-0.10533999,
inf,1000.00000000,12.00000000,0.08048360,0.14491318,
inf,1000.00000000,13.00000000,0.22264104,-0.20003613,
inf,1000.00000000,14.00000000,0.27490290,-0.01261495,
inf,1000.00000000,15.00000000,0.13776967,-0.04635450,
inf,1000.00000000,16.00000000,0.33113220,-0.13579783,
inf,1000.00000000,17.00000000,0.33187396,-0.14180152,
inf,1000.00000000,18.00000000,0.32928134,-0.29728552,
inf,1000.00000000,19.00000000,0.28430415,0.07467952,
inf,1000.00000000,2.00000000,0.27262439,0.02209710,
inf,1000.00000000,20.00000000,0.25588068,-0.29309556,
inf,1000.00000000,3.00000000,0.27942728,0.04859168,
inf,1000.00000000,4.00000000,0.17064766,0.15638347,
inf,1000.00000000,5.00000000,0.18882549,-0.02877829,
inf,1000.00000000,6.00000000,0.26021188,-0.20504570,
inf,1000.00000000,7.00000000,0.26224972,0.09199787,
inf,1000.00000000,8.00000000,0.28328864,0.19382697,
inf,1000.00000000,9.00000000,0.09704835,-0.03488881,
inf,100.00000000,1.00000000,0.34531570,1.69360192,
inf,100.00000000,10.00000000,2.65879928,3.64249480,
inf,100.00000000,11.00000000,0.32989918,-0.27961707,
inf,100.00000000,12.00000000,0.23465542,1.61721631,
inf,100.00000000,13.00000000,0.33024049,-0.69310081,
inf,100.00000000,14.00000000,0.52689802,1.99607853,
inf,100.00000000,15.00000000,0.38093898,1.52106193,
inf,100.00000000,16.00000000,0.60348403,1.42908921,
inf,100.00000000,17.00000000,0.60066127,1.35339496,
inf,100.00000000,18.00000000,0.43324047,-0.74070813,
inf,100.00000000,19.00000000,0.47419323,2.03855438,
inf,100.00000000,2.00000000,2.21555669,3.43449051,
inf,100.00000000,20.00000000,0.50240413,1.70203165,
inf,100.00000000,3.00000000,2.10015650,3.26645420,
inf,100.00000000,4.00000000,0.38377006,1.73900618,
inf,100.00000000,5.00000000,0.32382485,0.16893587,
inf,100.00000000,6.00000000,0.51806177,1.86783419,
inf,100.00000000,7.00000000,3.48841519,4.22010116,
inf,100.00000000,8.00000000,0.51657795,1.85062589,
inf,100.00000000,9.00000000,0.20987549,-0.10903114,
inf,10.00000000,1.00000000,0.40632295,1.88339303,
inf,10.00000000,10.00000000,3.00983757,4.01691932,
inf,10.00000000,11.00000000,0.34730098,-0.39059712,
inf,10.00000000,12.00000000,0.29066821,1.79749190,
inf,10.00000000,13.00000000,0.95605516,-1.34141061,
inf,10.00000000,14.00000000,2.76486863,3.78245257,
inf,10.00000000,15.00000000,0.43602353,1.91122151,
inf,10.00000000,16.00000000,1.17206230,2.43178335,
inf,10.00000000,17.00000000,1.17012956,2.44221934,
inf,10.00000000,18.00000000,0.90662516,-1.67867355,
inf,10.00000000,19.00000000,1.21648999,2.86517871,
inf,10.00000000,2.00000000,2.36530424,3.68032290,
inf,10.00000000,20.00000000,2.06276143,3.86073464,
inf,10.00000000,3.00000000,2.30122250,3.53361689,
inf,10.00000000,4.00000000,0.44520013,1.97064366,
inf,10.00000000,5.00000000,3.61994984,4.17077013,
inf,10.00000000,6.00000000,3.62444054,4.51270534,
inf,10.00000000,7.00000000,4.33500151,4.74192626,
inf,10.00000000,8.00000000,2.74819291,3.79364004,
inf,10.00000000,9.00000000,1.09169132,2.03840860,
inf,1.00000000,1.00000000,0.41525162,1.90560137,
inf,1.00000000,10.00000000,3.03614564,4.04946098,
inf,1.00000000,11.00000000,0.34938729,-0.40607331,
inf,1.00000000,12.00000000,0.29238427,1.80643707,
inf,1.00000000,13.00000000,0.95478452,-1.39176012,
inf,1.00000000,14.00000000,2.76457337,3.80088695,
inf,1.00000000,15.00000000,0.43993236,1.95349173,
inf,1.00000000,16.00000000,1.17583527,2.48092521,
inf,1.00000000,17.00000000,5.99808440,6.29139249,
inf,1.00000000,18.00000000,0.80022279,-3.36328122,
inf,1.00000000,19.00000000,1.21995896,2.91573956,
inf,1.00000000,2.00000000,2.37176418,3.70196874,
inf,1.00000000,20.00000000,2.08939124,3.91682290,
inf,1.00000000,3.00000000,2.31402065,3.55620408,
inf,1.00000000,4.00000000,0.45371088,1.99632591,
inf,1.00000000,5.00000000,3.71789388,4.27569728,
inf,1.00000000,6.00000000,3.72592675,4.60928503,
inf,1.00000000,7.00000000,4.53077699,4.83493772,
inf,1.00000000,8.00000000,2.78007281,3.82430413,
inf,1.00000000,9.00000000,1.00921007,-0.03993787,
inf,20.00000000,1.00000000,0.39443871,1.85719653,
inf,20.00000000,10.00000000,2.97744582,3.97887906,
inf,20.00000000,11.00000000,0.34517658,-0.37354747,
inf,20.00000000,12.00000000,0.28145714,1.77944092,
inf,20.00000000,13.00000000,0.95731419,-1.28947912,
inf,20.00000000,14.00000000,2.76028811,3.76012479,
inf,20.00000000,15.00000000,0.43199065,1.86670066,
inf,20.00000000,16.00000000,1.16927691,2.38873882,
inf,20.00000000,17.00000000,1.16487231,2.36158529,
inf,20.00000000,18.00000000,0.91712303,-1.51136635,
inf,20.00000000,19.00000000,1.21465396,2.83959727,
inf,20.00000000,2.00000000,2.35101123,3.64790663,
inf,20.00000000,20.00000000,2.00703281,3.77184935,
inf,20.00000000,3.00000000,2.28590114,3.50806751,
inf,20.00000000,4.00000000,0.43650697,1.94292169,
inf,20.00000000,5.00000000,1.05087365,2.09665738,
inf,20.00000000,6.00000000,1.23361080,2.81695927,
inf,20.00000000,7.00000000,4.23729247,4.69799916,
inf,20.00000000,8.00000000,1.22798688,2.83496475,
inf,20.00000000,9.00000000,1.08962776,1.99095475,
inf,2.00000000,1.00000000,0.41418750,1.90302910,
inf,2.00000000,10.00000000,3.03334781,4.04592236,
inf,2.00000000,11.00000000,0.34927463,-0.40364217,
inf,2.00000000,12.00000000,0.29213279,1.80428689,
inf,2.00000000,13.00000000,0.95493258,-1.38598512,
inf,2.00000000,14.00000000,2.76437523,3.79874551,
inf,2.00000000,15.00000000,0.43904034,1.94434402,
inf,2.00000000,16.00000000,1.17546958,2.47594333,
inf,2.00000000,17.00000000,5.70547706,5.93564716,
inf,2.00000000,18.00000000,0.80153299,-3.34202467,
inf,2.00000000,19.00000000,1.21967816,2.91181817,
inf,2.00000000,2.00000000,2.37157088,3.69879132,
inf,2.00000000,20.00000000,2.07753256,3.90894029,
inf,2.00000000,3.00000000,2.31264652,3.55371358,
inf,2.00000000,4.00000000,0.45272901,1.99341327,
inf,2.00000000,5.00000000,3.75177395,4.27191553,
inf,2.00000000,6.00000000,3.71481964,4.59854590,
inf,2.00000000,7.00000000,4.44250165,4.80535451,
inf,2.00000000,8.00000000,2.77679375,3.82103414,
inf,2.00000000,9.00000000,1.00921007,-0.03993787,
inf,50.00000000,1.00000000,0.37499017,1.79545042,
inf,50.00000000,10.00000000,2.87209246,3.86111572,
inf,50.00000000,11.00000000,0.33853942,-0.33577515,
inf,50.00000000,12.00000000,0.28263663,1.73454674,
inf,50.00000000,13.00000000,0.34487189,-0.91379936,
inf,50.00000000,14.00000000,1.26416443,2.89058567,
inf,50.00000000,15.00000000,0.41940720,1.72770969,
inf,50.00000000,16.00000000,1.15935304,2.24153470,
inf,50.00000000,17.00000000,1.15356445,2.18717957,
inf,50.00000000,18.00000000,0.41809288,-1.06943113,
inf,50.00000000,19.00000000,0.48190107,2.18115836,
inf,50.00000000,2.00000000,2.31197611,3.57803176,
inf,50.00000000,20.00000000,1.89474333,3.56275817,
inf,50.00000000,3.00000000,2.22946548,3.42544245,
inf,50.00000000,4.00000000,0.41441026,1.86404616,
inf,50.00000000,5.00000000,0.44178510,1.12576834,
inf,50.00000000,6.00000000,1.22672881,2.72718028,
inf,50.00000000,7.00000000,3.91814862,4.51242630,
inf,50.00000000,8.00000000,0.56555290,1.95137237,
inf,50.00000000,9.00000000,1.00921007,-0.03993787,
inf,5.00000000,1.00000000,0.41105986,1.89539972,
inf,5.00000000,10.00000000,3.02466900,4.03511129,
inf,5.00000000,11.00000000,0.34730007,-0.35352028,
inf,5.00000000,12.00000000,0.29158443,1.80046737,
inf,5.00000000,13.00000000,0.95536625,-1.36893629,
inf,5.00000000,14.00000000,2.76887833,3.78660440,
inf,5.00000000,15.00000000,0.43790256,1.93186945,
inf,5.00000000,16.00000000,1.17444248,2.46137719,
inf,5.00000000,17.00000000,5.64756798,5.93052993,
inf,5.00000000,18.00000000,0.44443517,-1.70319933,
inf,5.00000000,19.00000000,1.21739063,2.87771082,
inf,5.00000000,2.00000000,2.35955066,3.67925223,
inf,5.00000000,20.00000000,2.08556113,3.90075703,
inf,5.00000000,3.00000000,2.30845455,3.54621303,
inf,5.00000000,4.00000000,0.44983946,1.98476731,
inf,5.00000000,5.00000000,3.67462538,4.22633059,
inf,5.00000000,6.00000000,3.68048674,4.56596658,
inf,5.00000000,7.00000000,4.44788441,4.80132441,
inf,5.00000000,8.00000000,2.76940797,3.81255517,
inf,5.00000000,9.00000000,1.09270673,2.06153430,