alpha,beta,seed,sin,cos,
inf,0.01000000,1.00000000,0.38864658,1.59968610,alpha,beta,seed,sin,cos,
inf,0.01000000,10.00000000,4.62982502,5.69581805,alpha,beta,seed,sin,cos,
inf,0.01000000,2.00000000,3.27190562,5.91845178,alpha,beta,seed,sin,cos,
inf,0.01000000,3.00000000,3.42232315,6.26414640,alpha,beta,seed,sin,cos,
inf,0.01000000,4.00000000,0.39051079,2.09041366,alpha,beta,seed,sin,cos,
inf,0.01000000,5.00000000,14.59359162,13.34192536,alpha,beta,seed,sin,cos,
inf,0.01000000,6.00000000,0.51323116,1.79842920,alpha,beta,seed,sin,cos,
inf,0.01000000,7.00000000,9.13354166,7.40927308,alpha,beta,seed,sin,cos,
inf,0.01000000,8.00000000,3.84651991,6.44063938,alpha,beta,seed,sin,cos,
inf,0.01000000,9.00000000,0.25112745,-0.15518875,
inf,0.10000000,1.00000000,0.38858657,1.59955553,
inf,0.10000000,10.00000000,4.62658535,5.69319642,
inf,0.10000000,2.00000000,3.26108649,5.90229480,
inf,0.10000000,3.00000000,3.41916963,6.25811438,
inf,0.10000000,4.00000000,0.38959186,2.09056503,
inf,0.10000000,5.00000000,14.57830492,13.34640831,
inf,0.10000000,6.00000000,0.51287580,1.79814795,
inf,0.10000000,7.00000000,9.23485969,7.50794378,
inf,0.10000000,8.00000000,3.84825333,6.44344330,
inf,0.10000000,9.00000000,0.25457297,-0.18479713,
inf,1000000.00000000,1.00000000,0.00055075,0.00037852,
inf,1000000.00000000,10.00000000,0.00143396,-0.00082945,
inf,1000000.00000000,2.00000000,0.00176655,-0.00104496,
inf,1000000.00000000,3.00000000,0.00188750,-0.00118446,
inf,1000000.00000000,4.00000000,0.00062275,-0.00015409,
inf,1000000.00000000,5.00000000,0.00050980,0.00018365,
inf,1000000.00000000,6.00000000,0.00177258,-0.00124058,
inf,1000000.00000000,7.00000000,0.00134507,-0.00117923,
inf,1000000.00000000,8.00000000,0.00168191,-0.00092961,
inf,1000000.00000000,9.00000000,0.00019813,0.00001315,
inf,100000.00000000,1.00000000,0.00533469,0.00355905,
inf,100000.00000000,10.00000000,0.01391487,-0.00843126,
inf,100000.00000000,2.00000000,0.01708784,-0.01065433,
inf,100000.00000000,3.00000000,0.01818699,-0.01210549,
inf,100000.00000000,4.00000000,0.00608262,-0.00155415,
inf,100000.00000000,5.00000000,0.00501517,0.00168243,
inf,100000.00000000,6.00000000,0.01717345,-0.01248615,
inf,100000.00000000,7.00000000,0.01310601,-0.01170779,
inf,100000.00000000,8.00000000,0.01629754,-0.00953023,
inf,100000.00000000,9.00000000,0.00195958,0.00012088,
inf,10000.00000000,1.00000000,0.04098330,0.02220451,
inf,10000.00000000,10.00000000,0.09928068,-0.07230399,
inf,10000.00000000,2.00000000,0.11473020,-0.08711537,
inf,10000.00000000,3.00000000,0.11817131,-0.09920353,
inf,10000.00000000,4.00000000,0.04859271,-0.01417232,
inf,10000.00000000,5.00000000,0.04328270,0.00666099,
inf,10000.00000000,6.00000000,0.11599721,-0.10031619,
inf,10000.00000000,7.00000000,0.09534741,-0.09343374,
inf,10000.00000000,8.00000000,0.11192047,-0.08117264,
inf,10000.00000000,9.00000000,0.01772565,0.00035395,
inf,1000.00000000,1.00000000,0.13140842,0.09283402,
inf,1000.00000000,10.00000000,0.23307552,-0.18363516,
inf,1000.00000000,2.00000000,0.23615291,-0.30137872,
inf,1000.00000000,3.00000000,0.22038967,-0.50581485,
inf,1000.00000000,4.00000000,0.15705597,0.04885399,
inf,1000.00000000,5.00000000,0.18328800,-0.02832357,
inf,1000.00000000,6.00000000,0.22477169,-0.52699669,
inf,1000.00000000,7.00000000,0.19506954,-0.53836759,
inf,1000.00000000,8.00000000,0.24026769,-0.29471779,
inf,1000.00000000,9.00000000,0.09912468,-0.01941541,
inf,100.00000000,1.00000000,0.33338835,1.46895593,
inf,100.00000000,10.00000000,3.59782540,4.59674850,
inf,100.00000000,2.00000000,2.88853520,4.84129331,
inf,100.00000000,3.00000000,3.05786475,5.53001333,
inf,100.00000000,4.00000000,0.38061238,1.74536609,
inf,100.00000000,5.00000000,0.32294451,0.25626425,
inf,100.00000000,6.00000000,0.48317338,1.67920855,
inf,100.00000000,7.00000000,0.51555941,1.54589167,
inf,100.00000000,8.00000000,2.73160816,4.53414694,
inf,100.00000000,9.00000000,0.21057389,-0.11165914,
inf,10.00000000,1.00000000,0.38688568,1.59340850,
inf,10.00000000,10.00000000,4.39164848,5.49404576,
inf,10.00000000,2.00000000,3.25013266,5.79565857,
inf,10.00000000,3.00000000,3.52867924,5.88005039,
inf,10.00000000,4.00000000,0.39136564,2.03819641,
inf,10.00000000,5.00000000,1.04325357,1.76860106,
inf,10.00000000,6.00000000,0.50918743,1.78497039,
inf,10.00000000,7.00000000,1.25027215,2.49206262,
inf,10.00000000,8.00000000,3.69669090,6.21947027,
inf,10.00000000,9.00000000,0.24941063,-0.17401491,
inf,1.00000000,1.00000000,0.38798834,1.59825262,
inf,1.00000000,10.00000000,4.59256079,5.66951366,
inf,1.00000000,2.00000000,3.30268293,5.92646263,
inf,1.00000000,3.00000000,3.38730522,6.19711488,
inf,1.00000000,4.00000000,0.38963161,2.08678489,
inf,1.00000000,5.00000000,14.58805180,13.35802017,
inf,1.00000000,6.00000000,0.51302273,1.79472030,
inf,1.00000000,7.00000000,9.17842748,7.43765441,
inf,1.00000000,8.00000000,3.77293845,6.32462785,
inf,1.00000000,9.00000000,0.25473340,-0.17997624,
inf,20.00000000,1.00000000,0.37936438,1.57764395,
inf,20.00000000,10.00000000,4.22081149,5.34107711,
inf,20.00000000,2.00000000,3.31126586,5.79156397,
inf,20.00000000,3.00000000,3.20272230,5.23649074,
inf,20.00000000,4.00000000,0.38999572,1.98321966,
inf,20.00000000,5.00000000,0.43443126,1.12134171,
inf,20.00000000,6.00000000,0.50634219,1.77480449,
inf,20.00000000,7.00000000,1.24916034,2.48055977,
inf,20.00000000,8.00000000,3.41969840,5.81680673,
inf,20.00000000,9.00000000,0.24443518,-0.16289942,
inf,2.00000000,1.00000000,0.38732750,1.59681065,
inf,2.00000000,10.00000000,4.56963142,5.64989468,
inf,2.00000000,2.00000000,3.34327427,5.96324470,
inf,2.00000000,3.00000000,3.59870195,6.01970055,
inf,2.00000000,4.00000000,0.38942183,2.05502383,
inf,2.00000000,5.00000000,1.07431740,1.85284976,
inf,2.00000000,6.00000000,0.51091875,1.79366949,
inf,2.00000000,7.00000000,9.21748261,7.49381327,
inf,2.00000000,8.00000000,3.82682279,6.42321874,
inf,2.00000000,9.00000000,0.25289921,-0.17827837,
inf,50.00000000,1.00000000,0.36054638,1.53478072,
inf,50.00000000,10.00000000,3.94187790,5.01876887,
inf,50.00000000,2.00000000,3.06993518,5.37888618,
inf,50.00000000,3.00000000,3.02890525,4.89890875,
inf,50.00000000,4.00000000,0.38860003,1.88971273,
inf,50.00000000,5.00000000,0.39172353,0.81847420,
inf,50.00000000,6.00000000,0.49604271,1.73832022,
inf,50.00000000,7.00000000,1.24587016,2.44651549,
inf,50.00000000,8.00000000,3.09766175,5.25012615,
inf,50.00000000,9.00000000,0.23123716,-0.13539146,
inf,5.00000000,1.00000000,0.38944930,1.60076021,
inf,5.00000000,10.00000000,4.50233140,5.59220032,
inf,5.00000000,2.00000000,3.31872657,5.87999639,
inf,5.00000000,3.00000000,3.57526151,5.97130575,
inf,5.00000000,4.00000000,0.39005979,2.06960844,
inf,5.00000000,5.00000000,1.04378305,1.78353539,
inf,5.00000000,6.00000000,0.51176830,1.79312900,
inf,5.00000000,7.00000000,9.15771993,7.42270621,
inf,5.00000000,8.00000000,3.77872962,6.33995075,
inf,5.00000000,9.00000000,0.24924364,-0.17823424,