
0.00000000,1.00000000,1.00000000,6747.00000000,1.00000000,3423.00000000,
0.00000000,10.00000000,1.00000000,6737.00000000,1.00000000,3433.00000000,
0.00000000,11.00000000,1.00000000,6849.00000000,1.00000000,3321.00000000,alpha,seed,kish[0],relkish[0],test_kish[0],test_relkish[0],
inf,1.00000000,0.00014821,1.00000000,0.00029214,1.00000000,
0.01000000,1.00000000,0.05800481,391.35841940,0.89861415,3075.95625086,alpha,seed,kish[0],relkish[0],test_kish[0],test_relkish[0],
inf,10.00000000,0.00014843,1.00000000,0.00029129,1.00000000,
0.01000000,10.00000000,0.07146006,481.42641172,1.00000000,3433.00000000,alpha,seed,kish[0],relkish[0],test_kish[0],test_relkish[0],
inf,11.00000000,0.00014601,1.00000000,0.00030111,1.00000000,
0.01000000,11.00000000,0.05677024,388.81940322,1.00000000,3321.00000000,alpha,seed,kish[0],relkish[0],test_kish[0],test_relkish[0],
inf,12.00000000,0.00014848,1.00000000,0.00029112,1.00000000,
0.01000000,12.00000000,0.06382201,429.84123912,1.00000000,3435.00000000,alpha,seed,kish[0],relkish[0],test_kish[0],test_relkish[0],
inf,13.00000000,0.00014810,1.00000000,0.00029257,1.00000000,
0.01000000,13.00000000,0.05416185,365.70084412,1.00000000,3418.00000000,alpha,seed,kish[0],relkish[0],test_kish[0],test_relkish[0],
inf,14.00000000,0.00014691,1.00000000,0.00029735,1.00000000,
0.01000000,14.00000000,0.05917418,402.79866049,0.99999993,3362.99975738,alpha,seed,kish[0],relkish[0],test_kish[0],test_relkish[0],
inf,15.00000000,0.00014691,1.00000000,0.00029735,1.00000000,
0.01000000,15.00000000,0.07008893,477.09535087,1.00000000,3362.99999979,alpha,seed,kish[0],relkish[0],test_kish[0],test_relkish[0],
inf,16.00000000,0.00014780,1.00000000,0.00029377,1.00000000,
0.01000000,16.00000000,0.04635454,313.63484578,1.00000000,3403.99999803,alpha,seed,kish[0],relkish[0],test_kish[0],test_relkish[0],
inf,17.00000000,0.00014824,1.00000000,0.00029206,1.00000000,
0.01000000,17.00000000,0.06391438,431.16637401,1.00000000,3424.00000000,alpha,seed,kish[0],relkish[0],test_kish[0],test_relkish[0],
inf,18.00000000,0.00014699,1.00000000,0.00029700,1.00000000,
0.01000000,18.00000000,0.06546006,445.32481049,1.00000000,3367.00000000,alpha,seed,kish[0],relkish[0],test_kish[0],test_relkish[0],
inf,19.00000000,0.00014730,1.00000000,0.00029577,1.00000000,
0.01000000,19.00000000,0.06452968,438.09199844,1.00000000,3381.00000000,
0.00000000,12.00000000,1.00000000,6735.00000000,1.00000000,3435.00000000,alpha,seed,kish[0],relkish[0],test_kish[0],test_relkish[0],
inf,2.00000000,0.00014819,1.00000000,0.00029223,1.00000000,
0.01000000,2.00000000,0.08021159,541.26781589,1.00000000,3422.00000000,alpha,seed,kish[0],relkish[0],test_kish[0],test_relkish[0],
inf,20.00000000,0.00014804,1.00000000,0.00029283,1.00000000,
0.01000000,20.00000000,0.05492211,370.99886799,1.00000000,3415.00000000,
0.00000000,13.00000000,1.00000000,6752.00000000,1.00000000,3418.00000000,alpha,seed,kish[0],relkish[0],test_kish[0],test_relkish[0],
inf,3.00000000,0.00014846,1.00000000,0.00029121,1.00000000,
0.01000000,3.00000000,0.04414919,297.38892463,1.00000000,3434.00000000,
0.00000000,14.00000000,1.00000000,6807.00000000,1.00000000,3363.00000000,alpha,seed,kish[0],relkish[0],test_kish[0],test_relkish[0],
inf,4.00000000,0.00014881,1.00000000,0.00028986,1.00000000,
0.01000000,4.00000000,0.04565524,306.80320752,1.00000000,3450.00000000,
0.00000000,15.00000000,1.00000000,6807.00000000,1.00000000,3363.00000000,alpha,seed,kish[0],relkish[0],test_kish[0],test_relkish[0],
inf,5.00000000,0.00014693,1.00000000,0.00029727,1.00000000,
0.01000000,5.00000000,0.05794430,394.36893461,1.00000000,3364.00000000,
0.00000000,16.00000000,1.00000000,6766.00000000,1.00000000,3404.00000000,alpha,seed,kish[0],relkish[0],test_kish[0],test_relkish[0],
inf,6.00000000,0.00014775,1.00000000,0.00029394,1.00000000,
0.01000000,6.00000000,0.08367220,566.29344802,0.99999996,3401.99987577,
0.00000000,17.00000000,1.00000000,6746.00000000,1.00000000,3424.00000000,alpha,seed,kish[0],relkish[0],test_kish[0],test_relkish[0],
inf,7.00000000,0.00014910,1.00000000,0.00028877,1.00000000,
0.01000000,7.00000000,0.04782225,320.74383813,1.00000000,3463.00000000,
0.00000000,18.00000000,1.00000000,6803.00000000,1.00000000,3367.00000000,alpha,seed,kish[0],relkish[0],test_kish[0],test_relkish[0],
inf,8.00000000,0.00014890,1.00000000,0.00028952,1.00000000,
0.01000000,8.00000000,0.04407994,296.04085065,1.00000000,3454.00000000,
0.00000000,19.00000000,1.00000000,6789.00000000,1.00000000,3381.00000000,alpha,seed,kish[0],relkish[0],test_kish[0],test_relkish[0],
inf,9.00000000,0.00014732,1.00000000,0.00029568,1.00000000,
0.01000000,9.00000000,0.06693065,454.32526568,1.00000000,3382.00000000,
0.00000000,2.00000000,1.00000000,6748.00000000,1.00000000,3422.00000000,
0.00000000,20.00000000,1.00000000,6755.00000000,1.00000000,3415.00000000,
0.00000000,3.00000000,1.00000000,6736.00000000,1.00000000,3434.00000000,
0.00000000,4.00000000,1.00000000,6720.00000000,1.00000000,3450.00000000,
0.00000000,5.00000000,1.00000000,6806.00000000,1.00000000,3364.00000000,
0.00000000,6.00000000,1.00000000,6768.00000000,1.00000000,3402.00000000,
0.00000000,7.00000000,1.00000000,6707.00000000,1.00000000,3463.00000000,
0.00000000,8.00000000,1.00000000,6716.00000000,1.00000000,3454.00000000,
0.00000000,9.00000000,1.00000000,6788.00000000,1.00000000,3382.00000000,
0.10000000,1.00000000,0.05170769,348.87181470,0.52763949,1806.10999047,
0.10000000,10.00000000,0.05720397,385.38311799,0.98928814,3396.22618814,
0.10000000,11.00000000,0.05060781,346.61291092,1.00000000,3320.99999610,
0.10000000,12.00000000,0.05135620,345.88400329,0.99999882,3434.99594360,
0.10000000,13.00000000,0.04407572,297.59928276,0.98821963,3377.73468792,
0.10000000,14.00000000,0.05170396,351.94882612,0.93439482,3142.36978490,
0.10000000,15.00000000,0.05398170,367.45345601,0.58894808,1980.63239961,
0.10000000,16.00000000,0.03773444,255.31120471,0.52383863,1783.14669919,
0.10000000,17.00000000,0.05311142,358.28963762,1.00000000,3424.00000000,
0.10000000,18.00000000,0.05584689,379.92641696,0.98483492,3315.93918190,
0.10000000,19.00000000,0.05300359,359.84134496,0.99997212,3380.90574305,
0.10000000,2.00000000,0.06403187,432.08706899,0.99999947,3421.99820230,
0.10000000,20.00000000,0.04599961,310.72739556,0.99973269,3414.08714094,
0.10000000,3.00000000,0.03950089,266.07796993,0.99652717,3422.07429617,
0.10000000,4.00000000,0.03685342,247.65498140,1.00000000,3450.00000000,
0.10000000,5.00000000,0.05026705,342.11756834,0.99957147,3362.55843669,
0.10000000,6.00000000,0.06632386,448.87991173,0.50043886,1702.49298670,
0.10000000,7.00000000,0.04194144,281.30123288,0.99999456,3462.98114935,
0.10000000,8.00000000,0.03377530,226.83494768,0.99999338,3453.97713036,
0.10000000,9.00000000,0.04755216,322.78408572,1.00000000,3381.99999299,
1000000.00000000,1.00000000,0.00014822,1.00001724,0.00029215,1.00001767,
1000000.00000000,10.00000000,0.00014844,1.00002291,0.00029130,1.00002175,
1000000.00000000,11.00000000,0.00014601,1.00001875,0.00030112,1.00001931,
1000000.00000000,12.00000000,0.00014848,1.00000159,0.00029112,1.00000165,
1000000.00000000,13.00000000,0.00014810,1.00000118,0.00029257,1.00000122,
1000000.00000000,14.00000000,0.00014691,1.00000155,0.00029735,1.00000142,
1000000.00000000,15.00000000,0.00014691,1.00000130,0.00029735,1.00000107,
1000000.00000000,16.00000000,0.00014780,1.00001670,0.00029378,1.00001923,
1000000.00000000,17.00000000,0.00014824,1.00001925,0.00029206,1.00001944,
1000000.00000000,18.00000000,0.00014700,1.00002061,0.00029701,1.00002088,
1000000.00000000,19.00000000,0.00014730,1.00002034,0.00029578,1.00002113,
1000000.00000000,2.00000000,0.00014820,1.00002632,0.00029223,1.00002036,
1000000.00000000,20.00000000,0.00014804,1.00001948,0.00029283,1.00002224,
1000000.00000000,3.00000000,0.00014846,1.00002302,0.00029121,1.00001982,
1000000.00000000,4.00000000,0.00014881,1.00000047,0.00028986,1.00000041,
1000000.00000000,5.00000000,0.00014693,1.00001651,0.00029727,1.00001983,
1000000.00000000,6.00000000,0.00014776,1.00001549,0.00029395,1.00001977,
1000000.00000000,7.00000000,0.00014910,1.00000041,0.00028877,1.00000037,
1000000.00000000,8.00000000,0.00014890,1.00002250,0.00028953,1.00001991,
1000000.00000000,9.00000000,0.00014732,1.00000152,0.00029568,1.00000154,
100000.00000000,1.00000000,0.00014839,1.00120537,0.00029250,1.00123676,
100000.00000000,10.00000000,0.00014863,1.00134992,0.00029166,1.00126598,
100000.00000000,11.00000000,0.00014618,1.00121236,0.00030149,1.00124471,
100000.00000000,12.00000000,0.00014850,1.00013447,0.00029116,1.00013794,
100000.00000000,13.00000000,0.00014812,1.00010759,0.00029260,1.00010966,
100000.00000000,14.00000000,0.00014693,1.00013103,0.00029739,1.00012258,
100000.00000000,15.00000000,0.00014692,1.00009844,0.00029738,1.00008297,
100000.00000000,16.00000000,0.00014795,1.00101579,0.00029411,1.00115884,
100000.00000000,17.00000000,0.00014840,1.00111498,0.00029239,1.00112957,
100000.00000000,18.00000000,0.00014717,1.00122019,0.00029737,1.00123740,
100000.00000000,19.00000000,0.00014747,1.00118431,0.00029613,1.00122771,
100000.00000000,2.00000000,0.00014841,1.00146684,0.00029257,1.00117449,
100000.00000000,20.00000000,0.00014820,1.00107822,0.00029318,1.00120570,
100000.00000000,3.00000000,0.00014865,1.00131858,0.00029154,1.00115411,
100000.00000000,4.00000000,0.00014882,1.00004185,0.00028987,1.00003666,
100000.00000000,5.00000000,0.00014709,1.00109398,0.00029765,1.00129839,
100000.00000000,6.00000000,0.00014790,1.00100330,0.00029431,1.00125818,
100000.00000000,7.00000000,0.00014910,1.00003850,0.00028878,1.00003440,
100000.00000000,8.00000000,0.00014909,1.00129987,0.00028986,1.00115966,
100000.00000000,9.00000000,0.00014734,1.00013075,0.00029572,1.00013160,
10000.00000000,1.00000000,0.00015121,1.02023827,0.00029828,1.02100092,
10000.00000000,10.00000000,0.00015141,1.02005668,0.00029664,1.01837218,
10000.00000000,11.00000000,0.00014895,1.02018145,0.00030727,1.02044105,
10000.00000000,12.00000000,0.00014922,1.00498400,0.00029258,1.00501205,
10000.00000000,13.00000000,0.00014880,1.00471708,0.00029393,1.00464162,
10000.00000000,14.00000000,0.00014762,1.00487221,0.00029876,1.00472569,
10000.00000000,15.00000000,0.00014739,1.00326422,0.00029823,1.00293594,
10000.00000000,16.00000000,0.00014996,1.01465567,0.00029851,1.01612039,
10000.00000000,17.00000000,0.00015070,1.01660481,0.00029701,1.01697910,
10000.00000000,18.00000000,0.00014984,1.01934872,0.00030283,1.01962762,
10000.00000000,19.00000000,0.00015011,1.01908982,0.00030159,1.01969183,
10000.00000000,2.00000000,0.00015157,1.02277860,0.00029802,1.01983671,
10000.00000000,20.00000000,0.00015075,1.01832901,0.00029848,1.01930629,
10000.00000000,3.00000000,0.00015143,1.02000563,0.00029644,1.01796037,
10000.00000000,4.00000000,0.00014902,1.00140240,0.00029023,1.00130579,
10000.00000000,5.00000000,0.00014952,1.01763809,0.00030327,1.02021006,
10000.00000000,6.00000000,0.00015017,1.01637535,0.00029955,1.01907946,
10000.00000000,7.00000000,0.00014939,1.00196997,0.00028928,1.00176325,
10000.00000000,8.00000000,0.00015191,1.02025346,0.00029495,1.01876247,
10000.00000000,9.00000000,0.00014806,1.00501416,0.00029718,1.00505924,
1000.00000000,1.00000000,0.00016093,1.08579480,0.00031818,1.08912506,
1000.00000000,10.00000000,0.00016026,1.07968089,0.00031272,1.07355838,
1000.00000000,11.00000000,0.00015897,1.08879678,0.00032762,1.08801704,
1000.00000000,12.00000000,0.00015401,1.03727112,0.00030164,1.03611970,
1000.00000000,13.00000000,0.00015452,1.04330517,0.00030468,1.04139731,
1000.00000000,14.00000000,0.00015240,1.03737182,0.00030829,1.03677791,
1000.00000000,15.00000000,0.00015015,1.02206378,0.00030368,1.02128120,
1000.00000000,16.00000000,0.00015551,1.05219281,0.00030965,1.05403899,
1000.00000000,17.00000000,0.00015853,1.06942364,0.00031268,1.07062181,
1000.00000000,18.00000000,0.00015767,1.07266126,0.00031880,1.07338302,
1000.00000000,19.00000000,0.00015888,1.07866734,0.00031963,1.08068115,
1000.00000000,2.00000000,0.00016233,1.09541542,0.00031809,1.08851100,
1000.00000000,20.00000000,0.00016048,1.08406247,0.00031761,1.08463013,
1000.00000000,3.00000000,0.00015955,1.07469818,0.00031095,1.06778531,
1000.00000000,4.00000000,0.00015063,1.01225890,0.00029344,1.01236851,
1000.00000000,5.00000000,0.00015684,1.06745959,0.00031942,1.07452419,
1000.00000000,6.00000000,0.00015832,1.07151020,0.00031627,1.07595812,
1000.00000000,7.00000000,0.00015227,1.02127058,0.00029444,1.01965807,
1000.00000000,8.00000000,0.00016112,1.08207588,0.00031250,1.07938833,
1000.00000000,9.00000000,0.00015286,1.03762678,0.00030689,1.03789631,
100.00000000,1.00000000,0.00018593,1.25447349,0.00036740,1.25760967,
100.00000000,10.00000000,0.00018943,1.27617209,0.00037016,1.27076920,
100.00000000,11.00000000,0.00018549,1.27043538,0.00038173,1.26771840,
100.00000000,12.00000000,0.00017328,1.16703281,0.00033827,1.16194529,
100.00000000,13.00000000,0.00017833,1.20410306,0.00035133,1.20083491,
100.00000000,14.00000000,0.00017400,1.18441274,0.00035178,1.18305061,
100.00000000,15.00000000,0.00016678,1.13527716,0.00033738,1.13460670,
100.00000000,16.00000000,0.00017462,1.18148456,0.00034597,1.17767495,
100.00000000,17.00000000,0.00018831,1.27032866,0.00037215,1.27423036,
100.00000000,18.00000000,0.00018439,1.25441812,0.00037070,1.24816018,
100.00000000,19.00000000,0.00018212,1.23643306,0.00036882,1.24698006,
100.00000000,2.00000000,0.00019090,1.28817771,0.00037319,1.27704785,
100.00000000,20.00000000,0.00018778,1.26842685,0.00037195,1.27021779,
100.00000000,3.00000000,0.00018907,1.27356666,0.00036653,1.25866609,
100.00000000,4.00000000,0.00016450,1.10544891,0.00032025,1.10485270,
100.00000000,5.00000000,0.00017809,1.21210114,0.00036470,1.22686525,
100.00000000,6.00000000,0.00018339,1.24115498,0.00036383,1.23775804,
100.00000000,7.00000000,0.00016723,1.12158283,0.00032328,1.11952482,
100.00000000,8.00000000,0.00018966,1.27374925,0.00036681,1.26697723,
100.00000000,9.00000000,0.00017453,1.18473648,0.00034998,1.18364491,
10.00000000,1.00000000,0.00038247,2.58055105,0.00208057,7.12180553,
10.00000000,10.00000000,0.00046160,3.10978445,0.00101453,3.48287539,
10.00000000,11.00000000,0.00043937,3.00923749,0.00090206,2.99574514,
10.00000000,12.00000000,0.00035651,2.40108815,0.00810945,27.85594631,
10.00000000,13.00000000,0.00036490,2.46379813,0.00074971,2.56251042,
10.00000000,14.00000000,0.00036877,2.51024660,0.00072943,2.45308420,
10.00000000,15.00000000,0.00039438,2.68452105,0.00085785,2.88494876,
10.00000000,16.00000000,0.00038064,2.57538860,0.00071618,2.43786274,
10.00000000,17.00000000,0.00041695,2.81272476,0.00087249,2.98741743,
10.00000000,18.00000000,0.00046486,3.16241213,0.00095291,3.20844187,
10.00000000,19.00000000,0.00038863,2.63841340,0.00090569,3.06212902,
10.00000000,2.00000000,0.00045490,3.06964695,0.00088200,3.01821458,
10.00000000,20.00000000,0.00036444,2.46178997,0.00086522,2.95473394,
10.00000000,3.00000000,0.00052190,3.51550469,0.00102820,3.53085186,
10.00000000,4.00000000,0.00036589,2.45878022,0.01285425,44.34715209,
10.00000000,5.00000000,0.00040463,2.75393433,0.00117069,3.93818735,
10.00000000,6.00000000,0.00042029,2.84451743,0.00081905,2.78641211,
10.00000000,7.00000000,0.00034726,2.32906593,0.00075392,2.61081653,
10.00000000,8.00000000,0.00042781,2.87317501,0.00748384,25.84919844,
10.00000000,9.00000000,0.00041484,2.81590132,0.00109870,3.71580327,
1.00000000,1.00000000,0.00944452,63.72216053,0.92462397,3164.98784419,
1.00000000,10.00000000,0.01188192,80.04847020,0.06849500,235.14334318,
1.00000000,11.00000000,0.01159735,79.43021919,0.44476616,1477.06842279,
1.00000000,12.00000000,0.00526619,35.46781998,0.05972244,205.14658874,
1.00000000,13.00000000,0.00684196,46.19691936,0.09869618,337.34354660,
1.00000000,14.00000000,0.00785612,53.47659876,0.06135548,206.33846257,
1.00000000,15.00000000,0.01159742,78.94360952,0.03488416,117.31542410,
1.00000000,16.00000000,0.00843106,57.04451877,0.00720901,24.53947247,
1.00000000,17.00000000,0.00653109,44.05875439,0.80983277,2772.86740449,
1.00000000,18.00000000,0.01253781,85.29473719,0.02745517,92.44157404,
1.00000000,19.00000000,0.00525849,35.69988021,0.04576582,154.73423380,
1.00000000,2.00000000,0.01067432,72.03030670,0.11961313,409.31613259,
1.00000000,20.00000000,0.00506873,34.23926367,0.19548828,667.59247002,
1.00000000,3.00000000,0.00927942,62.50618910,0.08090579,277.83047554,
1.00000000,4.00000000,0.00764232,51.35638524,0.99988128,3449.59041638,
1.00000000,5.00000000,0.00958431,65.23082007,0.10448624,351.49170574,
1.00000000,6.00000000,0.00994100,67.28067583,0.02109276,71.75756310,
1.00000000,7.00000000,0.00553757,37.14049667,0.05090319,176.27773713,
1.00000000,8.00000000,0.00733253,49.24525926,0.99999934,3453.99771083,
1.00000000,9.00000000,0.00707404,48.01860606,0.33556271,1134.87308961,
20.00000000,1.00000000,0.00026844,1.81119728,0.00054693,1.87215116,
20.00000000,10.00000000,0.00030002,2.02125196,0.00060214,2.06714411,
20.00000000,11.00000000,0.00028590,1.95809927,0.00058955,1.95788964,
20.00000000,12.00000000,0.00024861,1.67438148,0.00058143,1.99719733,
20.00000000,13.00000000,0.00025681,1.73400353,0.00050995,1.74300909,
20.00000000,14.00000000,0.00025896,1.76276864,0.00052129,1.75309748,
20.00000000,15.00000000,0.00025345,1.72521110,0.00052517,1.76614403,
20.00000000,16.00000000,0.00026063,1.76343668,0.00051034,1.73718700,
20.00000000,17.00000000,0.00029507,1.99056473,0.00058423,2.00041596,
20.00000000,18.00000000,0.00029813,2.02817191,0.00059648,2.00835023,
20.00000000,19.00000000,0.00026672,1.81074525,0.00057230,1.93493595,
20.00000000,2.00000000,0.00030143,2.03404861,0.00058032,1.98584324,
20.00000000,20.00000000,0.00027056,1.82764684,0.00055514,1.89578660,
20.00000000,3.00000000,0.00032491,2.18859045,0.00063191,2.16999470,
20.00000000,4.00000000,0.00024053,1.61638454,0.00060401,2.08381807,
20.00000000,5.00000000,0.00026796,1.82371155,0.00067062,2.25596619,
20.00000000,6.00000000,0.00028260,1.91263390,0.00055757,1.89686078,
20.00000000,7.00000000,0.00023782,1.59505342,0.00048153,1.66754585,
20.00000000,8.00000000,0.00028611,1.92151213,0.00060868,2.10239253,
20.00000000,9.00000000,0.00027028,1.83467321,0.00056111,1.89768315,
2.00000000,1.00000000,0.00312146,21.06049873,0.92322078,3160.18472599,
2.00000000,10.00000000,0.00368753,24.84290883,0.01481491,50.85958929,
2.00000000,11.00000000,0.00381108,26.10209960,0.02247757,74.64799367,
2.00000000,12.00000000,0.00197877,13.32701252,0.59562332,2045.96609469,
2.00000000,13.00000000,0.00243278,16.42613029,0.01514970,51.78167073,
2.00000000,14.00000000,0.00240306,16.35761336,0.00611383,20.56080058,
2.00000000,15.00000000,0.00457348,31.13169338,0.00729254,24.52480664,
2.00000000,16.00000000,0.00386714,26.16507250,0.00288011,9.80388944,
2.00000000,17.00000000,0.00193569,13.05817442,0.16931652,579.73977339,
2.00000000,18.00000000,0.00408723,27.80539243,0.00824532,27.76197937,
2.00000000,19.00000000,0.00204355,13.87369082,0.00893693,30.21577643,
2.00000000,2.00000000,0.00333940,22.53430275,0.01155978,39.55758241,
2.00000000,20.00000000,0.00164521,11.11336475,0.09786878,334.22186921,
2.00000000,3.00000000,0.00360271,24.26782328,0.01233962,42.37426843,
2.00000000,4.00000000,0.00289472,19.45254747,0.98999453,3415.48113489,
2.00000000,5.00000000,0.00306139,20.83581797,0.00758037,25.50035039,
2.00000000,6.00000000,0.00312654,21.16042413,0.00510031,17.35125069,
2.00000000,7.00000000,0.00204502,13.71593550,0.00766279,26.53625096,
2.00000000,8.00000000,0.00287387,19.30093153,0.99993996,3453.79262049,
2.00000000,9.00000000,0.00283899,19.27108192,0.04813604,162.79607252,
50.00000000,1.00000000,0.00020752,1.40011619,0.00040998,1.40336121,
50.00000000,10.00000000,0.00021737,1.46439885,0.00042574,1.46155353,
50.00000000,11.00000000,0.00020935,1.43383026,0.00043083,1.43079300,
50.00000000,12.00000000,0.00019251,1.29658664,0.00037583,1.29098569,
50.00000000,13.00000000,0.00019935,1.34603674,0.00039311,1.34363562,
50.00000000,14.00000000,0.00019566,1.33185401,0.00039547,1.32995892,
50.00000000,15.00000000,0.00018628,1.26799146,0.00037770,1.27020794,
50.00000000,16.00000000,0.00019599,1.32608701,0.00038728,1.31828696,
50.00000000,17.00000000,0.00021669,1.46177999,0.00042861,1.46755807,
50.00000000,18.00000000,0.00021260,1.44632777,0.00042523,1.43176516,
50.00000000,19.00000000,0.00020286,1.37719403,0.00041519,1.40376367,
50.00000000,2.00000000,0.00021832,1.47322453,0.00042532,1.45545066,
50.00000000,20.00000000,0.00021006,1.41897716,0.00041769,1.42642281,
50.00000000,3.00000000,0.00022167,1.49315882,0.00042848,1.47140223,
50.00000000,4.00000000,0.00018199,1.22296209,0.00035438,1.22262206,
50.00000000,5.00000000,0.00019909,1.35500158,0.00041516,1.39659621,
50.00000000,6.00000000,0.00020795,1.40743057,0.00041079,1.39751673,
50.00000000,7.00000000,0.00018349,1.23063747,0.00035649,1.23453427,
50.00000000,8.00000000,0.00021452,1.44070549,0.00041504,1.43354880,
50.00000000,9.00000000,0.00019755,1.34099309,0.00039620,1.33995901,
5.00000000,1.00000000,0.00072070,4.86254660,0.22605929,773.80095093,
5.00000000,10.00000000,0.00092448,6.22825186,0.00251061,8.61890825,
5.00000000,11.00000000,0.00092137,6.31048581,0.00187093,6.21335696,
5.00000000,12.00000000,0.00067998,4.57964055,0.22641193,777.72497707,
5.00000000,13.00000000,0.00067979,4.58994225,0.00164522,5.62336087,
5.00000000,14.00000000,0.00064748,4.40738786,0.00121791,4.09581915,
5.00000000,15.00000000,0.00087998,5.99004063,0.00184528,6.20566217,
5.00000000,16.00000000,0.00078617,5.31919716,0.00117668,4.00542842,
5.00000000,17.00000000,0.00067216,4.53436037,0.00335841,11.49920905,
5.00000000,18.00000000,0.00095816,6.51835779,0.00204577,6.88809911,
5.00000000,19.00000000,0.00068649,4.66059741,0.00185535,6.27292974,
5.00000000,2.00000000,0.00088012,5.93906881,0.00189013,6.46802596,
5.00000000,20.00000000,0.00056868,3.84140314,0.00295003,10.07435366,
5.00000000,3.00000000,0.00104090,7.01147890,0.00214733,7.37394265,
5.00000000,4.00000000,0.00075511,5.07436711,0.43921764,1515.30085949,
5.00000000,5.00000000,0.00078029,5.31067625,0.00178935,6.01935766,
5.00000000,6.00000000,0.00079155,5.35724280,0.00147706,5.02495746,
5.00000000,7.00000000,0.00064747,4.34255230,0.00152076,5.26639595,
5.00000000,8.00000000,0.00084794,5.69473634,0.68995993,2383.12160244,
5.00000000,9.00000000,0.00082934,5.62953848,0.00431704,14.60023995,