alpha,seed,time,niter,nfail,train_lossf,test_lossf,train_lossf[0],test_lossf[0],errorf[0][0],errorf[0][1],errorf1[0][0],errorf1[0][1],errorf2[0][0],errorf2[0][1],train_Srel[0],test_Srel[0],
0.00000000,1.00000000,178.79058647,838.00000000,1.00000000,91.89797660,4122.67409611,91.89797660,4122.67409611,91.89797660,0.00000000,39.55996937,737.18048033,2252.64597295,1093.28767346,17592186044416.00000000,17592186044416.00000000,
0.00000000,10.00000000,97.45317650,840.00000000,1.00000000,141.69352410,2920.20414993,141.69352410,2920.20414993,132.96485954,8.72866456,58.84854481,45.79332011,1394.96855241,1420.59373260,4398046511104.00000000,2199023255552.00000000,
0.00000000,11.00000000,90.40462708,840.00000000,1.00000000,6373.21701918,9862.91417422,6373.21701918,9862.91417422,196.32843159,6176.88858759,17.15889073,82.37219178,8865.68906229,897.69402941,0.00000000,-137438953472.00000000,
inf,1.00000000,0.00000000,0.00000000,0.00000000,637.28917086,733.84522858,637.28917086,733.84522858,41.61935818,595.66981269,17.18258763,7.68563576,41.93529783,667.04170735,0.00000000,0.00000000,
0.01000000,1.00000000,15.39500117,1147.00000000,0.00000000,3.22942811,376066.38048993,3.22942811,376066.38048993,3.17221927,0.00064815,247.16365831,28.44017913,243.43137276,375547.26598573,-5.65606839,-7.92940057,alpha,seed,time,niter,nfail,train_lossf,test_lossf,train_lossf[0],test_lossf[0],errorf[0][0],errorf[0][1],errorf1[0][0],errorf1[0][1],errorf2[0][0],errorf2[0][1],train_Srel[0],test_Srel[0],
inf,10.00000000,0.00000000,0.00000000,0.00000000,657.45570374,609.28128160,657.45570374,609.28128160,45.73743367,611.71827007,12.42287984,56.16397421,48.06818589,492.62624165,-0.00000000,0.00000000,
0.01000000,10.00000000,18.03033853,1243.00000000,0.00000000,2.83658128,73624.72711871,2.83658128,73624.72711871,2.77939530,0.00044025,40.41117365,141.82860511,1901.62430093,71540.78162711,-5.67457319,-8.14118979,alpha,seed,time,niter,nfail,train_lossf,test_lossf,train_lossf[0],test_lossf[0],errorf[0][0],errorf[0][1],errorf1[0][0],errorf1[0][1],errorf2[0][0],errorf2[0][1],train_Srel[0],test_Srel[0],
inf,11.00000000,0.00000000,0.00000000,0.00000000,642.76886855,694.97167469,642.76886855,694.97167469,44.44969848,598.31917007,14.84280796,23.54110143,43.28656198,613.30120333,0.00000000,0.00000000,
0.01000000,11.00000000,17.66969967,1497.00000000,0.00000000,2.30567310,9862.99525443,2.30567310,9862.99525443,2.24868373,0.00004672,17.15889073,82.37219178,8865.68906229,897.69402941,-5.69426551,-8.10802122,alpha,seed,time,niter,nfail,train_lossf,test_lossf,train_lossf[0],test_lossf[0],errorf[0][0],errorf[0][1],errorf1[0][0],errorf1[0][1],errorf2[0][0],errorf2[0][1],train_Srel[0],test_Srel[0],
inf,12.00000000,0.00000000,0.00000000,0.00000000,172.87144996,682.59022184,172.87144996,682.59022184,36.85866549,136.01278447,22.08648802,491.49439544,36.78912449,132.22021389,-0.00000000,0.00000000,
0.01000000,12.00000000,12.05803609,1369.00000000,0.00000000,1.56381456,1762.80004830,1.56381456,1762.80004830,1.50698005,0.00001287,569.13612609,347.15809520,395.36880806,451.05560122,-5.68216420,-8.14177220,alpha,seed,time,niter,nfail,train_lossf,test_lossf,train_lossf[0],test_lossf[0],errorf[0][0],errorf[0][1],errorf1[0][0],errorf1[0][1],errorf2[0][0],errorf2[0][1],train_Srel[0],test_Srel[0],
inf,13.00000000,0.00000000,0.00000000,0.00000000,182.84471424,684.13433632,182.84471424,684.13433632,42.18728811,140.65742614,16.52947154,486.65709301,42.77223058,138.17554120,0.00000000,0.00000000,
0.01000000,13.00000000,11.93483591,1641.00000000,0.00000000,3.56386345,414.21103328,3.56386345,414.21103328,3.50712442,0.00041248,73.81507917,0.01876457,58.31109444,281.98472700,-5.63265536,-8.13681086,alpha,seed,time,niter,nfail,train_lossf,test_lossf,train_lossf[0],test_lossf[0],errorf[0][0],errorf[0][1],errorf1[0][0],errorf1[0][1],errorf2[0][0],errorf2[0][1],train_Srel[0],test_Srel[0],
inf,14.00000000,0.00000000,0.00000000,0.00000000,176.27322384,680.57727686,176.27322384,680.57727686,41.05201510,135.22120874,18.05589646,493.94546378,40.44264038,128.13327624,0.00000000,-0.00000000,
0.01000000,14.00000000,14.34117079,1148.00000000,0.00000000,2.11487050,42088.23368549,2.11487050,42088.23368549,2.05769757,0.00000000,884.27948016,13.34101146,187.75430965,41002.77767834,-5.71729321,-8.12058806,alpha,seed,time,niter,nfail,train_lossf,test_lossf,train_lossf[0],test_lossf[0],errorf[0][0],errorf[0][1],errorf1[0][0],errorf1[0][1],errorf2[0][0],errorf2[0][1],train_Srel[0],test_Srel[0],
inf,15.00000000,0.00000000,0.00000000,0.00000000,123.90927330,676.78192240,123.90927330,676.78192240,40.88237774,83.02689556,18.11038166,548.42380966,40.68466757,69.56306350,0.00000000,-0.00000000,
0.01000000,15.00000000,12.44467258,1009.00000000,0.00000000,1.82248497,44500.97095476,1.82248497,44500.97095476,1.76429159,0.00058904,845.62214280,206.73905162,11964.56491782,31483.96363663,-5.76043401,-8.12058871,alpha,seed,time,niter,nfail,train_lossf,test_lossf,train_lossf[0],test_lossf[0],errorf[0][0],errorf[0][1],errorf1[0][0],errorf1[0][1],errorf2[0][0],errorf2[0][1],train_Srel[0],test_Srel[0],
inf,16.00000000,0.00000000,0.00000000,0.00000000,484.94959446,749.88977989,484.94959446,749.88977989,36.26470609,448.68488838,23.73073133,146.02156374,33.11384394,547.02364087,0.00000000,-0.00000000,
0.01000000,16.00000000,8.98330736,863.00000000,0.00000000,1.52973478,1319.23135893,1.52973478,1319.23135893,1.47361255,0.00080135,72.91410119,948.39682255,211.71923072,86.11987740,-5.53208810,-8.13270648,alpha,seed,time,niter,nfail,train_lossf,test_lossf,train_lossf[0],test_lossf[0],errorf[0][0],errorf[0][1],errorf1[0][0],errorf1[0][1],errorf2[0][0],errorf2[0][1],train_Srel[0],test_Srel[0],
inf,17.00000000,0.00000000,0.00000000,0.00000000,565.62349740,690.17597846,565.62349740,690.17597846,45.25486995,520.36862745,13.92952227,103.25715782,44.52529404,528.46400433,0.00000000,-0.00000000,
0.01000000,17.00000000,8.60419941,1002.00000000,0.00000000,1.67013220,1192.47676474,1.67013220,1192.47676474,1.61242256,0.00030533,360.96368907,0.00000000,737.97242638,93.45926364,-5.74043096,-8.13856474,alpha,seed,time,niter,nfail,train_lossf,test_lossf,train_lossf[0],test_lossf[0],errorf[0][0],errorf[0][1],errorf1[0][0],errorf1[0][1],errorf2[0][0],errorf2[0][1],train_Srel[0],test_Srel[0],
inf,18.00000000,0.00000000,0.00000000,0.00000000,614.80232180,693.07673794,614.80232180,693.07673794,49.81679864,564.98552317,9.64430750,59.28967517,48.24736903,575.89538625,0.00000000,0.00000000,
0.01000000,18.00000000,26.70610595,2096.00000000,0.00000000,2.27264069,122582.26636756,2.27264069,122582.26636756,2.21537712,0.00024492,125.50457239,139.53061044,121.28952129,122195.86044567,-5.70186565,-8.12177742,alpha,seed,time,niter,nfail,train_lossf,test_lossf,train_lossf[0],test_lossf[0],errorf[0][0],errorf[0][1],errorf1[0][0],errorf1[0][1],errorf2[0][0],errorf2[0][1],train_Srel[0],test_Srel[0],
inf,19.00000000,0.00000000,0.00000000,0.00000000,605.85759964,722.94978670,605.85759964,722.94978670,37.21838440,568.63921524,21.06233714,39.64432869,39.14579889,623.09732198,0.00000000,0.00000000,
0.01000000,19.00000000,7.98718429,834.00000000,0.00000000,2.26374128,16614.61914029,2.26374128,16614.61914029,2.20728888,0.00005823,3136.86891901,9895.14581818,108.50627252,3474.01687132,-5.63941651,-8.12592680,
0.00000000,12.00000000,80.07287264,840.00000000,1.00000000,242.63994021,33000.89645120,242.63994021,33000.89645120,218.66172217,23.97821804,34.97432056,1.11752908,27645.15992973,5319.64467182,0.00000000,-9444732965739290427392.00000000,alpha,seed,time,niter,nfail,train_lossf,test_lossf,train_lossf[0],test_lossf[0],errorf[0][0],errorf[0][1],errorf1[0][0],errorf1[0][1],errorf2[0][0],errorf2[0][1],train_Srel[0],test_Srel[0],
inf,2.00000000,0.00000000,0.00000000,0.00000000,733.31510447,567.58851736,733.31510447,567.58851736,48.20395129,685.11115318,11.28817497,4.81132928,46.51717240,504.97184071,-0.00000000,0.00000000,
0.01000000,2.00000000,12.08796954,1319.00000000,0.00000000,3.81629061,1036.90270512,3.81629061,1036.90270512,3.75722845,0.00046185,191.51311639,0.00000000,95.13230723,750.17590169,-5.86003095,-8.13798045,alpha,seed,time,niter,nfail,train_lossf,test_lossf,train_lossf[0],test_lossf[0],errorf[0][0],errorf[0][1],errorf1[0][0],errorf1[0][1],errorf2[0][0],errorf2[0][1],train_Srel[0],test_Srel[0],
inf,20.00000000,0.00000000,0.00000000,0.00000000,594.29254457,732.09067299,594.29254457,732.09067299,38.81383599,555.47870857,20.31364603,48.84427326,38.16180553,624.77094817,-0.00000000,-0.00000000,
0.01000000,20.00000000,13.05383325,1346.00000000,0.00000000,1.87471052,4122.75545544,1.87471052,4122.75545544,1.81757655,0.00056342,1976.64773714,0.00000000,315.55820518,1830.46815379,-5.65705438,-8.13593277,
0.00000000,13.00000000,69.46339059,839.00000000,1.00000000,128.24161765,3685.77914674,128.24161765,3685.77914674,74.46622788,53.77538977,343.45824172,1928.48324266,65.55817241,1348.27948995,-1024.00000000,0.00000000,alpha,seed,time,niter,nfail,train_lossf,test_lossf,train_lossf[0],test_lossf[0],errorf[0][0],errorf[0][1],errorf1[0][0],errorf1[0][1],errorf2[0][0],errorf2[0][1],train_Srel[0],test_Srel[0],
inf,3.00000000,0.00000000,0.00000000,0.00000000,656.87006408,593.41116744,656.87006408,593.41116744,55.40612632,601.46393776,3.15672526,75.98963012,56.45022751,457.81458454,0.00000000,-0.00000000,
0.01000000,3.00000000,7.72095609,981.00000000,0.00000000,3.64762220,72.88376352,3.64762220,72.88376352,3.58511071,0.00786316,17.33230102,0.00000000,55.45939506,0.01065263,-5.46483367,-8.14148104,
0.00000000,14.00000000,67.82841086,840.00000000,1.00000000,832.22793859,3963.13352338,832.22793859,3963.13352338,832.22793859,0.00000000,58.84134331,0.00000000,3904.29218006,0.00000000,0.00000000,-35184372088832.00000000,alpha,seed,time,niter,nfail,train_lossf,test_lossf,train_lossf[0],test_lossf[0],errorf[0][0],errorf[0][1],errorf1[0][0],errorf1[0][1],errorf2[0][0],errorf2[0][1],train_Srel[0],test_Srel[0],
inf,4.00000000,0.00000000,0.00000000,0.00000000,74.58152487,685.14661399,74.58152487,685.14661399,35.23741879,39.34410608,23.53791010,586.49705036,35.64392436,39.46772917,-0.00000000,-0.00000000,
0.01000000,4.00000000,7.40891409,938.00000000,0.00000000,1.46875066,33000.97791249,1.46875066,33000.97791249,1.41375303,0.00003185,138.49390400,4721.66607242,27541.64034630,599.09612848,-5.49657755,-8.14612951,
0.00000000,15.00000000,93.79985261,841.00000000,1.00000000,38.73227587,1192.39537909,38.73227587,1192.39537909,38.73227587,0.00000000,314.27263590,0.00000000,784.66347955,93.45926364,-206158430208.00000000,0.00000000,alpha,seed,time,niter,nfail,train_lossf,test_lossf,train_lossf[0],test_lossf[0],errorf[0][0],errorf[0][1],errorf1[0][0],errorf1[0][1],errorf2[0][0],errorf2[0][1],train_Srel[0],test_Srel[0],
inf,5.00000000,0.00000000,0.00000000,0.00000000,557.50992567,807.00156177,557.50992567,807.00156177,41.37944604,516.13047963,17.45496197,54.47834588,41.67642723,693.39182668,0.00000000,-0.00000000,
0.01000000,5.00000000,19.13962126,2183.00000000,0.00000000,4.11194425,420318.29820421,4.11194425,420318.29820421,4.05169725,0.00318374,158.01574312,2.28335736,362.86206421,419795.05583065,-5.70632619,-8.12088602,
0.00000000,16.00000000,79.05487347,840.00000000,1.00000000,46.09554157,152269.08180736,46.09554157,152269.08180736,46.09554157,0.00000000,257.01144825,3084.81668749,73.32848009,148853.92519152,-70368744177664.00000000,0.00000000,alpha,seed,time,niter,nfail,train_lossf,test_lossf,train_lossf[0],test_lossf[0],errorf[0][0],errorf[0][1],errorf1[0][0],errorf1[0][1],errorf2[0][0],errorf2[0][1],train_Srel[0],test_Srel[0],
inf,6.00000000,0.00000000,0.00000000,0.00000000,536.83594159,802.19652798,536.83594159,802.19652798,42.45342696,494.38251463,17.52842886,77.68623920,39.28471733,667.69714258,-0.00000000,-0.00000000,
0.01000000,6.00000000,10.12201405,1091.00000000,0.00000000,3.33622901,280.62291773,3.33622901,280.62291773,3.27518740,0.00081748,79.61632431,0.00000000,188.96597543,11.95929680,-6.02241292,-8.13211843,
0.00000000,17.00000000,84.33553433,842.00000000,1.00000000,52305.21295437,4094.51470894,52305.21295437,4094.51470894,1851.20462924,50454.00832513,213.78385320,0.00000000,2505.46875265,1375.26210308,0.00000000,256.00000000,alpha,seed,time,niter,nfail,train_lossf,test_lossf,train_lossf[0],test_lossf[0],errorf[0][0],errorf[0][1],errorf1[0][0],errorf1[0][1],errorf2[0][0],errorf2[0][1],train_Srel[0],test_Srel[0],
inf,7.00000000,0.00000000,0.00000000,0.00000000,94.88695949,680.04091061,94.88695949,680.04091061,32.99007326,61.89688624,25.90276383,566.66940361,33.08031974,54.38842343,0.00000000,0.00000000,
0.01000000,7.00000000,13.62987590,1440.00000000,0.00000000,3.15745130,73624.72720572,3.15745130,73624.72720572,3.10240441,0.00013547,72.65523070,52081.66312844,1869.38024388,19600.94710378,-5.49114180,-8.14989054,
0.00000000,18.00000000,82.94076037,839.00000000,1.00000000,3335.61906879,1223.26856779,3335.61906879,1223.26856779,362.59707986,2973.02198893,1138.76824789,0.00000000,76.35256024,8.14775966,0.00000000,0.00000000,alpha,seed,time,niter,nfail,train_lossf,test_lossf,train_lossf[0],test_lossf[0],errorf[0][0],errorf[0][1],errorf1[0][0],errorf1[0][1],errorf2[0][0],errorf2[0][1],train_Srel[0],test_Srel[0],
inf,8.00000000,0.00000000,0.00000000,0.00000000,658.79137463,625.94130750,658.79137463,625.94130750,46.58428373,612.20709090,13.17375145,46.90189342,44.11985919,521.74580344,0.00000000,-0.00000000,
0.01000000,8.00000000,10.97361636,1404.00000000,0.00000000,2.21587206,67438.22006607,2.21587206,67438.22006607,2.16143709,0.00003893,85.65563985,1008.83147695,128.26236147,66215.38911492,-5.43960407,-8.14728826,
0.00000000,19.00000000,68.30371261,839.00000000,1.00000000,504.70387442,6397.75813061,504.70387442,6397.75813061,74.87770853,429.82616590,71.16753638,780.33950628,90.56260416,5455.68848379,0.00000000,2199023255552.00000000,alpha,seed,time,niter,nfail,train_lossf,test_lossf,train_lossf[0],test_lossf[0],errorf[0][0],errorf[0][1],errorf1[0][0],errorf1[0][1],errorf2[0][0],errorf2[0][1],train_Srel[0],test_Srel[0],
inf,9.00000000,0.00000000,0.00000000,0.00000000,179.57843553,695.97153518,179.57843553,695.97153518,41.64199581,137.93643973,17.18521306,482.68489598,41.92904272,154.17238341,0.00000000,0.00000000,
0.01000000,9.00000000,14.54341102,1697.00000000,0.00000000,1.64397162,44500.97101395,1.64397162,44500.97101395,1.58575987,0.00051283,932.29281803,30796.86523673,11877.89424340,893.83745356,-5.76989191,-8.12622253,
0.00000000,2.00000000,114.47821522,840.00000000,1.00000000,541.75490396,930.96292559,541.75490396,930.96292559,540.54782628,1.20707768,451.25735691,68.95698286,396.46388684,14.28469899,1099511627776.00000000,-1099511627776.00000000,
0.00000000,20.00000000,92.73049283,842.00000000,1.00000000,110.53013918,4122.67409611,110.53013918,4122.67409611,110.53013918,0.00000000,1976.64773714,0.00000000,315.55820518,1830.46815379,-2.00000000,-8.00000000,
0.00000000,3.00000000,67.65562367,843.00000000,1.00000000,6268.22613190,3685.77914674,6268.22613190,3685.77914674,659.03101286,5609.19511904,45.79817759,609.13722017,363.21823654,2667.62551243,0.00000000,-17179869184.00000000,
0.00000000,4.00000000,61.87498140,839.00000000,1.00000000,152.61411244,3963.13352338,152.61411244,3963.13352338,41.99292541,110.62118703,183.35131858,0.00000000,3779.78220480,0.00000000,70368744177664.00000000,-70368744177664.00000000,
0.00000000,5.00000000,78.90613055,841.00000000,1.00000000,363.42957924,66897.19622756,363.42957924,66897.19622756,363.42957924,0.00000000,57.88721434,1896.17309162,130.84042084,64812.29550076,-70368744177664.00000000,0.00000000,
0.00000000,6.00000000,0.23937225,8.00000000,0.00000000,2484.81313880,33404.91207300,2484.81313880,33404.91207300,469.19999149,2015.61314730,17.15076011,315.93318875,150.64137025,32921.18675390,0.00000000,0.00000000,
0.00000000,7.00000000,62.51481485,841.00000000,1.00000000,219.25253980,33404.91207300,219.25253980,33404.91207300,172.25764669,46.99489310,108.66113752,32640.89446152,59.13099284,596.22548112,0.00000000,-302231454903657293676544.00000000,
0.00000000,8.00000000,76.33503842,839.00000000,1.00000000,994.04856789,3963.13352338,994.04856789,3963.13352338,51.07642722,942.97214068,99.01185419,0.00000000,3864.12166918,0.00000000,13510798882111488.00000000,-9007199254740992.00000000,
0.00000000,9.00000000,109.74370170,842.00000000,1.00000000,32950.80376867,6415.36347603,32950.80376867,6415.36347603,27630.04156776,5320.76220090,70.49721014,5680.13200130,164.27533200,500.45893259,0.00000000,0.00000000,
0.10000000,1.00000000,4.58018303,314.00000000,0.00000000,3.72698636,158466.00026942,3.72698636,158466.00026942,3.18780956,0.00077513,233.87515458,71.12526659,153.28650721,158006.96603850,-5.38401670,-7.47302539,
0.10000000,10.00000000,2.43025851,374.00000000,0.00000000,3.33345310,72807.85497171,3.33345310,72807.85497171,2.79674908,0.00012448,40.27823155,139.70262613,1881.14073606,70745.92263905,-5.36579549,-8.10738906,
0.10000000,11.00000000,3.63512492,496.00000000,0.00000000,2.80612014,9863.72497114,2.80612014,9863.72497114,2.26147075,0.00010690,17.15889072,82.37219163,8865.68905845,897.69402823,-5.44542490,-8.10802121,
0.10000000,12.00000000,2.30354023,422.00000000,0.00000000,2.06215391,1763.53044120,2.06215391,1763.53044120,1.52326512,0.00001374,569.13547000,347.15755583,395.36835855,451.05488055,-5.38875049,-8.14176268,
0.10000000,13.00000000,2.84931350,555.00000000,0.00000000,4.05802640,412.63907996,4.05802640,412.63907996,3.52636809,0.00029104,73.68523481,0.01258925,57.72740105,280.40386973,-5.31367276,-8.09985127,
0.10000000,14.00000000,3.79417133,321.00000000,0.00000000,2.62028218,39206.39450243,2.62028218,39206.39450243,2.07404356,0.00000000,824.62471726,11.24231932,177.74126979,38191.98897389,-5.46238623,-7.97222166,
0.10000000,15.00000000,1.97718859,241.00000000,0.00000000,2.32593530,22049.11510601,2.32593530,22049.11510601,1.78157253,0.00052731,434.19296447,76.48151881,6083.98808724,15453.70064298,-5.43835467,-7.51892519,
0.10000000,16.00000000,1.58156538,232.00000000,0.00000000,2.01324660,462.51193425,2.01324660,462.51193425,1.49102071,0.00064000,33.67023138,327.55743841,88.05385094,12.49156776,-5.21585902,-7.38845769,
0.10000000,17.00000000,2.03273654,295.00000000,0.00000000,2.16935870,1193.20923557,2.16935870,1193.20923557,1.63791719,0.00040112,360.96368907,0.00000000,737.97242638,93.45926364,-5.31040383,-8.13856474,
0.10000000,18.00000000,3.68301964,563.00000000,0.00000000,2.77331584,120668.23615709,2.77331584,120668.23615709,2.22883259,0.00002818,123.57243016,136.16472490,119.16382785,120288.52824036,-5.44455069,-8.06933829,
0.10000000,19.00000000,1.70903254,203.00000000,0.00000000,2.75803637,16614.86325551,2.75803637,16614.86325551,2.22673117,0.00009027,3136.78336326,9894.85212612,108.50299718,3473.91219455,-5.31214939,-8.12574396,
0.10000000,2.00000000,1.61722922,349.00000000,0.00000000,4.33080712,1037.63448735,4.33080712,1037.63448735,3.77451719,0.00022584,191.51306672,0.00000000,95.13224181,750.17538119,-5.56064090,-8.13797620,
0.10000000,20.00000000,2.82009459,419.00000000,0.00000000,2.37292982,4122.31498947,2.37292982,4122.31498947,1.83404190,0.00013263,1976.10510909,0.00000000,315.51101748,1829.88540261,-5.38755295,-8.13460287,
0.10000000,3.00000000,1.12459850,303.00000000,0.00000000,4.12641463,73.32073467,4.12641463,73.32073467,3.59680906,0.00036753,17.24190043,0.00000000,55.25524743,0.01074646,-5.29238034,-8.12840360,
0.10000000,4.00000000,1.60353279,279.00000000,0.00000000,1.94997031,33001.71106415,1.94997031,33001.71106415,1.42886568,0.00036437,138.49390400,4721.66607242,27541.64034630,599.09612848,-5.20740265,-8.14612951,
0.10000000,5.00000000,8.07089591,720.00000000,0.00000000,4.61444152,420137.02116351,4.61444152,420137.02116351,4.06294808,0.00014234,157.99448534,2.27852368,362.71524610,419613.22102575,-5.51351097,-8.11882628,
0.10000000,6.00000000,1.44607735,276.00000000,0.00000000,3.86276334,2768.15359231,3.86276334,2768.15359231,3.29360459,0.00003594,79.09120102,0.04794310,75.51618775,2612.77582438,-5.69122811,-7.22436070,
0.10000000,7.00000000,2.86223555,394.00000000,0.00000000,3.64183887,73625.04599535,3.64183887,73625.04599535,3.11524861,0.00013560,72.65483214,52081.37112732,1869.36993399,19600.83511666,-5.26454663,-8.14985247,
0.10000000,8.00000000,1.97101974,349.00000000,0.00000000,2.68973778,67438.49851978,2.68973778,67438.49851978,2.17656595,0.00032281,85.65578555,1008.82385454,128.26170453,66214.94245104,-5.12849019,-8.14724125,
0.10000000,9.00000000,5.39023113,546.00000000,0.00000000,2.14417946,44501.70227940,2.14417946,44501.70227940,1.61049813,0.00001650,932.29281618,30796.86517095,11877.89421865,893.83745136,-5.33664821,-8.12622251,
1000000.00000000,1.00000000,6.81963634,550.00000000,0.00000000,627.25837721,722.81325161,627.25837721,722.81325161,41.64049440,576.93916873,17.17936050,7.70306094,41.95014365,647.08113443,-0.00000868,-0.00000890,
1000000.00000000,10.00000000,3.69667554,366.00000000,0.00000000,646.20586958,601.09547038,646.20586958,601.09547038,45.76504537,588.89501093,12.42329580,56.28998589,48.09940766,473.31353559,-0.00001155,-0.00001097,
1000000.00000000,11.00000000,1.24588943,247.00000000,0.00000000,633.00714915,684.10999752,633.00714915,684.10999752,44.47897939,579.08507643,14.82657661,23.42561388,43.31487733,592.81831785,-0.00000944,-0.00000972,
1000000.00000000,12.00000000,1.64882064,180.00000000,0.00000000,172.09465084,682.29908341,172.09465084,682.29908341,36.83357017,134.46214746,22.08787135,491.99330749,36.76859145,130.62061729,-0.00000080,-0.00000083,
1000000.00000000,13.00000000,1.52062011,237.00000000,0.00000000,182.23081201,683.65883542,182.23081201,683.65883542,42.18542313,139.45478173,16.51606934,486.80428972,42.77121325,136.95590277,-0.00000059,-0.00000061,
1000000.00000000,14.00000000,1.83271837,193.00000000,0.00000000,175.51023105,680.10351089,175.51023105,680.10351089,41.04695529,133.68595062,18.04682606,494.08770198,40.43798287,126.81788403,-0.00000078,-0.00000071,
1000000.00000000,15.00000000,1.14158106,215.00000000,0.00000000,123.32460010,676.35218028,123.32460010,676.35218028,40.87355091,81.79861467,18.11088925,548.33589474,40.67575772,68.69287572,-0.00000065,-0.00000054,
1000000.00000000,16.00000000,1.85964799,215.00000000,0.00000000,476.30761010,737.78192470,476.30761010,737.78192470,36.28087125,431.61088089,23.74870265,146.22080313,33.12479839,524.99326372,-0.00000842,-0.00000969,
1000000.00000000,17.00000000,1.45982218,313.00000000,0.00000000,555.86364481,680.40129009,555.86364481,680.40129009,45.29496837,500.86835530,13.92270116,103.32766166,44.55433412,508.79971100,-0.00000970,-0.00000980,
1000000.00000000,18.00000000,3.90984869,420.00000000,0.00000000,604.65912143,682.42368979,604.65912143,682.42368979,49.84311646,544.43237653,9.64205205,59.40041820,48.26517231,554.59487263,-0.00001038,-0.00001052,
1000000.00000000,19.00000000,2.63468122,323.00000000,0.00000000,596.07841204,711.71972641,596.07841204,711.71972641,37.25983702,548.57109193,21.04593219,39.65303390,39.19359085,601.17816693,-0.00001025,-0.00001065,
1000000.00000000,2.00000000,2.45233870,499.00000000,0.00000000,721.06757864,560.76533411,721.06757864,560.76533411,48.21256070,659.58024438,11.29774341,4.73517913,46.52928471,487.95311978,-0.00001327,-0.00001025,
1000000.00000000,20.00000000,3.37396550,457.00000000,0.00000000,585.25787997,719.77545537,585.25787997,719.77545537,38.84610583,536.59899738,20.30558561,48.79769185,38.19118010,601.26076433,-0.00000981,-0.00001122,
1000000.00000000,3.00000000,2.41290641,449.00000000,0.00000000,645.29595707,586.28637883,645.29595707,586.28637883,55.42083258,578.26870989,3.15781239,75.89994650,56.47210535,440.76835939,-0.00001161,-0.00000999,
1000000.00000000,4.00000000,1.42552876,183.00000000,0.00000000,74.33125706,684.77962397,74.33125706,684.77962397,35.23670050,38.85717970,23.53896597,586.32394122,35.64266165,39.06794829,-0.00000024,-0.00000021,
1000000.00000000,5.00000000,3.41727734,626.00000000,0.00000000,548.70945015,793.26227663,548.70945015,793.26227663,41.40005586,498.99555755,17.45635999,54.65770709,41.69682454,669.46084021,-0.00000831,-0.00000999,
1000000.00000000,6.00000000,2.99750829,404.00000000,0.00000000,528.71865760,787.93321451,528.71865760,787.93321451,42.48338520,478.43467028,17.53003480,77.78600870,39.30676498,643.35222708,-0.00000780,-0.00000996,
1000000.00000000,7.00000000,1.25587964,171.00000000,0.00000000,94.67382288,679.86292483,94.67382288,679.86292483,32.98815591,61.47811974,25.89422145,566.67447281,33.07702435,54.03175378,-0.00000021,-0.00000019,
1000000.00000000,8.00000000,3.18850183,411.00000000,0.00000000,647.57822579,617.89566331,647.57822579,617.89566331,46.58133572,589.65569730,13.19731608,46.79952141,44.11216276,503.75161436,-0.00001134,-0.00001004,
1000000.00000000,9.00000000,0.92179966,142.00000000,0.00000000,178.79635697,695.62880173,178.79635697,695.62880173,41.62542911,136.40748870,17.17906379,483.24691080,41.91255061,152.51888591,-0.00000076,-0.00000077,
100000.00000000,1.00000000,2.73031855,483.00000000,0.00000000,555.74380064,643.77034762,555.74380064,643.77034762,41.76523971,450.24957596,17.16895952,7.81596063,42.02740122,511.34071648,-0.00063729,-0.00065417,
100000.00000000,10.00000000,5.54847670,474.00000000,0.00000000,567.13780886,541.74405386,567.13780886,541.74405386,45.95368948,449.55579583,12.40617342,56.83080657,48.30911400,356.67931677,-0.00071628,-0.00067519,
100000.00000000,11.00000000,2.30516577,359.00000000,0.00000000,563.45944845,607.46112015,563.45944845,607.46112015,44.66189098,454.64023974,14.70880558,22.64343554,43.49727668,460.67410997,-0.00064157,-0.00065937,
100000.00000000,12.00000000,3.24298143,277.00000000,0.00000000,165.63438634,679.95170779,165.63438634,679.95170779,36.62674499,122.16767995,22.09904706,496.17558977,36.59991230,118.04986028,-0.00006840,-0.00007027,
100000.00000000,13.00000000,1.74692869,315.00000000,0.00000000,177.03267651,679.59162938,177.03267651,679.59162938,42.16735604,129.40960043,16.40333195,487.97919815,42.76005366,126.87268835,-0.00005456,-0.00005576,
100000.00000000,14.00000000,2.22442937,256.00000000,0.00000000,169.16631019,676.28188441,169.16631019,676.28188441,41.00065512,121.49867841,17.96842947,495.52115910,40.39526724,116.16486147,-0.00006667,-0.00006232,
100000.00000000,15.00000000,2.08185482,329.00000000,0.00000000,118.49393007,672.78808791,118.49393007,672.78808791,40.79298177,72.67990792,18.11702289,547.80487552,40.59498358,62.05217483,-0.00005021,-0.00004219,
100000.00000000,16.00000000,2.13837075,319.00000000,0.00000000,415.33357868,654.79087000,415.33357868,654.79087000,36.38926954,325.05214527,23.87578565,147.41147540,33.20088790,388.61549336,-0.00053892,-0.00061687,
100000.00000000,17.00000000,3.00041914,428.00000000,0.00000000,487.53505047,611.59787303,487.53505047,611.59787303,45.54752577,382.75268837,13.88123766,103.57934778,44.73563107,389.40526167,-0.00059235,-0.00059996,
100000.00000000,18.00000000,15.60591888,663.00000000,0.00000000,532.72639722,607.38366027,532.72639722,607.38366027,50.00332658,418.11157319,9.62223613,60.07210017,48.37139278,423.84046396,-0.00064611,-0.00065477,
100000.00000000,19.00000000,2.45893788,438.00000000,0.00000000,526.61920129,632.80522176,526.61920129,632.80522176,37.51529056,426.39150061,20.94027001,39.40708174,39.48670735,467.98376586,-0.00062712,-0.00064987,
100000.00000000,2.00000000,3.26959300,664.00000000,0.00000000,635.21616417,508.60901433,635.21616417,508.60901433,48.22898938,508.97818103,11.36443368,4.25401050,46.57487922,384.64971093,-0.00078009,-0.00061766,
100000.00000000,20.00000000,6.02247000,744.00000000,0.00000000,520.57159764,635.09681819,520.57159764,635.09681819,39.03781932,424.63753397,20.24134179,48.16734796,38.37312123,464.17698858,-0.00056896,-0.00064138,
100000.00000000,3.00000000,2.59160638,501.00000000,0.00000000,564.58567590,533.33700514,564.58567590,533.33700514,55.47753417,438.96979652,3.16659002,75.22868721,56.57942417,337.26811348,-0.00070138,-0.00061094,
100000.00000000,4.00000000,1.86742830,235.00000000,0.00000000,72.28043983,681.66113991,72.28043983,681.66113991,35.22901743,34.91626091,23.54918912,584.81376594,35.63005894,35.80490332,-0.00002135,-0.00001863,
100000.00000000,5.00000000,5.65418220,556.00000000,0.00000000,485.63165437,697.53707867,485.63165437,697.53707867,41.55620362,386.32459051,17.43842391,55.86549436,41.85377370,513.55343385,-0.00057751,-0.00068826,
100000.00000000,6.00000000,4.06162739,686.00000000,0.00000000,470.48773137,690.14991486,470.48773137,690.14991486,42.68568869,374.81774865,17.54452672,78.30998117,39.45460480,488.01692323,-0.00052984,-0.00066824,
100000.00000000,7.00000000,1.31187177,250.00000000,0.00000000,92.84045363,678.30797871,92.84045363,678.30797871,32.97141958,57.92167098,25.82002756,566.69638317,33.04853937,51.00335641,-0.00001947,-0.00001740,
100000.00000000,8.00000000,3.54159021,458.00000000,0.00000000,568.98635245,558.92967363,568.98635245,558.92967363,46.53399189,453.44564341,13.34316782,45.97120408,44.02813660,394.13970715,-0.00069007,-0.00061447,
100000.00000000,9.00000000,1.18282294,210.00000000,0.00000000,172.29175416,692.90994689,172.29175416,692.90994689,41.48831238,124.15875310,17.12599465,488.03867458,41.77593510,139.27996252,-0.00006645,-0.00006689,
10000.00000000,1.00000000,8.91143107,635.00000000,0.00000000,317.60156399,377.72794839,317.60156399,377.72794839,41.39225695,154.73164477,17.33935174,7.81499261,41.48975992,185.10976532,-0.01214777,-0.01259741,
10000.00000000,10.00000000,3.08418870,303.00000000,0.00000000,315.88101637,339.78937768,315.88101637,339.78937768,46.34438015,147.54657175,12.09137143,54.27465318,48.70187695,112.13999410,-0.01219901,-0.01125815,
10000.00000000,11.00000000,1.94965863,292.00000000,0.00000000,328.52787878,358.53561026,328.52787878,358.53561026,44.62799407,162.79314308,14.21676784,21.16232066,43.55327284,156.57217941,-0.01211067,-0.01230311,
10000.00000000,12.00000000,3.00584459,273.00000000,0.00000000,127.92068150,667.89570564,127.92068150,667.89570564,35.34843414,65.23428402,22.15866337,521.46714793,35.56183257,60.94114522,-0.00273380,-0.00277669,
10000.00000000,13.00000000,1.70089316,325.00000000,0.00000000,143.82108017,657.43684353,143.82108017,657.43684353,41.89459886,76.40176645,15.64129216,499.42903557,42.53513185,74.34251550,-0.00255247,-0.00254889,
10000.00000000,14.00000000,1.74443483,267.00000000,0.00000000,132.25377935,656.36041675,132.25377935,656.36041675,40.57033814,64.97320243,17.44595562,508.91093509,39.99877128,64.05425659,-0.00267102,-0.00259505,
10000.00000000,15.00000000,1.04009962,300.00000000,0.00000000,92.25857408,653.37938583,92.25857408,653.37938583,40.11963442,34.07778595,18.17979312,547.59714800,39.92496525,31.60740077,-0.00180612,-0.00160701,
10000.00000000,16.00000000,2.80094719,427.00000000,0.00000000,223.48031823,410.58424039,223.48031823,410.58424039,36.49919268,96.28840521,24.32721352,145.88292476,33.30597388,106.27719033,-0.00906927,-0.01007909,
10000.00000000,17.00000000,2.06643820,419.00000000,0.00000000,273.98233239,390.62491336,273.98233239,390.62491336,45.88235696,126.00737194,13.81690018,99.94584919,44.87123516,127.35960796,-0.01020926,-0.01046313,
10000.00000000,18.00000000,6.20752072,523.00000000,0.00000000,297.44816517,365.36118270,297.44816517,365.36118270,50.01458027,130.22119228,9.47755355,60.44415741,48.26138819,128.26820042,-0.01172124,-0.01189099,
10000.00000000,19.00000000,2.92797995,447.00000000,0.00000000,298.05840811,375.95545861,298.05840811,375.95545861,37.92972629,144.65501329,20.60091590,34.20781159,39.95988034,162.32834604,-0.01154737,-0.01188585,
10000.00000000,2.00000000,3.07143140,551.00000000,0.00000000,359.53063283,313.93117362,359.53063283,313.93117362,47.53492923,174.71931176,11.63238629,2.90890382,46.06971508,136.30045715,-0.01372764,-0.01170197,
10000.00000000,20.00000000,4.96399426,653.00000000,0.00000000,304.06441160,370.75766619,304.06441160,370.75766619,39.21730606,154.46875352,19.80923948,40.01748414,38.64292401,154.44658027,-0.01103784,-0.01178414,
10000.00000000,3.00000000,3.11028433,601.00000000,0.00000000,311.47942751,346.20152928,311.47942751,346.20152928,54.98504266,133.87824254,3.21236906,71.62360109,56.26033710,105.25973815,-0.01226161,-0.01098455,
10000.00000000,4.00000000,2.34250307,312.00000000,0.00000000,61.11452598,662.60010634,61.11452598,662.60010634,35.02720173,18.38205087,23.66205271,575.51426910,35.38701369,20.95582751,-0.00077053,-0.00070809,
10000.00000000,5.00000000,6.03535533,662.00000000,0.00000000,273.44349189,404.09863644,273.44349189,404.09863644,42.05881494,125.23417425,16.92282627,58.36042481,42.37070054,163.61915013,-0.01061505,-0.01228255,
10000.00000000,6.00000000,3.01868343,530.00000000,0.00000000,274.23788019,403.49572700,274.23788019,403.49572700,43.00978506,132.38874033,17.60053048,75.36100848,39.64484878,153.23116961,-0.00988394,-0.01176582,
10000.00000000,7.00000000,4.66713738,331.00000000,0.00000000,80.01205567,667.30638020,80.01205567,667.30638020,32.77754713,36.62711219,25.31148909,566.86911736,32.78492177,32.88026811,-0.00106074,-0.00094606,
10000.00000000,8.00000000,2.50163937,539.00000000,0.00000000,318.87713235,351.41644584,318.87713235,351.41644584,45.89965082,149.49054514,13.63124893,41.25356799,43.22584086,139.82227538,-0.01234869,-0.01134835,
10000.00000000,9.00000000,1.17656064,211.00000000,0.00000000,134.36398177,679.13988288,134.36398177,679.13988288,40.62496620,66.29136147,16.76815098,517.89621451,40.93131551,75.82908922,-0.00274477,-0.00277151,
1000.00000000,1.00000000,3.95190573,398.00000000,0.00000000,106.37554910,139.36670672,106.37554910,139.36670672,36.93631896,14.96897517,17.87035397,6.39553762,36.84707247,21.58704490,-0.05447025,-0.05666670,
1000.00000000,10.00000000,3.15423989,276.00000000,0.00000000,109.73792753,156.48849587,109.73792753,156.48849587,42.66693414,15.23154464,11.35815540,42.33321090,44.47294108,10.41867586,-0.05183945,-0.04790551,
1000.00000000,11.00000000,1.38883829,223.00000000,0.00000000,113.94467832,148.37231508,113.94467832,148.37231508,40.38461336,16.99299829,13.38456455,25.03925990,39.51163161,14.14608169,-0.05656707,-0.05629078,
1000.00000000,12.00000000,1.64874911,199.00000000,0.00000000,62.92954063,651.67224386,62.92954063,651.67224386,31.29900819,9.25591003,22.22290782,567.15062856,31.95787663,8.53199727,-0.02237462,-0.02180883,
1000.00000000,13.00000000,1.87013912,303.00000000,0.00000000,75.69452090,635.42990184,75.69452090,635.42990184,38.28029186,11.76859245,14.04899065,545.16975896,38.93309128,12.74489619,-0.02564564,-0.02453316,
1000.00000000,14.00000000,3.00880551,237.00000000,0.00000000,68.18364146,643.96410778,68.18364146,643.96410778,36.78354725,9.03485995,16.27207925,558.97081705,36.42660753,10.23143368,-0.02236523,-0.02206317,
1000.00000000,15.00000000,10.41269183,273.00000000,0.00000000,52.57062307,646.33804236,52.57062307,646.33804236,36.14207493,3.40251503,18.48238669,575.31163538,36.00128248,4.08759704,-0.01302603,-0.01245514,
1000.00000000,16.00000000,1.55003691,248.00000000,0.00000000,77.04115981,216.75067385,77.04115981,216.75067385,33.81475288,8.25859938,24.56579324,116.17617164,31.15005910,8.11246419,-0.03496781,-0.03674619,
1000.00000000,17.00000000,2.28694272,415.00000000,0.00000000,100.14058628,189.69815907,100.14058628,189.69815907,41.33394839,13.60747331,14.10988168,75.94995361,40.16177017,13.16826493,-0.04519916,-0.04630829,
1000.00000000,18.00000000,3.50624776,400.00000000,0.00000000,103.10959194,163.77857497,103.10959194,163.77857497,45.45434307,10.48099129,9.05477702,53.29643108,43.88716490,9.64238751,-0.04717426,-0.04789781,
1000.00000000,19.00000000,1.18233132,296.00000000,0.00000000,100.15092096,147.66745915,100.15092096,147.66745915,34.71635371,14.72976363,20.22389712,19.42855531,36.58084825,19.51523276,-0.05070480,-0.05191893,
1000.00000000,2.00000000,3.52005672,463.00000000,0.00000000,120.62971292,123.48508147,120.62971292,123.48508147,43.06887256,16.67197945,11.68040383,2.11563812,41.97248485,11.96790698,-0.06088886,-0.05574865,
1000.00000000,20.00000000,3.05548573,427.00000000,0.00000000,106.59537472,141.00734445,106.59537472,141.00734445,35.12659724,17.81176167,18.68003877,17.68749436,34.78161482,15.60461433,-0.05365702,-0.05425358,
1000.00000000,3.00000000,2.41361570,449.00000000,0.00000000,109.15714110,172.67336022,109.15714110,172.67336022,49.46356679,10.72686924,3.29133969,63.77459517,50.81835515,10.32966543,-0.04896671,-0.04445940,
1000.00000000,4.00000000,1.47244072,175.00000000,0.00000000,42.35081963,631.28795797,42.35081963,631.28795797,32.64196660,2.61337689,24.30932654,563.10209570,32.82623338,3.96129889,-0.00709548,-0.00708900,
1000.00000000,5.00000000,2.33969569,349.00000000,0.00000000,93.82911600,176.20688387,93.82911600,176.20688387,39.46312859,10.67974617,15.58878800,56.33838028,39.48460154,16.03482891,-0.04368624,-0.04876029,
1000.00000000,6.00000000,1.72811699,394.00000000,0.00000000,100.07718042,171.29923660,100.07718042,171.29923660,39.91089166,14.16139132,17.30565202,51.37036505,37.02037438,15.65480826,-0.04600490,-0.04994804,
1000.00000000,7.00000000,2.13232470,274.00000000,0.00000000,49.30916229,636.73084707,49.30916229,636.73084707,30.53638674,6.18879512,23.99579496,564.53270499,30.51881162,6.19768529,-0.01258398,-0.01148585,
1000.00000000,8.00000000,1.90554667,331.00000000,0.00000000,109.92453278,157.03659336,109.92453278,157.03659336,40.86257298,15.85454507,13.25288319,34.00036397,38.27418802,20.15604065,-0.05320741,-0.05135312,
1000.00000000,9.00000000,3.32704401,157.00000000,0.00000000,69.10646713,664.51957403,69.10646713,664.51957403,37.01829348,9.55366117,15.79361018,576.22713288,37.47026821,12.47528838,-0.02253451,-0.02255327,
100.00000000,1.00000000,1.66220593,212.00000000,0.00000000,38.22192152,62.71363781,38.22192152,62.71363781,23.48974276,0.32738382,17.51773814,5.15128678,23.36146718,2.09079513,-0.14404795,-0.14592351,
100.00000000,10.00000000,1.68683767,159.00000000,0.00000000,42.50451037,91.90686345,42.50451037,91.90686345,26.67615879,0.43363689,11.91058686,36.37337675,27.07645556,1.47365496,-0.15394715,-0.15072789,
100.00000000,11.00000000,4.12400842,145.00000000,0.00000000,41.93208269,108.26362001,41.93208269,108.26362001,26.06818627,0.46275311,13.33364983,53.15062050,25.25568353,1.13239959,-0.15401143,-0.15391267,
100.00000000,12.00000000,1.28498554,107.00000000,0.00000000,29.60488142,585.24524317,29.60488142,585.24524317,20.16784974,0.26047226,22.60318915,532.56962818,20.76008510,0.46522599,-0.09176559,-0.08847115,
100.00000000,13.00000000,0.76821041,153.00000000,0.00000000,35.66844162,670.07850157,35.66844162,670.07850157,23.98569196,0.38240356,14.21604290,619.47002172,24.31218047,1.03156059,-0.11300346,-0.11048696,
100.00000000,14.00000000,1.19458723,113.00000000,0.00000000,33.44200286,631.26538379,33.44200286,631.26538379,22.89665479,0.32911348,16.27802952,580.01381144,22.78258673,2.03546052,-0.10216235,-0.10155496,
100.00000000,15.00000000,1.12161064,125.00000000,0.00000000,31.17176056,730.31434706,31.17176056,730.31434706,23.77435174,0.05062205,19.57755473,677.56897444,23.63940254,2.23621698,-0.07346787,-0.07292198,
100.00000000,16.00000000,0.55188847,111.00000000,0.00000000,32.82607118,116.06091809,32.82607118,116.06091809,22.19718072,0.18087768,23.58704875,60.82182168,20.88546797,0.45073881,-0.10448013,-0.10315841,
100.00000000,17.00000000,1.24155903,213.00000000,0.00000000,39.23845482,95.23104904,39.23845482,95.23104904,23.90936210,0.35187045,15.63110699,40.86719443,22.99239058,0.51158728,-0.14977222,-0.15228770,
100.00000000,18.00000000,1.60400605,166.00000000,0.00000000,42.86208946,85.06946024,42.86208946,85.06946024,28.39903957,0.21792251,8.44870846,33.89547729,28.07337735,0.65628654,-0.14245127,-0.13995611,
100.00000000,19.00000000,1.31360531,142.00000000,0.00000000,36.24168499,65.76246270,36.24168499,65.76246270,22.24243199,0.40278248,20.85373492,5.90324943,23.11908989,1.81661246,-0.13596471,-0.14069776,
100.00000000,2.00000000,1.96359563,224.00000000,0.00000000,44.79222961,58.62723091,44.79222961,58.62723091,28.25498520,0.38333173,10.14152543,5.02597651,27.83447933,0.15602535,-0.16153913,-0.15469224,
100.00000000,20.00000000,2.34340978,250.00000000,0.00000000,36.52728243,60.63779560,36.52728243,60.63779560,20.78336504,0.47259999,18.46168458,5.90388709,20.36758706,0.62408824,-0.15271317,-0.15280549,
100.00000000,3.00000000,1.05284309,166.00000000,0.00000000,46.26553972,113.32208914,46.26553972,113.32208914,31.01341443,0.18651579,3.58988685,61.30449332,32.30652553,1.88227008,-0.15065610,-0.14238913,
100.00000000,4.00000000,0.52258945,95.00000000,0.00000000,28.48664366,802.15588853,28.48664366,802.15588853,22.59304329,0.08509591,26.37173708,746.83581817,22.77436512,0.38006606,-0.05808504,-0.05793902,
100.00000000,5.00000000,1.50513482,189.00000000,0.00000000,38.91793663,106.69883795,38.91793663,106.69883795,26.45838800,0.26735707,15.73529480,50.42501524,25.98295287,1.47738107,-0.12192192,-0.13078194,
100.00000000,6.00000000,1.08916569,195.00000000,0.00000000,40.43882787,68.19977556,40.43882787,68.19977556,26.43738096,0.36318900,15.89176733,12.38761383,25.35704928,0.91380157,-0.13638258,-0.13649544,
100.00000000,7.00000000,0.93004227,132.00000000,0.00000000,28.15879053,574.08508000,28.15879053,574.08508000,21.21408176,0.19129918,22.85305689,523.03849255,21.20891101,0.41569362,-0.06753410,-0.06568926,
100.00000000,8.00000000,1.35861850,202.00000000,0.00000000,40.79700178,100.62308407,40.79700178,100.62308407,24.74799325,0.49384866,13.98128050,35.61448261,23.53781872,12.27676822,-0.15555160,-0.15212734,
100.00000000,9.00000000,3.01842260,110.00000000,0.00000000,34.46545935,624.30513440,34.46545935,624.30513440,23.90226597,0.34720925,14.97873711,573.58971407,24.56427056,1.10071129,-0.10215984,-0.10071701,
10.00000000,1.00000000,1.63061881,112.00000000,0.00000000,16.66953995,82.04148704,16.66953995,82.04148704,10.73210493,0.00484818,20.63058351,6.55310575,46.26675141,1.31973570,-0.59325868,-0.72713107,
10.00000000,10.00000000,0.73370242,68.00000000,0.00000000,18.56991542,63.09881663,18.56991542,63.09881663,11.66342546,0.00587654,12.58784050,28.86815159,11.24920021,2.97510990,-0.69006134,-0.74185144,
10.00000000,11.00000000,0.42516899,72.00000000,0.00000000,18.28617134,210.53372048,18.28617134,210.53372048,11.23938702,0.00665615,16.31774150,175.44554749,11.52723828,0.16181939,-0.70401282,-0.70813738,
10.00000000,12.00000000,0.32994533,51.00000000,0.00000000,13.57622192,644.36354748,13.57622192,644.36354748,8.51417005,0.00575080,26.28239092,374.74411126,216.82729826,17.91544819,-0.50563011,-0.85942989,
10.00000000,13.00000000,0.44113779,83.00000000,0.00000000,17.01141297,702.16808665,17.01141297,702.16808665,11.41843300,0.00438749,16.99842616,664.96608554,12.23686662,2.22103905,-0.55885925,-0.57456693,
10.00000000,14.00000000,0.72126675,65.00000000,0.00000000,15.39483555,436.49956517,15.39483555,436.49956517,9.71812422,0.00433388,18.31869232,398.01689166,9.81623462,4.75140890,-0.56723775,-0.55963377,
10.00000000,15.00000000,0.76827407,67.00000000,0.00000000,15.95494099,699.64751611,15.95494099,699.64751611,10.30379472,0.00139356,31.94211575,582.83302464,10.16794041,68.78143415,-0.56497527,-0.59230012,
10.00000000,16.00000000,0.36714005,58.00000000,0.00000000,14.81632671,95.76695390,14.81632671,95.76695390,9.17927645,0.00336916,28.56380471,52.47537968,9.10793309,0.14753260,-0.56336811,-0.54723038,
10.00000000,17.00000000,0.39634418,83.00000000,0.00000000,15.35689521,88.34386443,15.35689521,88.34386443,8.71460650,0.00460643,20.76567847,49.68978469,8.58019764,2.53714916,-0.66376823,-0.67710545,
10.00000000,18.00000000,0.96065021,100.00000000,0.00000000,18.84231936,40.83181825,18.84231936,40.83181825,11.32402263,0.00244078,9.23476724,9.68650365,11.61359075,2.87398468,-0.75158559,-0.74229719,
10.00000000,19.00000000,0.26289964,59.00000000,0.00000000,15.63522688,59.51369932,15.63522688,59.51369932,9.70221825,0.00587692,30.61558142,11.59526339,9.49648680,1.30852214,-0.59271317,-0.64978456,
10.00000000,2.00000000,1.00108123,119.00000000,0.00000000,19.85131186,48.53806051,19.85131186,48.53806051,12.62971435,0.00357437,10.65094385,17.77052286,12.95343997,0.06600017,-0.72180231,-0.70971537,
10.00000000,20.00000000,1.31560636,107.00000000,0.00000000,14.46282139,40.20978839,14.46282139,40.20978839,8.74097436,0.00428436,20.68289817,3.27658293,8.68269761,1.42004464,-0.57175627,-0.61475650,
10.00000000,3.00000000,0.78440690,101.00000000,0.00000000,20.54565511,107.55649600,20.54565511,107.55649600,12.49704526,0.00187632,5.07110331,78.65035878,13.27716581,2.55803211,-0.80467335,-0.79998360,
10.00000000,4.00000000,0.37024307,66.00000000,0.00000000,15.12741005,2243.64596387,15.12741005,2243.64596387,9.77369543,0.00248345,31.45520848,1853.56823116,348.40627191,0.00000000,-0.53512312,-1.02162523,
10.00000000,5.00000000,1.17232633,100.00000000,0.00000000,19.22801097,83.53563724,19.22801097,83.53563724,13.08458781,0.00435596,17.46620908,42.47084484,16.39579510,0.41275343,-0.61390672,-0.67900348,
10.00000000,6.00000000,0.47897744,83.00000000,0.00000000,18.53194527,40.24558326,18.53194527,40.24558326,11.96582718,0.00373894,19.68332988,1.93938051,12.25233966,0.05449534,-0.65623791,-0.63160379,
10.00000000,7.00000000,0.61746788,83.00000000,0.00000000,15.25379227,487.42215162,15.25379227,487.42215162,10.71769570,0.00307980,22.46207510,449.00058313,10.83474791,0.43858315,-0.45330168,-0.46861623,
10.00000000,8.00000000,0.44030213,89.00000000,0.00000000,17.13565496,277.02255079,17.13565496,277.02255079,10.37450849,0.00730479,18.85437073,32.21639381,189.02575121,26.66403390,-0.67538417,-1.02620011,
10.00000000,9.00000000,2.85540271,58.00000000,0.00000000,15.80216822,515.32293006,15.80216822,515.32293006,9.60763799,0.00374489,16.74236158,480.86522584,10.91456660,0.10453324,-0.61907853,-0.66962428,
1.00000000,1.00000000,1.47016406,109.00000000,0.00000000,7.16253604,30466.89377318,7.16253604,30466.89377318,4.47790066,0.00088573,38.48437002,0.00000000,25534.56486238,4885.98686402,-2.68374965,-7.85767676,
1.00000000,10.00000000,1.26023030,107.00000000,0.00000000,7.13069334,2425.59253077,7.13069334,2425.59253077,3.87186897,0.00012945,18.19252678,0.90693118,86.65898822,2315.35675242,-3.25869492,-4.47733217,
1.00000000,11.00000000,0.78740859,98.00000000,0.00000000,6.61528923,5186.04477025,6.61528923,5186.04477025,3.39430202,0.00030751,15.20234903,6.76947296,4702.39642515,455.50665592,-3.22067970,-6.16986719,
1.00000000,12.00000000,1.08602953,142.00000000,0.00000000,5.25521741,1445.43073130,5.25521741,1445.43073130,2.86840755,0.00011330,42.06114303,151.94396291,1130.27162628,117.57405990,-2.38669656,-3.57993918,
1.00000000,13.00000000,0.56781721,144.00000000,0.00000000,7.53039891,1861.88938552,7.53039891,1861.88938552,4.73090179,0.00003491,35.81046208,104.29967573,729.83116356,987.48481304,-2.79946221,-4.46327111,
1.00000000,14.00000000,2.01699615,120.00000000,0.00000000,6.06085751,2262.81673967,6.06085751,2262.81673967,3.36115924,0.00003631,46.89151752,97.44241658,14.32332115,2100.74269958,-2.69966196,-3.41678484,
1.00000000,15.00000000,5.39580727,97.00000000,0.00000000,5.88377322,1079.04026039,5.88377322,1079.04026039,2.97375414,0.00016437,93.26598959,667.85232280,112.74387112,201.74751473,-2.90985471,-3.43056216,
1.00000000,16.00000000,0.42138982,69.00000000,0.00000000,5.41343678,1085.84080782,5.41343678,1085.84080782,2.71226002,0.00037527,83.76018148,960.03289237,11.49716421,28.21490467,-2.70080149,-2.33566509,
1.00000000,17.00000000,0.84011030,113.00000000,0.00000000,5.44956786,933.57212381,5.44956786,933.57212381,2.86866834,0.00022397,242.62164454,0.00000000,601.36411842,82.24102030,-2.58067556,-7.34534053,
1.00000000,18.00000000,1.07730055,129.00000000,0.00000000,6.56278982,1202.17389357,6.56278982,1202.17389357,3.29430241,0.00004356,13.05505316,1.84977677,6.95897624,1176.81323132,-3.26844385,-3.49685609,
1.00000000,19.00000000,0.61297417,68.00000000,0.00000000,6.10463114,463.24152405,6.10463114,463.24152405,3.47720274,0.00024806,149.62397542,134.47358511,8.99733281,166.76869527,-2.62718033,-3.37793545,
1.00000000,2.00000000,0.63746691,114.00000000,0.00000000,8.15720934,208.37475178,8.15720934,208.37475178,4.94598256,0.00004971,29.04736046,6.63690841,23.01583603,145.13641364,-3.21117707,-4.53823325,
1.00000000,20.00000000,0.99246025,105.00000000,0.00000000,5.65083037,5735.91784715,5.65083037,5735.91784715,3.16193248,0.00010152,29.55792372,16.04792571,711.33256751,4973.29555416,-2.48879636,-5.68387604,
1.00000000,3.00000000,0.51777506,110.00000000,0.00000000,7.89819033,216.95016605,7.89819033,216.95016605,4.63405362,0.00012515,6.12860861,4.05616682,12.42339048,189.90617583,-3.26401157,-4.43582431,
1.00000000,4.00000000,0.64077234,109.00000000,0.00000000,5.36474972,33004.30350732,5.36474972,33004.30350732,2.54096481,0.00001927,138.45848337,4720.33854051,27538.35624442,599.00499286,-2.82376565,-8.14524617,
1.00000000,5.00000000,0.96902633,151.00000000,0.00000000,8.47148526,4514.50376429,8.47148526,4514.50376429,5.24038152,0.00019011,27.53215381,154.14164691,51.36638780,4276.90860997,-3.23091364,-4.55496580,
1.00000000,6.00000000,0.61037731,118.00000000,0.00000000,7.67103743,209.70179168,7.67103743,209.70179168,4.55789757,0.00002826,57.17008125,0.00000000,5.85058474,143.45840852,-3.11311159,-3.22271717,
1.00000000,7.00000000,1.04417896,161.00000000,0.00000000,7.02303763,1955.35660305,7.02303763,1955.35660305,4.41815066,0.00024090,26.05922549,1262.20694231,101.17015026,562.32082255,-2.60464608,-3.59946244,
1.00000000,8.00000000,0.48104858,110.00000000,0.00000000,6.16254754,33009.02139328,6.16254754,33009.02139328,3.22079023,0.00009919,126.19303053,18.93914202,27553.92277453,5301.81916409,-2.94165812,-8.14728211,
1.00000000,9.00000000,1.54068708,157.00000000,0.00000000,5.53824206,10284.05358134,5.53824206,10284.05358134,2.77518295,0.00000889,169.71048632,6568.60537036,3345.61846562,194.10248788,-2.76305023,-6.01677115,
20.00000000,1.00000000,1.45417356,118.00000000,0.00000000,21.34020868,47.84948460,21.34020868,47.84948460,13.70371389,0.01390439,19.03152100,5.87520586,13.94961351,1.22465293,-0.38112952,-0.38842456,
20.00000000,10.00000000,0.78469229,74.00000000,0.00000000,23.91576405,71.90037684,23.91576405,71.90037684,15.28824921,0.01962685,12.67331001,33.44089657,15.09982570,1.84774146,-0.43039440,-0.44193015,
20.00000000,11.00000000,0.62414145,89.00000000,0.00000000,23.67896368,162.50985970,23.67896368,162.50985970,15.08848867,0.02227126,14.84401231,124.15515151,14.76658180,0.13403285,-0.42841019,-0.43050406,
20.00000000,12.00000000,0.41632867,59.00000000,0.00000000,17.45562639,485.26493386,17.45562639,485.26493386,11.27883412,0.01663845,24.94709279,439.25227516,14.51578051,0.07663060,-0.30800769,-0.32365774,
20.00000000,13.00000000,0.48866892,83.00000000,0.00000000,21.31249389,703.00952511,21.31249389,703.00952511,14.41030643,0.01728239,15.90215302,664.99660849,14.45550565,0.74092928,-0.34424525,-0.34571643,
20.00000000,14.00000000,1.07669163,75.00000000,0.00000000,19.76140533,518.08504164,19.76140533,518.08504164,12.80612750,0.01806771,17.39450821,476.42277086,12.75801163,4.58334648,-0.34686051,-0.34632022,
20.00000000,15.00000000,0.32274342,72.00000000,0.00000000,20.11330057,729.50579614,20.11330057,729.50579614,13.77945272,0.00368179,24.49291493,668.05845449,13.57400560,16.89799648,-0.31650830,-0.32412123,
20.00000000,16.00000000,0.82674551,83.00000000,0.00000000,19.14905467,89.76338816,19.14905467,89.76338816,12.24948956,0.01154834,24.95627174,46.09221482,11.86531281,0.12524573,-0.34440084,-0.33621715,
20.00000000,17.00000000,0.40037155,97.00000000,0.00000000,20.64335695,84.34720125,20.64335695,84.34720125,11.95801842,0.01523404,18.78935608,43.59691734,11.64735915,1.60126866,-0.43350522,-0.43561500,
20.00000000,18.00000000,0.90469098,111.00000000,0.00000000,24.58358582,50.24440958,24.58358582,50.24440958,15.49452053,0.01007872,8.66694773,16.03746066,15.79402024,0.92075568,-0.45394933,-0.44126126,
20.00000000,19.00000000,0.40493870,94.00000000,0.00000000,20.22686299,52.37293525,20.22686299,52.37293525,12.84113545,0.01942641,25.26421843,5.29378664,12.70762735,1.15895076,-0.36831506,-0.39741760,
20.00000000,2.00000000,1.21185517,127.00000000,0.00000000,25.45498332,48.80684162,25.45498332,48.80684162,16.42258659,0.01739931,9.92287155,13.45806555,16.61565597,0.04939472,-0.45074987,-0.43804269,
20.00000000,20.00000000,1.46730661,133.00000000,0.00000000,19.04930436,42.70915414,19.04930436,42.70915414,11.43299585,0.01895445,19.72450386,3.58923238,11.08817544,0.50638452,-0.37986770,-0.39004290,
20.00000000,3.00000000,0.74105978,107.00000000,0.00000000,26.73574516,105.13231195,26.73574516,105.13231195,16.90609546,0.00816555,4.43604283,71.87220504,17.86295980,1.35527099,-0.49107421,-0.48029166,
20.00000000,4.00000000,0.41608095,91.00000000,0.00000000,18.99361016,1538.56589477,18.99361016,1538.56589477,13.21257301,0.00803535,29.86266786,1484.94831429,17.44356637,0.04489067,-0.28865009,-0.31332278,
20.00000000,5.00000000,6.03808165,105.00000000,0.00000000,23.87142003,86.71040029,23.87142003,86.71040029,16.55306631,0.01445880,16.84032922,44.17740694,17.15392714,0.42054385,-0.36519475,-0.40590966,
20.00000000,6.00000000,0.84821773,123.00000000,0.00000000,23.59002992,43.26759779,23.59002992,43.26759779,15.49377771,0.01463464,17.31128853,2.58450981,15.43231310,0.09648474,-0.40408088,-0.39215008,
20.00000000,7.00000000,0.57576466,96.00000000,0.00000000,18.61315733,504.58827717,18.61315733,504.58827717,13.43404253,0.00963616,22.69286772,463.02900716,13.25054558,0.29983647,-0.25847393,-0.26580101,
20.00000000,8.00000000,0.55651617,120.00000000,0.00000000,22.36827062,89.39549247,22.36827062,89.39549247,13.92332684,0.02679506,16.90643154,36.04072996,14.33671460,13.43286233,-0.42090744,-0.43393770,
20.00000000,9.00000000,0.26483679,65.00000000,0.00000000,20.48108163,541.03040337,20.48108163,541.03040337,13.14042117,0.01791095,15.99098964,503.94155792,13.58507784,0.07327449,-0.36613748,-0.37197517,
2.00000000,1.00000000,0.69757175,85.00000000,0.00000000,9.29684431,30442.15389648,9.29684431,30442.15389648,5.81547655,0.00129157,36.22827584,0.00000000,25511.39561933,4879.04123803,-1.74003810,-7.74438164,
2.00000000,10.00000000,0.65567803,65.00000000,0.00000000,9.74382612,226.28259169,9.74382612,226.28259169,5.48179834,0.00054845,12.71762296,9.21324623,14.56752652,184.35496502,-2.13073967,-2.71461548,
2.00000000,11.00000000,0.48449111,94.00000000,0.00000000,9.22728698,415.28243408,9.22728698,415.28243408,4.91199198,0.00050869,24.80551275,131.65548240,223.84788252,29.66870613,-2.15739315,-2.65242514,
2.00000000,12.00000000,0.55720282,87.00000000,0.00000000,7.13780290,19532.51452136,7.13780290,19532.51452136,4.08052230,0.00021984,24.55483322,10.58048767,16462.97451212,3022.17731958,-1.52853038,-6.11368439,
2.00000000,13.00000000,0.73877358,85.00000000,0.00000000,9.74385165,730.97843645,9.74385165,730.97843645,6.16871469,0.00010628,22.83837624,385.01283016,140.26963877,178.13633391,-1.78751534,-2.36062869,
2.00000000,14.00000000,0.46941280,78.00000000,0.00000000,8.19637655,339.36071569,8.19637655,339.36071569,4.73631542,0.00012812,25.53720085,173.58952102,5.80130346,130.94812513,-1.72996651,-1.74228262,
2.00000000,15.00000000,0.76162791,78.00000000,0.00000000,8.23919059,855.46645018,8.23919059,855.46645018,4.36723782,0.00021746,80.74108959,472.47319337,12.79757373,285.50743231,-1.93586765,-1.97358059,
2.00000000,16.00000000,0.64934015,55.00000000,0.00000000,7.57236714,661.22625027,7.57236714,661.22625027,4.03871170,0.00027406,59.66643943,584.53121436,6.26388131,7.72241117,-1.76669070,-1.52115200,
2.00000000,17.00000000,0.79604030,93.00000000,0.00000000,7.53072063,222.77031951,7.53072063,222.77031951,4.07982957,0.00040323,31.06014375,21.71719552,129.34568129,32.90344444,-1.72524391,-3.87192725,
2.00000000,18.00000000,1.48911047,96.00000000,0.00000000,9.24792668,79.63938950,9.24792668,79.63938950,4.75813238,0.00009072,11.82127837,0.58302107,5.81259938,56.71433961,-2.24485179,-2.35407553,
2.00000000,19.00000000,0.56907129,61.00000000,0.00000000,8.21273339,156.09881708,8.21273339,156.09881708,4.74466104,0.00031476,72.02024096,59.00228189,6.07223225,14.95263091,-1.73387880,-2.02571554,
2.00000000,2.00000000,0.49955726,95.00000000,0.00000000,10.75341425,77.74472688,10.75341425,77.74472688,6.47416697,0.00020094,16.79904515,15.88236778,9.07814487,31.08110039,-2.13952317,-2.45203435,
2.00000000,20.00000000,1.07186604,98.00000000,0.00000000,7.60760221,1712.23524080,7.60760221,1712.23524080,4.44008257,0.00015957,16.10352906,2.78140250,405.55848217,1280.34169617,-1.58368004,-3.72506545,
2.00000000,3.00000000,0.62481189,79.00000000,0.00000000,10.58689831,81.93465727,10.58689831,81.93465727,6.07757032,0.00015322,6.35392411,39.98032424,8.10354178,22.49363781,-2.25458738,-2.50161466,
2.00000000,4.00000000,0.49921846,94.00000000,0.00000000,7.65480234,32592.61991761,7.65480234,32592.61991761,3.88151056,0.00005084,134.82259279,4584.47475494,27265.59291537,591.55991501,-1.88662047,-8.08486975,
2.00000000,5.00000000,0.59124351,114.00000000,0.00000000,11.03202445,148.54810017,11.03202445,148.54810017,6.89747399,0.00018066,18.31575232,30.77100460,11.90618557,83.33703639,-2.06718490,-2.10906065,
2.00000000,6.00000000,0.59649014,86.00000000,0.00000000,10.15304725,47.86972704,10.15304725,47.86972704,6.11334665,0.00019887,36.82838125,0.09893435,6.87834769,0.13784547,-2.01975087,-1.96310914,
2.00000000,7.00000000,0.64878464,97.00000000,0.00000000,9.04179404,589.66703264,9.04179404,589.66703264,5.83380223,0.00041704,22.56421875,527.45117479,17.94862576,18.01768442,-1.60378738,-1.84266446,
2.00000000,8.00000000,0.40032005,71.00000000,0.00000000,8.57284315,33015.16718450,8.57284315,33015.16718450,4.55448409,0.00025368,126.17958137,18.93482028,27552.28263763,5301.47655707,-2.00905269,-8.14679408,
2.00000000,9.00000000,0.90331912,90.00000000,0.00000000,7.79606226,1164.15743785,7.79606226,1164.15743785,4.02445295,0.00005728,27.40469690,747.04847616,376.58468780,7.11735615,-1.88577601,-3.00111042,
50.00000000,1.00000000,1.88965774,162.00000000,0.00000000,29.62842220,54.15107114,29.62842220,54.15107114,18.87900598,0.08279732,17.71576291,5.19761420,18.82590649,1.71355203,-0.21333238,-0.21396471,
50.00000000,10.00000000,1.39047956,116.00000000,0.00000000,33.16355774,82.63370983,33.16355774,82.63370983,21.25296398,0.11586233,12.34420298,35.56903542,21.37422828,1.58969784,-0.23589463,-0.23513091,
50.00000000,11.00000000,0.68212819,112.00000000,0.00000000,32.73314203,121.31559294,32.73314203,121.31559294,21.11718192,0.12768396,13.76829162,74.86913606,20.45541997,0.69878915,-0.22976552,-0.23047912,
50.00000000,12.00000000,0.88693452,88.00000000,0.00000000,23.78769288,543.66732045,23.78769288,543.66732045,16.02560822,0.07346086,23.27287644,495.85292826,16.55108229,0.51431495,-0.15377248,-0.14952237,
50.00000000,13.00000000,0.67743683,123.00000000,0.00000000,28.61078344,684.32926855,28.61078344,684.32926855,19.36035382,0.10521579,14.80582247,640.33930022,19.51369495,0.63651300,-0.18290428,-0.18067876,
50.00000000,14.00000000,1.13965082,96.00000000,0.00000000,26.90938475,595.84291729,26.90938475,595.84291729,18.11758617,0.10083147,16.64766195,550.40908701,18.01263669,2.09485991,-0.17381934,-0.17357343,
50.00000000,15.00000000,0.69701123,83.00000000,0.00000000,26.21910859,750.71036574,26.21910859,750.71036574,19.24816678,0.01458985,20.69985584,699.55104364,19.10150855,4.38611571,-0.13912704,-0.13943684,
50.00000000,16.00000000,0.75680256,113.00000000,0.00000000,26.25501942,98.63073436,26.25501942,98.63073436,17.55085852,0.05277158,23.56105150,49.69048753,16.67794988,0.23217214,-0.17302779,-0.16938147,
50.00000000,17.00000000,1.89089370,155.00000000,0.00000000,29.99534801,85.33359043,29.99534801,85.33359043,18.05559819,0.08595651,16.68145192,38.23316790,17.37344791,1.05519884,-0.23707587,-0.23980648,
50.00000000,18.00000000,1.68138695,157.00000000,0.00000000,33.98180225,68.22687775,33.98180225,68.22687775,22.36336520,0.05543360,8.40009161,25.56381298,22.41630684,0.61231310,-0.23126007,-0.22468706,
50.00000000,19.00000000,0.80204535,120.00000000,0.00000000,28.12431947,55.82753506,28.12431947,55.82753506,17.89765384,0.11133954,21.94473520,3.68320109,18.28718147,1.29529715,-0.20230652,-0.21234240,
50.00000000,2.00000000,2.12639785,205.00000000,0.00000000,35.07223118,52.12796065,35.07223118,52.12796065,22.76307085,0.09762577,9.77220586,7.94759414,22.62135971,0.00625726,-0.24423069,-0.23561087,
50.00000000,20.00000000,1.36798453,160.00000000,0.00000000,27.49117906,50.49802911,27.49117906,50.49802911,16.26486023,0.12093395,18.82375613,4.22650576,15.86660039,0.40352813,-0.22210770,-0.22355277,
50.00000000,3.00000000,0.71296453,134.00000000,0.00000000,36.83731650,106.56590125,36.83731650,106.56590125,24.45020798,0.04761058,3.85231099,63.25170303,25.66632430,1.99657800,-0.24678996,-0.23597970,
50.00000000,4.00000000,0.55931497,94.00000000,0.00000000,24.40298370,1017.15542281,24.40298370,1017.15542281,18.42270403,0.03094583,27.53168961,964.78275084,18.66309844,0.25372944,-0.11898668,-0.11848309,
50.00000000,5.00000000,1.27151203,157.00000000,0.00000000,31.48317681,95.31689441,31.48317681,95.31689441,21.92416291,0.07967633,16.14452730,46.70549284,21.42019091,0.90410419,-0.18958675,-0.20285158,
50.00000000,6.00000000,1.00923276,167.00000000,0.00000000,32.10471524,51.77330875,32.10471524,51.77330875,21.34913430,0.09566580,15.95492589,4.29569561,20.75608818,0.27900254,-0.21319830,-0.20975193,
50.00000000,7.00000000,0.62084532,116.00000000,0.00000000,23.74230691,544.73594308,23.74230691,544.73594308,17.66651359,0.05330460,22.76642939,498.15500455,17.54593748,0.25642051,-0.12044977,-0.12024302,
50.00000000,8.00000000,1.12765312,157.00000000,0.00000000,31.44820303,95.01440937,31.44820303,95.01440937,19.62407839,0.14186180,14.94802859,36.36205236,18.76131254,13.46322840,-0.23364526,-0.22959575,
50.00000000,9.00000000,0.54579592,80.00000000,0.00000000,27.87743954,590.67519444,27.87743954,590.67519444,18.92296648,0.10426754,15.23525801,546.54627390,19.52306369,0.62786896,-0.17700411,-0.17485460,
5.00000000,1.00000000,0.92683172,72.00000000,0.00000000,13.01312462,7291.44558634,13.01312462,7291.44558634,8.32689188,0.00241209,19.47586453,1.60874479,6225.34807628,1026.49737954,-0.93676413,-3.70310424,
5.00000000,10.00000000,2.84417439,68.00000000,0.00000000,14.25019325,60.47941490,14.25019325,60.47941490,8.63277472,0.00188080,12.21634575,21.44191634,8.49415359,11.85942200,-1.12310755,-1.29351545,
5.00000000,11.00000000,0.46669126,65.00000000,0.00000000,13.85183059,242.13928871,13.85183059,242.13928871,8.05659296,0.00197028,19.19638136,204.34085909,11.87325383,0.84736947,-1.15865347,-1.17628499,
5.00000000,12.00000000,0.33135843,46.00000000,0.00000000,10.40665275,7500.36747735,10.40665275,7500.36747735,6.28956967,0.00176419,24.14243784,161.01376800,6258.18657060,1039.05562711,-0.82306378,-3.59381476,
5.00000000,13.00000000,0.38811255,81.00000000,0.00000000,13.48925285,658.93295836,13.48925285,658.93295836,8.87114820,0.00098685,18.55069828,609.08054252,15.57893675,10.73850890,-0.92342356,-0.99685438,
5.00000000,14.00000000,0.41927195,63.00000000,0.00000000,11.85707005,339.77291006,11.85707005,339.77291006,7.27994266,0.00103959,19.95710286,300.36486852,7.61481310,7.42058110,-0.91521756,-0.88310890,
5.00000000,15.00000000,0.65321827,70.00000000,0.00000000,12.28694621,765.76932013,12.28694621,765.76932013,7.35552025,0.00062539,47.83147532,488.67621976,8.03897918,216.04817738,-0.98616011,-1.03489370,
5.00000000,16.00000000,0.32307482,52.00000000,0.00000000,11.29052597,162.59130669,11.29052597,162.59130669,6.70433763,0.00087250,37.27419374,111.46453649,7.08069947,2.43989557,-0.91706317,-0.86639628,
5.00000000,17.00000000,0.51863098,77.00000000,0.00000000,11.35081987,93.96132462,11.35081987,93.96132462,6.35624571,0.00130962,22.07678181,53.62660800,7.37116845,5.03509583,-0.99865291,-1.17033411,
5.00000000,18.00000000,2.34527874,82.00000000,0.00000000,14.11804663,31.53694081,14.11804663,31.53694081,7.97124987,0.00065880,10.19647891,3.29816763,8.22159881,3.57432151,-1.22922759,-1.24927479,
5.00000000,19.00000000,0.26383185,56.00000000,0.00000000,11.95154213,80.35284481,11.95154213,80.35284481,7.21096705,0.00172755,40.34104539,25.73482251,7.22027014,1.79593258,-0.94776951,-1.05215484,
5.00000000,2.00000000,0.55412102,95.00000000,0.00000000,15.35642896,49.84344952,15.35642896,49.84344952,9.54965421,0.00098425,12.24961553,20.25994866,9.94345093,1.50478953,-1.16115810,-1.17712897,
5.00000000,20.00000000,0.59126353,92.00000000,0.00000000,11.00587548,53.89761068,11.00587548,53.89761068,6.66408635,0.00098146,21.38235114,2.55936961,13.24759318,11.22549396,-0.86816153,-1.09656056,
5.00000000,3.00000000,0.71062875,72.00000000,0.00000000,15.55350755,101.56265214,15.55350755,101.56265214,9.16309688,0.00052142,5.76999594,74.52938624,9.98954064,4.81858734,-1.27797785,-1.29102839,
5.00000000,4.00000000,1.18422461,59.00000000,0.00000000,11.60588661,13745.22249732,11.60588661,13745.22249732,6.81714047,0.00048876,38.12494732,1379.68037571,12093.39416472,208.59511965,-0.95765147,-5.08557798,
5.00000000,5.00000000,1.01060390,92.00000000,0.00000000,15.30818002,72.16389777,15.30818002,72.16389777,10.10336973,0.00105871,18.02776774,32.79377332,13.95581473,2.02772208,-1.04075031,-1.07176398,
5.00000000,6.00000000,0.47095156,82.00000000,0.00000000,14.42608288,39.70614556,14.42608288,39.70614556,9.09510396,0.00071584,23.98705002,0.91417608,9.61914427,0.06107043,-1.06605262,-1.02494095,
5.00000000,7.00000000,0.85109377,81.00000000,0.00000000,12.31802891,479.99473031,12.31802891,479.99473031,8.37321941,0.00105128,22.11996652,443.54718540,9.60782388,0.61614436,-0.78875164,-0.82072203,
5.00000000,8.00000000,0.46662021,83.00000000,0.00000000,12.91421434,22650.32690912,12.91421434,22650.32690912,7.43819950,0.00177909,61.94114350,3.38078258,18999.88651194,3552.50206174,-1.09484715,-6.52328187,
5.00000000,9.00000000,0.31321812,54.00000000,0.00000000,11.88295821,544.55663305,11.88295821,544.55663305,6.74637673,0.00060626,17.81704581,498.32195591,21.54302208,0.60949617,-1.02719504,-1.25302261,