alpha,seed,time,niter,nfail,train_lossf,test_lossf,train_lossf[0],test_lossf[0],errorf[0][0],errorf[0][1],errorf1[0][0],errorf1[0][1],errorf2[0][0],errorf2[0][1],train_Srel[0],test_Srel[0],
0.00000000,1.00000000,161.03799677,845.00000000,1.00000000,64.62575492,63.20508035,64.62575492,63.20508035,64.62575492,0.00000000,17.75414974,0.00000000,45.45093061,0.00000000,-4398046511104.00000000,0.00000000,
0.00000000,10.00000000,59.63165069,839.00000000,1.00000000,3457.38256894,1274.24945888,3457.38256894,1274.24945888,167.40291939,3289.97964954,27.52441983,96.55085003,52.52309184,1097.65109719,0.00000000,-2361183241434822606848.00000000,
0.00000000,11.00000000,67.87878060,845.00000000,1.00000000,61.55367293,289.81327552,61.55367293,289.81327552,61.55367293,0.00000000,125.33384722,0.00000000,155.26194983,9.21747848,549755813888.00000000,0.00000000,
inf,1.00000000,0.00000000,0.00000000,0.00000000,3366.65631681,17211.95085081,3366.65631681,17211.95085081,16.03987913,3350.61643767,5.90186512,13694.13847298,15.60918281,3496.30132991,-0.00000000,0.00000000,
0.01000000,1.00000000,3.77760339,257.00000000,0.00000000,0.28629423,65838.89128601,0.28629423,65838.89128601,0.23249480,0.00000000,47.75261367,65561.15617416,65.21207047,164.68930601,-5.37994370,-8.11217109,alpha,seed,time,niter,nfail,train_lossf,test_lossf,train_lossf[0],test_lossf[0],errorf[0][0],errorf[0][1],errorf1[0][0],errorf1[0][1],errorf2[0][0],errorf2[0][1],train_Srel[0],test_Srel[0],
inf,10.00000000,0.00000000,0.00000000,0.00000000,12658.32285064,17000.02872778,12658.32285064,17000.02872778,16.40611281,12641.91673782,5.46519494,4507.13734091,16.20648328,12471.21970864,-0.00000000,0.00000000,
0.01000000,10.00000000,4.14027333,568.00000000,0.00000000,0.51410293,1233.70115209,0.51410293,1233.70115209,0.45707341,0.00005225,27.03855847,94.58413420,50.93046715,1061.06763548,-5.69772707,-8.03567829,alpha,seed,time,niter,nfail,train_lossf,test_lossf,train_lossf[0],test_lossf[0],errorf[0][0],errorf[0][1],errorf1[0][0],errorf1[0][1],errorf2[0][0],errorf2[0][1],train_Srel[0],test_Srel[0],
inf,11.00000000,0.00000000,0.00000000,0.00000000,4984.60058306,17136.07151341,4984.60058306,17136.07151341,16.31544805,4968.28513502,5.56610969,12114.21387887,16.05001341,5000.24151144,0.00000000,0.00000000,
0.01000000,11.00000000,4.67580819,671.00000000,0.00000000,0.63646934,1636.18214161,0.63646934,1636.18214161,0.57913856,0.00070226,47.84935223,0.00000000,1469.78192809,118.47003110,-5.66285224,-8.08301992,alpha,seed,time,niter,nfail,train_lossf,test_lossf,train_lossf[0],test_lossf[0],errorf[0][0],errorf[0][1],errorf1[0][0],errorf1[0][1],errorf2[0][0],errorf2[0][1],train_Srel[0],test_Srel[0],
inf,12.00000000,0.00000000,0.00000000,0.00000000,2022.99958862,17240.06738400,2022.99958862,17240.06738400,14.34325954,2008.65632909,7.33698049,15024.19505988,14.70442681,2193.83091682,0.00000000,0.00000000,
0.01000000,12.00000000,1.14507627,201.00000000,0.00000000,0.37936597,1836.69523211,0.37936597,1836.69523211,0.32127024,0.00000833,17.85916975,0.00005755,1753.94612906,64.80986247,-5.80873931,-8.00132740,alpha,seed,time,niter,nfail,train_lossf,test_lossf,train_lossf[0],test_lossf[0],errorf[0][0],errorf[0][1],errorf1[0][0],errorf1[0][1],errorf2[0][0],errorf2[0][1],train_Srel[0],test_Srel[0],
inf,13.00000000,0.00000000,0.00000000,0.00000000,4697.66994279,17315.75029575,4697.66994279,17315.75029575,14.60701537,4683.06292742,7.08663473,12316.25858156,14.92954641,4977.47553305,-0.00000000,0.00000000,
0.01000000,13.00000000,2.63486028,295.00000000,0.00000000,0.44405234,1211.23484314,0.44405234,1211.23484314,0.38921004,0.00009241,191.93658904,3.81089086,788.13363233,227.27753421,-5.47498886,-7.61966983,alpha,seed,time,niter,nfail,train_lossf,test_lossf,train_lossf[0],test_lossf[0],errorf[0][0],errorf[0][1],errorf1[0][0],errorf1[0][1],errorf2[0][0],errorf2[0][1],train_Srel[0],test_Srel[0],
inf,14.00000000,0.00000000,0.00000000,0.00000000,16704.71354013,17517.39086567,16704.71354013,17517.39086567,17.36348973,16687.35005041,4.53497188,202.34104434,17.08234761,17293.43250183,0.00000000,-0.00000000,
0.01000000,14.00000000,5.73869228,586.00000000,0.00000000,0.52138960,105.69593796,0.52138960,105.69593796,0.46598191,0.00019893,26.67818508,0.00000000,22.57872720,56.36421287,-5.52087594,-7.48128016,alpha,seed,time,niter,nfail,train_lossf,test_lossf,train_lossf[0],test_lossf[0],errorf[0][0],errorf[0][1],errorf1[0][0],errorf1[0][1],errorf2[0][0],errorf2[0][1],train_Srel[0],test_Srel[0],
inf,15.00000000,0.00000000,0.00000000,0.00000000,3346.15917583,16975.13956671,3346.15917583,16975.13956671,15.08765863,3331.07151721,6.57822410,13830.76152558,15.53225565,3122.26756137,0.00000000,-0.00000000,
0.01000000,15.00000000,3.61009550,711.00000000,0.00000000,0.61630831,1636.18237656,0.61630831,1636.18237656,0.55823301,0.00021814,71.96628559,0.00000000,1445.66499473,118.47003110,-5.78571615,-8.10651452,alpha,seed,time,niter,nfail,train_lossf,test_lossf,train_lossf[0],test_lossf[0],errorf[0][0],errorf[0][1],errorf1[0][0],errorf1[0][1],errorf2[0][0],errorf2[0][1],train_Srel[0],test_Srel[0],
inf,16.00000000,0.00000000,0.00000000,0.00000000,16841.46341374,17433.14342240,16841.46341374,17433.14342240,16.38745189,16825.07596185,5.53710559,115.45708346,16.01014446,17296.13908888,0.00000000,0.00000000,
0.01000000,16.00000000,7.19662666,547.00000000,0.00000000,0.49130086,2467.19374276,0.49130086,2467.19374276,0.43346566,0.00012215,48.52136161,2246.50770961,45.41657089,126.67329827,-5.77130595,-7.48023747,alpha,seed,time,niter,nfail,train_lossf,test_lossf,train_lossf[0],test_lossf[0],errorf[0][0],errorf[0][1],errorf1[0][0],errorf1[0][1],errorf2[0][0],errorf2[0][1],train_Srel[0],test_Srel[0],
inf,17.00000000,0.00000000,0.00000000,0.00000000,17000.74804836,17092.57010317,17000.74804836,17092.57010317,16.99962623,16983.74842213,5.01067795,122.60562399,16.37646267,16948.57733856,-0.00000000,0.00000000,
0.01000000,17.00000000,3.27983665,606.00000000,0.00000000,0.35307981,316866.11778861,0.35307981,316866.11778861,0.29650358,0.00045269,36.98575784,308979.05421362,132.66561807,7717.33110983,-5.61235375,-8.10892416,alpha,seed,time,niter,nfail,train_lossf,test_lossf,train_lossf[0],test_lossf[0],errorf[0][0],errorf[0][1],errorf1[0][0],errorf1[0][1],errorf2[0][0],errorf2[0][1],train_Srel[0],test_Srel[0],
inf,18.00000000,0.00000000,0.00000000,0.00000000,17299.89669951,16720.74347619,17299.89669951,16720.74347619,17.76442231,17282.13227721,4.29499919,22.76125384,17.01772752,16676.66949565,0.00000000,-0.00000000,
0.01000000,18.00000000,7.72495890,758.00000000,0.00000000,0.59065585,8716.61755485,0.59065585,8716.61755485,0.53101479,0.00000000,41.99030427,389.01565539,90.58448439,8194.95876935,-5.96410643,-6.83414615,alpha,seed,time,niter,nfail,train_lossf,test_lossf,train_lossf[0],test_lossf[0],errorf[0][0],errorf[0][1],errorf1[0][0],errorf1[0][1],errorf2[0][0],errorf2[0][1],train_Srel[0],test_Srel[0],
inf,19.00000000,0.00000000,0.00000000,0.00000000,15774.40386344,19178.75798105,15774.40386344,19178.75798105,14.82110544,15759.58275800,6.72825469,335.58095431,15.57260702,18820.87616503,-0.00000000,0.00000000,
0.01000000,19.00000000,13.20035887,722.00000000,0.00000000,0.42799978,6946.07111760,0.42799978,6946.07111760,0.37049336,0.00054651,173.68847647,0.00000000,6627.87557209,144.42574062,-5.69599087,-8.13284150,
0.00000000,12.00000000,67.62906480,840.00000000,1.00000000,9813.77512445,21715.80022913,9813.77512445,21715.80022913,151.56606771,9662.20905674,12.68189135,4.21813262,1503.62521504,20195.27499012,0.00000000,0.00000000,alpha,seed,time,niter,nfail,train_lossf,test_lossf,train_lossf[0],test_lossf[0],errorf[0][0],errorf[0][1],errorf1[0][0],errorf1[0][1],errorf2[0][0],errorf2[0][1],train_Srel[0],test_Srel[0],
inf,2.00000000,0.00000000,0.00000000,0.00000000,15703.05867549,16736.66175463,15703.05867549,16736.66175463,18.60086967,15684.45780582,3.25133648,1605.81634420,18.47145683,15109.12261712,0.00000000,-0.00000000,
0.01000000,2.00000000,3.43129158,600.00000000,0.00000000,0.30627366,39.30924435,0.30627366,39.30924435,0.24882043,0.00110770,11.13396648,0.00000000,28.09518702,0.00000000,-5.63455387,-8.00908528,alpha,seed,time,niter,nfail,train_lossf,test_lossf,train_lossf[0],test_lossf[0],errorf[0][0],errorf[0][1],errorf1[0][0],errorf1[0][1],errorf2[0][0],errorf2[0][1],train_Srel[0],test_Srel[0],
inf,20.00000000,0.00000000,0.00000000,0.00000000,16908.86288620,17217.07408549,16908.86288620,17217.07408549,13.64343824,16895.21944796,8.14365453,148.67197250,13.67146024,17046.58699822,-0.00000000,0.00000000,
0.01000000,20.00000000,6.30746222,753.00000000,0.00000000,0.56809975,419.83488466,0.56809975,419.83488466,0.51332590,0.00011203,261.21655190,7.97021657,150.56718465,0.00000000,-5.46618190,-8.09315388,
0.00000000,13.00000000,0.57897806,9.00000000,1.00000000,31.99382908,97.80071199,31.99382908,97.80071199,31.99382908,0.00000000,41.35254595,0.00000000,56.44816604,0.00000000,-16777216.00000000,33554432.00000000,alpha,seed,time,niter,nfail,train_lossf,test_lossf,train_lossf[0],test_lossf[0],errorf[0][0],errorf[0][1],errorf1[0][0],errorf1[0][1],errorf2[0][0],errorf2[0][1],train_Srel[0],test_Srel[0],
inf,3.00000000,0.00000000,0.00000000,0.00000000,16743.84986524,17189.77448219,16743.84986524,17189.77448219,15.16450529,16728.68535996,6.46096521,333.25925037,15.70817006,16834.34609655,0.00000000,0.00000000,
0.01000000,3.00000000,14.82280087,2373.00000000,0.00000000,0.41767970,1636.18244868,0.41767970,1636.18244868,0.36238237,0.00055309,40.94295723,0.00000000,1476.68832309,118.47003110,-5.47442334,-8.11372609,
0.00000000,14.00000000,130.28538561,841.00000000,1.00000000,303.54355802,102014.32770024,303.54355802,102014.32770024,297.72855629,5.81500173,31.91039002,20.94354760,562.16606280,101399.30769983,0.00000000,68719476736.00000000,alpha,seed,time,niter,nfail,train_lossf,test_lossf,train_lossf[0],test_lossf[0],errorf[0][0],errorf[0][1],errorf1[0][0],errorf1[0][1],errorf2[0][0],errorf2[0][1],train_Srel[0],test_Srel[0],
inf,4.00000000,0.00000000,0.00000000,0.00000000,4666.77943823,17570.88487297,4666.77943823,17570.88487297,13.24607295,4653.53336528,8.46040035,12228.13040574,13.53299422,5320.76107267,0.00000000,0.00000000,
0.01000000,4.00000000,8.00928044,558.00000000,0.00000000,0.54747923,316866.11758882,0.54747923,316866.11758882,0.48771758,0.00163599,73.33279107,7424.62967229,96.31858485,309271.75564886,-5.81256639,-8.08917568,
0.00000000,15.00000000,79.57733345,843.00000000,1.00000000,35.32879008,1636.10131141,35.32879008,1636.10131141,35.32879008,0.00000000,71.96628559,0.00000000,1445.66499473,118.47003110,137438953472.00000000,274877906944.00000000,alpha,seed,time,niter,nfail,train_lossf,test_lossf,train_lossf[0],test_lossf[0],errorf[0][0],errorf[0][1],errorf1[0][0],errorf1[0][1],errorf2[0][0],errorf2[0][1],train_Srel[0],test_Srel[0],
inf,5.00000000,0.00000000,0.00000000,0.00000000,3125.40422377,17236.86361668,3125.40422377,17236.86361668,14.43630481,3110.96791896,7.46886595,13922.07708986,14.10825686,3293.20940401,-0.00000000,0.00000000,
0.01000000,5.00000000,2.70443773,562.00000000,0.00000000,0.34065721,3477.04227677,0.34065721,3477.04227677,0.28472895,0.00014380,10.11469793,0.00000000,3466.84645657,0.00000000,-5.57844664,-8.11222796,
0.00000000,16.00000000,166.91414332,843.00000000,1.00000000,35.88160583,5510.52115000,35.88160583,5510.52115000,35.25306399,0.62854184,107.56894385,4950.41809185,105.86299538,346.67111892,0.00000000,0.00000000,alpha,seed,time,niter,nfail,train_lossf,test_lossf,train_lossf[0],test_lossf[0],errorf[0][0],errorf[0][1],errorf1[0][0],errorf1[0][1],errorf2[0][0],errorf2[0][1],train_Srel[0],test_Srel[0],
inf,6.00000000,0.00000000,0.00000000,0.00000000,15588.64710584,16939.88114089,15588.64710584,16939.88114089,12.96871750,15575.67838835,8.88229766,1606.89478948,12.81933302,15311.28472074,-0.00000000,0.00000000,
0.01000000,6.00000000,11.38823557,1313.00000000,0.00000000,0.70843098,724.52752431,0.70843098,724.52752431,0.64580366,0.00635454,440.96339317,0.00000000,86.89943911,196.58330058,-5.62727744,-8.13914599,
0.00000000,17.00000000,91.37110233,849.00000000,1.00000000,27.08395663,316866.03669937,27.08395663,316866.03669937,27.08395663,0.00000000,36.98575784,308979.05421362,132.66561807,7717.33110983,26388279066624.00000000,-35184372088832.00000000,alpha,seed,time,niter,nfail,train_lossf,test_lossf,train_lossf[0],test_lossf[0],errorf[0][0],errorf[0][1],errorf1[0][0],errorf1[0][1],errorf2[0][0],errorf2[0][1],train_Srel[0],test_Srel[0],
inf,7.00000000,0.00000000,0.00000000,0.00000000,12666.95036098,16739.92004318,12666.95036098,16739.92004318,14.63700244,12652.31335854,7.09315476,4631.37561704,14.83852706,12086.61274432,0.00000000,-0.00000000,
0.01000000,7.00000000,3.08237982,515.00000000,0.00000000,0.54722574,3477.04242263,0.54722574,3477.04242263,0.48952152,0.00001345,11.62963603,0.00000000,3465.33151847,0.00000000,-5.76907637,-8.12681372,
0.00000000,18.00000000,90.19669533,843.00000000,1.00000000,1830.12194934,108.69597113,1830.12194934,108.69597113,1814.19598828,15.92596106,23.83536745,52.86986147,31.99074221,0.00000000,0.00000000,0.00000000,alpha,seed,time,niter,nfail,train_lossf,test_lossf,train_lossf[0],test_lossf[0],errorf[0][0],errorf[0][1],errorf1[0][0],errorf1[0][1],errorf2[0][0],errorf2[0][1],train_Srel[0],test_Srel[0],
inf,8.00000000,0.00000000,0.00000000,0.00000000,14566.32356568,16163.37555200,14566.32356568,16163.37555200,16.86960895,14549.45395673,5.13756675,3047.12215450,16.26691847,13094.84891228,0.00000000,-0.00000000,
0.01000000,8.00000000,7.75011158,1401.00000000,0.00000000,0.24360566,5053.74947861,0.24360566,5053.74947861,0.18877792,0.00000909,159.16481303,1453.33084393,790.40591100,2650.76649595,-5.48186544,-8.14147042,
0.00000000,19.00000000,71.03305864,843.00000000,1.00000000,473.11888660,6946.17416564,473.11888660,6946.17416564,243.17238571,229.94650089,173.69392540,0.00000000,6628.04927980,144.43096045,-9223372036854775808.00000000,0.00000000,alpha,seed,time,niter,nfail,train_lossf,test_lossf,train_lossf[0],test_lossf[0],errorf[0][0],errorf[0][1],errorf1[0][0],errorf1[0][1],errorf2[0][0],errorf2[0][1],train_Srel[0],test_Srel[0],
inf,9.00000000,0.00000000,0.00000000,0.00000000,156.91566648,17127.48797322,156.91566648,17127.48797322,15.51677719,141.39888929,6.03177776,16944.99552598,16.30426031,160.15640916,0.00000000,-0.00000000,
0.01000000,9.00000000,2.91104174,484.00000000,0.00000000,0.51698487,1636.18230999,0.51698487,1636.18230999,0.46017853,0.00001796,78.69539257,0.00000000,1438.93588775,118.47003110,-5.67883809,-8.09985791,
0.00000000,2.00000000,65.51479435,849.00000000,1.00000000,54.48068927,37202.47419788,54.48068927,37202.47419788,53.85214743,0.62854184,48.18240010,68.62397228,143.47778045,36942.19004505,4398046511104.00000000,-4398046511104.00000000,
0.00000000,20.00000000,67.64764810,840.00000000,1.00000000,276.21423214,9721.91911437,276.21423214,9721.91911437,241.48320498,34.73102716,43.68984639,688.99235002,233.70609138,8755.53082658,-1099511627776.00000000,0.00000000,
0.00000000,3.00000000,68.42159986,843.00000000,1.00000000,11641.15433792,6946.17416564,11641.15433792,6946.17416564,59.34349929,11581.81083863,44.01784620,143.33646838,6757.72535899,1.09449207,0.00000000,0.00000000,
0.00000000,4.00000000,96.67392588,845.00000000,1.00000000,1193.36292646,5510.52115000,1193.36292646,5510.52115000,1193.36292646,0.00000000,103.95592268,5196.74285163,109.47601655,100.34635914,-1125899906842624.00000000,0.00000000,
0.00000000,5.00000000,91.44220304,847.00000000,1.00000000,51.20505828,3476.96115449,51.20505828,3476.96115449,19.38089667,31.82416161,10.11469793,0.00000000,3466.84645657,0.00000000,0.00000000,-1125899906842624.00000000,
0.00000000,6.00000000,74.73345089,841.00000000,1.00000000,58.74526905,146410.56760623,58.74526905,146410.56760623,58.74526905,0.00000000,50.69067327,0.00000000,67.62923985,146292.24769311,0.00000000,17179869184.00000000,
0.00000000,7.00000000,65.77547073,842.00000000,1.00000000,46.60754539,3476.96115449,46.60754539,3476.96115449,46.60754539,0.00000000,11.62963603,0.00000000,3465.33151847,0.00000000,-549755813888.00000000,1099511627776.00000000,
0.00000000,8.00000000,79.44094062,848.00000000,1.00000000,409.62922013,56.57482247,409.62922013,56.57482247,377.99025706,31.63896307,15.52776955,0.00000000,41.04705292,0.00000000,-4951760157141521099596496896.00000000,4951760157141521099596496896.00000000,
0.00000000,9.00000000,79.52998400,846.00000000,1.00000000,31.49662619,38.24510626,31.49662619,38.24510626,31.49662619,0.00000000,9.82935601,0.00000000,28.41575025,0.00000000,77371252455336267181195264.00000000,0.00000000,
0.10000000,1.00000000,0.75083327,91.00000000,0.00000000,0.69754941,5333.18881818,0.69754941,5333.18881818,0.31034489,0.00000000,13.72740013,5271.37498022,14.23596812,33.34033053,-3.87204522,-5.10139186,
0.10000000,10.00000000,1.22688127,159.00000000,0.00000000,0.96254798,1245.07886693,0.96254798,1245.07886693,0.53023100,0.00004073,27.11402523,94.67921772,51.46793541,1071.01437246,-4.32276263,-8.03316093,
0.10000000,11.00000000,0.95473719,171.00000000,0.00000000,1.10706645,1636.90961341,1.10706645,1636.90961341,0.62940627,0.00003002,47.84935223,0.00000000,1469.78192809,118.47003110,-4.77630165,-8.08301992,
0.10000000,12.00000000,0.52775455,85.00000000,0.00000000,0.82663979,3097.81658764,0.82663979,3097.81658764,0.41648549,0.00000745,6.13939705,239.55421943,100.62007587,2751.02398735,-4.10146857,-4.78907947,
0.10000000,13.00000000,1.01722312,79.00000000,0.00000000,0.87404744,6185.49344047,0.87404744,6185.49344047,0.46530459,0.00000341,11.51341531,172.75490314,34.09114178,5966.53523686,-4.08739432,-5.98743369,
0.10000000,14.00000000,0.94021416,146.00000000,0.00000000,0.98124566,72.95814901,0.98124566,72.95814901,0.51535547,0.00000939,20.58438682,0.00000000,16.19239357,35.47019588,-4.65880802,-7.11172743,
0.10000000,15.00000000,0.87745953,196.00000000,0.00000000,1.08676659,1636.90534757,1.08676659,1636.90534757,0.62121112,0.00007111,71.96598005,0.00000000,1445.65910717,118.46961181,-4.65484361,-8.10648547,
0.10000000,16.00000000,1.87465787,175.00000000,0.00000000,0.96685844,1737.80129338,0.96685844,1737.80129338,0.49748573,0.00018803,39.15778792,1581.96526540,36.61624370,79.35025777,-4.69184679,-7.11738579,
0.10000000,17.00000000,1.55043888,300.00000000,0.00000000,0.80903017,285922.88314748,0.80903017,285922.88314748,0.35466445,0.00005646,34.18239440,278702.34526685,123.66407703,7061.90236138,-4.54309257,-7.89047821,
0.10000000,18.00000000,2.25313950,201.00000000,0.00000000,1.07545120,42.24136365,1.07545120,42.24136365,0.59555020,0.00000044,13.66614957,14.49197629,10.55704773,3.01857488,-4.79900559,-5.07615184,
0.10000000,19.00000000,2.58289766,202.00000000,0.00000000,0.88138874,6671.68490365,0.88138874,6671.68490365,0.44657616,0.00001402,166.09810884,0.00000000,6367.06031159,137.72628426,-4.34798569,-8.00198966,
0.10000000,2.00000000,1.17991209,206.00000000,0.00000000,0.75812302,2019.33375586,0.75812302,2019.33375586,0.31291861,0.00002214,9.66384989,1948.31050074,60.73344345,0.00000000,-4.45182272,-6.25961790,
0.10000000,20.00000000,1.56734109,223.00000000,0.00000000,1.01487689,12326.10001984,1.01487689,12326.10001984,0.57588322,0.00010318,12.45064211,12183.39363763,121.77073976,7.87798507,-4.38890481,-6.07015276,
0.10000000,3.00000000,2.60948348,545.00000000,0.00000000,0.86499531,1636.91246187,0.86499531,1636.91246187,0.41812549,0.00014611,40.94295127,0.00000000,1476.68812616,118.47001195,-4.46723717,-8.11372493,
0.10000000,4.00000000,1.23917103,200.00000000,0.00000000,1.01973622,276987.39046216,1.01973622,276987.39046216,0.55215607,0.00012146,65.88381981,6228.87403036,84.28743163,270607.57476298,-4.67458696,-7.70417379,
0.10000000,5.00000000,1.43077326,195.00000000,0.00000000,0.78795565,3460.72777682,0.78795565,3460.72777682,0.35546479,0.00000142,10.07447038,0.00000000,3449.84424269,0.00000000,-4.32489434,-8.09063752,
0.10000000,6.00000000,5.06529498,473.00000000,0.00000000,1.16962920,294.99629140,1.16962920,294.99629140,0.69989507,0.00054465,179.87253032,0.64351424,38.14180295,75.65129034,-4.69189481,-6.87153553,
0.10000000,7.00000000,0.92002583,162.00000000,0.00000000,1.00713707,3477.58465465,1.00713707,3477.58465465,0.55511705,0.00006415,11.62877442,0.00000000,3465.14323689,0.00000000,-4.51955867,-8.12643344,
0.10000000,8.00000000,3.47277260,389.00000000,0.00000000,0.69673570,1855.18134335,0.69673570,1855.18134335,0.24526497,0.00000009,55.58926643,478.24834282,366.38010658,954.29533404,-4.51470641,-6.68293494,
0.10000000,9.00000000,0.81009817,124.00000000,0.00000000,0.97986465,1636.90309489,0.97986465,1636.90309489,0.51857883,0.00001454,78.69489873,0.00000000,1438.92884024,118.46937390,-4.61271274,-8.09982024,
1000000.00000000,1.00000000,3.69299722,372.00000000,0.00000000,3245.79102217,17117.06902201,3245.79102217,17117.06902201,15.91265844,3115.26695420,5.85361858,13732.16541719,15.48064574,3243.05916124,-0.00011461,-0.00012051,
1000000.00000000,10.00000000,4.61841917,687.00000000,0.00000000,11830.26468171,16158.80283153,11830.26468171,16158.80283153,16.07332351,11064.25394367,5.32731602,4485.41896220,15.84818233,10902.64374060,-0.00074994,-0.00074956,
1000000.00000000,11.00000000,4.04579496,633.00000000,0.00000000,4837.45552391,16960.31225876,4837.45552391,16960.31225876,16.16855113,4684.49735277,5.47040880,12080.33774149,15.90034899,4727.78846103,-0.00013679,-0.00013082,
1000000.00000000,12.00000000,2.36711574,398.00000000,0.00000000,1996.36107274,17116.54252758,1996.36107274,17116.54252758,14.27369128,1956.32347648,7.31152721,14933.03207414,14.63083039,2132.85227250,-0.00002576,-0.00002872,
1000000.00000000,13.00000000,3.31015897,443.00000000,0.00000000,4565.66689041,17123.48879457,4565.66689041,17123.48879457,14.43025950,4424.90373868,7.03199088,12278.77610758,14.74435162,4688.61549951,-0.00012633,-0.00013432,
1000000.00000000,14.00000000,8.90924168,1027.00000000,0.00000000,15747.18036506,16506.90975999,15747.18036506,16506.90975999,16.91622850,14854.88652870,4.29859687,191.32181325,16.64069860,15414.09110581,-0.00087538,-0.00088056,
1000000.00000000,15.00000000,2.26214457,412.00000000,0.00000000,3218.13599167,16911.55696486,3218.13599167,16911.55696486,14.98394008,3080.74049136,6.50898500,13883.86237258,15.43396871,2887.29164140,-0.00012241,-0.00011846,
1000000.00000000,16.00000000,4.96374965,691.00000000,0.00000000,15868.89699691,16436.27357895,15868.89699691,16436.27357895,15.78739083,14958.28471149,5.44207560,111.89709306,15.42876393,15406.98346513,-0.00089482,-0.00089652,
1000000.00000000,17.00000000,4.28371310,701.00000000,0.00000000,16021.98656958,16110.32468570,16021.98656958,16110.32468570,16.43279756,15089.27934643,4.87001090,118.02561054,15.83609744,15051.48283208,-0.00091627,-0.00092011,
1000000.00000000,18.00000000,7.18204188,888.00000000,0.00000000,16320.31800652,15734.94417268,16320.31800652,15734.94417268,17.25061324,15423.30193690,4.11221223,20.70784780,16.51589459,14792.96563799,-0.00087977,-0.00090064,
1000000.00000000,19.00000000,4.16462135,675.00000000,0.00000000,14910.74487554,18000.17257443,14910.74487554,18000.17257443,14.37872689,14107.50761974,6.52664546,313.28240970,15.08308057,16784.93053564,-0.00078886,-0.00088035,
1000000.00000000,2.00000000,6.82675147,653.00000000,0.00000000,14783.27399292,15821.41955698,14783.27399292,15821.41955698,18.00681346,13899.79804522,3.19892422,1542.24017893,17.89653118,13417.40808921,-0.00086547,-0.00084068,
1000000.00000000,20.00000000,4.63089657,884.00000000,0.00000000,15944.89302388,16225.60837706,15944.89302388,16225.60837706,13.25193942,15058.88989040,7.85366015,134.54292322,13.27215648,15198.43906961,-0.00087275,-0.00087150,
1000000.00000000,3.00000000,5.63088632,1027.00000000,0.00000000,15774.68535405,16213.48303419,15774.68535405,16213.48303419,14.62606941,14872.17158737,6.33357510,316.99407500,15.14150099,14988.85883538,-0.00088789,-0.00088616,
1000000.00000000,4.00000000,5.90445352,572.00000000,0.00000000,4536.69949921,17366.00521920,4536.69949921,17366.00521920,13.11259862,4401.50379102,8.36417195,12190.70928990,13.38453731,5015.82484185,-0.00012208,-0.00013772,
1000000.00000000,5.00000000,2.08072519,289.00000000,0.00000000,3009.99457185,17154.41708509,3009.99457185,17154.41708509,14.31881201,2878.60931863,7.41885111,13967.02454650,13.98989325,3042.34762043,-0.00011707,-0.00012364,
1000000.00000000,6.00000000,5.16898823,899.00000000,0.00000000,14684.78385117,15994.73662120,14684.78385117,15994.73662120,12.74282197,13859.27782824,8.47962046,1546.58058783,12.59546250,13616.78041338,-0.00081276,-0.00081030,
1000000.00000000,7.00000000,1.95545840,312.00000000,0.00000000,11820.46376941,15940.16282539,11820.46376941,15940.16282539,14.29857749,11051.02096902,6.95804973,4614.81161769,14.50569910,10574.87412915,-0.00075514,-0.00072901,
1000000.00000000,8.00000000,5.56801748,927.00000000,0.00000000,13606.15359831,15392.20619534,13606.15359831,15392.20619534,16.42112171,12724.52868869,5.03015669,3101.01204416,15.85426615,11444.99412582,-0.00086520,-0.00082532,
1000000.00000000,9.00000000,0.60458422,94.00000000,0.00000000,156.63111373,17112.53390105,156.63111373,17112.53390105,15.51190168,140.85047741,6.02768361,16930.36669561,16.29859315,159.57513288,-0.00000027,-0.00000027,
100000.00000000,1.00000000,4.70314646,314.00000000,0.00000000,2531.62642937,16469.09055464,2531.62642937,16469.09055464,15.13680801,1950.85844280,5.57252378,13856.77692712,14.70393293,2000.18440475,-0.00565631,-0.00591853,
100000.00000000,10.00000000,3.17258263,493.00000000,0.00000000,7940.74371614,12131.51110343,7940.74371614,12131.51110343,14.58659839,5335.41405217,4.73406128,4288.57459562,14.23711701,5262.13068006,-0.02590743,-0.02561835,
100000.00000000,11.00000000,5.37944078,811.00000000,0.00000000,3926.09041570,15649.51051290,3926.09041570,15649.51051290,15.21869721,3164.54182673,4.86043415,11660.83417250,14.93105837,3247.47604320,-0.00746330,-0.00721409,
100000.00000000,12.00000000,3.29958129,375.00000000,0.00000000,1798.78327528,16157.67030916,1798.78327528,16157.67030916,13.74315148,1598.82163597,7.11947672,14208.86056876,14.07109150,1723.08049127,-0.00186218,-0.00204539,
100000.00000000,13.00000000,4.57053113,510.00000000,0.00000000,3734.73159618,15758.47832504,3734.73159618,15758.47832504,13.32502187,3038.60965729,6.66363278,11855.41685822,13.59260793,3169.04389198,-0.00682797,-0.00713761,
100000.00000000,14.00000000,6.95226574,1149.00000000,0.00000000,10969.75589205,11430.80226215,10969.75589205,11430.80226215,14.59476375,7575.42232432,3.37829747,130.12917222,14.38299946,7817.81517711,-0.03379739,-0.03465097,
100000.00000000,15.00000000,2.38927627,471.00000000,0.00000000,2469.57664388,16475.34180661,2469.57664388,16475.34180661,14.38382093,1872.77994620,6.10877261,14137.30371164,14.86573226,1753.72787304,-0.00582413,-0.00563336,
100000.00000000,16.00000000,8.50535536,806.00000000,0.00000000,11019.25395472,11426.00887245,11019.25395472,11426.00887245,12.93742809,7617.16160076,5.04190379,88.14793054,12.68904386,7889.38118878,-0.03389155,-0.03430749,
100000.00000000,17.00000000,4.69857621,837.00000000,0.00000000,11127.77682635,11199.65093605,11127.77682635,11199.65093605,13.76660588,7684.41899750,4.26576789,90.40843807,13.33476188,7659.24838605,-0.03429591,-0.03432394,
100000.00000000,18.00000000,7.44648027,931.00000000,0.00000000,11385.94825088,10864.14347363,11385.94825088,10864.14347363,14.74528051,7910.19668432,3.30376806,10.47157519,14.11361691,7333.59791246,-0.03461006,-0.03502657,
100000.00000000,19.00000000,5.85575008,670.00000000,0.00000000,10499.50716589,12265.73665308,10499.50716589,12265.73665308,12.24945837,7347.08592197,5.56490621,201.68437086,12.72996598,8559.65542303,-0.03140172,-0.03486102,
100000.00000000,2.00000000,5.59475303,560.00000000,0.00000000,10216.35656756,11208.75687562,10216.35656756,11208.75687562,15.14998051,7032.84998847,3.06314056,1227.09375028,15.11013577,6894.30434875,-0.03168357,-0.03069186,
100000.00000000,20.00000000,5.29845524,849.00000000,0.00000000,11106.07310843,11271.25751559,11106.07310843,11271.25751559,11.26172318,7691.11239207,6.60876805,73.61699096,11.25399163,7778.14713827,-0.03403699,-0.03401631,
100000.00000000,3.00000000,8.27528501,890.00000000,0.00000000,10946.21168872,11301.96238656,10946.21168872,11301.96238656,12.22424895,7567.64288591,5.62250967,224.87819753,12.55775196,7698.50137656,-0.03366345,-0.03360403,
100000.00000000,4.00000000,2.66484666,687.00000000,0.00000000,3715.38897809,15922.87218858,3715.38897809,15922.87218858,12.26502352,3020.61210959,7.72575170,11771.18937450,12.44630040,3369.79109064,-0.00682512,-0.00761720,
100000.00000000,5.00000000,4.60031199,332.00000000,0.00000000,2327.01840787,16599.45116994,2327.01840787,16599.45116994,13.65434832,1777.28393930,7.13004148,14153.19308495,13.32341577,1861.00033025,-0.00536080,-0.00564804,
100000.00000000,6.00000000,5.18850374,656.00000000,0.00000000,10188.42789826,11249.92037561,10188.42789826,11249.92037561,11.62270704,7047.01305137,6.60181771,1232.52045257,11.50603374,6857.13345486,-0.03129792,-0.03142159,
100000.00000000,7.00000000,2.78828382,479.00000000,0.00000000,7869.79108995,12089.71575053,7869.79108995,12089.71575053,12.82362658,5223.00362394,6.35182930,4466.07064591,13.04690363,5069.61067966,-0.02633964,-0.02534636,
100000.00000000,8.00000000,5.05161643,983.00000000,0.00000000,9104.91577580,11630.37702626,9104.91577580,11630.37702626,14.57840387,6128.98104232,4.48044837,3293.19943899,14.15766416,5503.05300455,-0.02961356,-0.02815486,
100000.00000000,9.00000000,3.15808249,128.00000000,0.00000000,154.14581629,16976.83485717,154.14581629,16976.83485717,15.46780174,135.94360326,5.99051644,16797.52454438,16.24728027,154.36477874,-0.00002734,-0.00002708,
10000.00000000,1.00000000,6.49571562,557.00000000,0.00000000,1051.59191564,13590.13555776,1051.59191564,13590.13555776,12.88122053,484.92202503,4.87836912,12524.09411843,12.51248352,478.78174167,-0.05537887,-0.05698688,
10000.00000000,10.00000000,4.28112459,549.00000000,0.00000000,2516.75326763,5572.52839348,2516.75326763,5572.52839348,12.26413328,872.63440365,4.12500826,3078.75352720,11.67134477,863.52427868,-0.16318547,-0.16144542,
10000.00000000,11.00000000,4.16444921,546.00000000,0.00000000,1728.07246694,10213.88369709,1728.07246694,10213.88369709,12.67543191,797.19046400,3.19820642,8443.34316124,12.36494491,837.04879818,-0.09182066,-0.09179286,
10000.00000000,12.00000000,1.73013949,417.00000000,0.00000000,1051.00021516,11551.89720859,1051.00021516,11551.89720859,11.42128950,628.98684890,6.32610607,10437.73108660,11.63039853,662.67726795,-0.04105921,-0.04335323,
10000.00000000,13.00000000,2.61665964,472.00000000,0.00000000,1665.16368570,10433.18077851,1665.16368570,10433.18077851,10.43232371,774.20397503,5.47629344,8720.96939159,10.57490210,810.62630436,-0.08805274,-0.08855339,
10000.00000000,14.00000000,4.72305822,798.00000000,0.00000000,3454.66540303,3531.52510888,3454.66540303,3531.52510888,11.11011115,1080.70506526,3.48171360,28.71057783,11.28669351,1061.36232666,-0.23628502,-0.24266838,
10000.00000000,15.00000000,1.97059870,339.00000000,0.00000000,969.27243748,14724.24846920,969.27243748,14724.24846920,12.90391742,413.67951771,5.04602079,13798.24365908,13.46531706,380.08119391,-0.05426890,-0.05274123,
10000.00000000,16.00000000,4.81660318,669.00000000,0.00000000,3437.60089094,3557.12967148,3437.60089094,3557.12967148,9.56589428,1049.45131573,5.07670281,37.24016979,9.72849097,1075.87852397,-0.23785837,-0.24292058,
10000.00000000,17.00000000,3.88457441,822.00000000,0.00000000,3465.71735146,3501.62654289,3465.71735146,3501.62654289,10.41307869,1053.96180839,4.28617982,37.34009679,10.43029117,1046.66789190,-0.24013425,-0.24029021,
10000.00000000,18.00000000,6.52007842,944.00000000,0.00000000,3569.50940925,3368.92909330,3569.50940925,3368.92909330,11.78589874,1096.94685962,2.96793924,0.17116108,11.43350000,934.44014350,-0.24607767,-0.24199163,
10000.00000000,19.00000000,2.20066643,542.00000000,0.00000000,3351.10392884,3725.19700788,3351.10392884,3725.19700788,10.01712567,1064.07205882,4.54437359,39.54657419,10.28578921,1191.25519836,-0.22770147,-0.24795651,
10000.00000000,2.00000000,2.61597371,493.00000000,0.00000000,3194.74177347,3785.70604196,3194.74177347,3785.70604196,10.97906846,1004.74419498,3.76021066,602.39846688,10.96878147,1042.50670343,-0.21790185,-0.21260719,
10000.00000000,20.00000000,4.76387310,748.00000000,0.00000000,3481.45707854,3512.77349192,3481.45707854,3512.77349192,8.55708489,1073.68101113,6.06865932,8.85366042,8.57010358,1077.76552476,-0.23992190,-0.24115155,
10000.00000000,3.00000000,3.72211766,787.00000000,0.00000000,3417.75958792,3544.12917077,3417.75958792,3544.12917077,10.30380620,1050.81893778,4.47615468,68.30911262,10.11584461,1090.55863965,-0.23566368,-0.23706694,
10000.00000000,4.00000000,6.47386837,514.00000000,0.00000000,1656.81159801,10413.05704396,1656.81159801,10413.05704396,10.15561220,771.57039988,5.79307147,8640.42477301,10.12540579,808.94600837,-0.08750856,-0.09477678,
10000.00000000,5.00000000,3.22562861,581.00000000,0.00000000,924.73049162,14429.70750219,924.73049162,14429.70750219,11.94655134,397.68122941,6.35961050,13461.94107514,11.62012821,410.10380343,-0.05151027,-0.05396829,
10000.00000000,6.00000000,4.15476727,679.00000000,0.00000000,3213.51038809,3743.91517460,3213.51038809,3743.91517460,10.25872046,1017.32172968,4.44199049,599.32829431,10.27383613,948.33877215,-0.21859299,-0.21815323,
10000.00000000,7.00000000,1.75677896,335.00000000,0.00000000,2429.62675449,5975.41300254,2429.62675449,5975.41300254,10.93868673,800.32758414,5.48869996,3572.74071050,11.15865226,815.89840236,-0.16183605,-0.15701265,
10000.00000000,8.00000000,4.19569612,750.00000000,0.00000000,2795.62502764,5579.29518476,2795.62502764,5579.29518476,12.90560949,884.57504514,3.37650123,2971.38697078,12.63720512,790.38220138,-0.18981444,-0.18015123,
10000.00000000,9.00000000,0.48416352,148.00000000,0.00000000,134.86569122,15905.22185048,134.86569122,15905.22185048,15.11057633,102.47380117,5.69641804,15748.10144835,15.83251403,118.33480578,-0.00172813,-0.00172567,
1000.00000000,1.00000000,5.53101802,375.00000000,0.00000000,246.35717885,7221.06499542,246.35717885,7221.06499542,10.07738524,58.57600983,4.17353932,6971.12566024,9.92637336,55.52457097,-0.17770378,-0.18031485,
1000.00000000,10.00000000,1.69822884,294.00000000,0.00000000,449.02527430,1471.92593030,449.02527430,1471.92593030,10.77003813,66.71183454,4.73483651,1024.10460174,9.91493981,64.52960904,-0.37154340,-0.36864194,
1000.00000000,11.00000000,3.74527884,459.00000000,0.00000000,361.77663638,3862.73818908,361.77663638,3862.73818908,11.47264200,61.68640222,2.16126682,3493.66686623,11.30617057,62.27014654,-0.28861759,-0.29333374,
1000.00000000,12.00000000,2.02703094,251.00000000,0.00000000,286.85869191,4644.53624985,286.85869191,4644.53624985,8.84299538,71.38453750,5.56257213,4341.98741801,8.89977871,74.95575499,-0.20663116,-0.21313073,
1000.00000000,13.00000000,4.84182668,396.00000000,0.00000000,352.09434504,4068.01512584,352.09434504,4068.01512584,9.05495828,63.30132877,4.52856367,3700.32724088,9.09775664,73.44783184,-0.27973806,-0.28061373,
1000.00000000,14.00000000,4.25013232,685.00000000,0.00000000,541.38801446,548.33069876,541.38801446,548.33069876,10.15331799,50.55616572,5.19064576,0.83154499,10.78961026,43.79493940,-0.48067853,-0.48772396,
1000.00000000,15.00000000,1.66654444,277.00000000,0.00000000,222.25215615,10065.78054104,222.25215615,10065.78054104,11.12248785,56.40959021,3.41685779,9851.75417639,11.76562302,48.80145945,-0.15472008,-0.15004242,
1000.00000000,16.00000000,4.09790444,597.00000000,0.00000000,531.27796491,561.58194941,531.27796491,561.58194941,9.49240090,47.82472121,5.86745937,14.03253245,10.03804654,48.77458321,-0.47396084,-0.48286933,
1000.00000000,17.00000000,2.32682514,437.00000000,0.00000000,535.21442370,554.49103776,535.21442370,554.49103776,9.94271005,47.99562458,5.51086686,14.08129384,10.32106986,46.00090174,-0.47727609,-0.47857691,
1000.00000000,18.00000000,2.59353328,627.00000000,0.00000000,555.40260775,526.38678765,555.40260775,526.38678765,11.65901183,50.65594240,4.00435743,0.00000000,11.42396301,35.64146643,-0.49308765,-0.47531700,
1000.00000000,19.00000000,4.04555464,594.00000000,0.00000000,528.87080122,573.88306464,528.87080122,573.88306464,10.54041533,50.30593847,4.82076228,0.99030277,10.92182152,55.54223677,-0.46802445,-0.50160794,
1000.00000000,2.00000000,3.35999727,393.00000000,0.00000000,510.37571828,699.69320147,510.37571828,699.69320147,9.64461664,52.45430080,5.41173583,180.07632530,9.59792077,62.24305612,-0.44827680,-0.44236416,
1000.00000000,20.00000000,3.23643398,692.00000000,0.00000000,539.47923746,549.23989822,539.47923746,549.23989822,8.21413761,48.88874557,7.36738417,0.00000000,8.30042349,48.37835496,-0.48237635,-0.48519374,
1000.00000000,3.00000000,2.74641442,506.00000000,0.00000000,532.33446946,560.60444480,532.33446946,560.60444480,11.41675318,48.89043410,4.18815432,15.83839420,10.86457120,51.81259530,-0.47202728,-0.47790073,
1000.00000000,4.00000000,3.31781077,299.00000000,0.00000000,346.25233990,4037.40012878,346.25233990,4037.40012878,9.64515807,58.99714910,4.15105777,3675.33488273,9.44491327,57.54697423,-0.27761003,-0.29092230,
1000.00000000,5.00000000,1.60298610,375.00000000,0.00000000,203.10177396,9414.74260158,203.10177396,9414.74260158,9.77937134,43.53318982,5.43280587,9200.10454436,9.47419470,41.99287385,-0.14978921,-0.15773818,
1000.00000000,6.00000000,3.17498326,389.00000000,0.00000000,516.95171149,686.96343289,516.95171149,686.96343289,10.32967540,55.77610705,4.61433345,179.13271432,10.46309937,48.63125375,-0.45084593,-0.44412203,
1000.00000000,7.00000000,2.17877650,505.00000000,0.00000000,424.18670488,2080.76481883,424.18670488,2080.76481883,10.23772054,63.30329761,5.06797518,1652.82779819,10.48071445,64.19454655,-0.35064569,-0.34819378,
1000.00000000,8.00000000,1.52031922,360.00000000,0.00000000,460.66306525,1974.95190658,460.66306525,1974.95190658,13.10751239,53.15421032,2.62919627,1539.53309919,12.94911177,45.15625921,-0.39440134,-0.37468424,
1000.00000000,9.00000000,1.02043676,149.00000000,0.00000000,74.19511639,11833.30431284,74.19511639,11833.30431284,13.59042725,30.92522678,4.57687647,11746.14269349,14.08369268,38.53338320,-0.02967946,-0.02996767,
100.00000000,1.00000000,0.99045277,188.00000000,0.00000000,42.89556777,3476.02198093,42.89556777,3476.02198093,8.57717284,2.60150363,4.05064750,3429.06733358,8.64989308,2.38383753,-0.31716891,-0.31870269,
100.00000000,10.00000000,1.47102118,161.00000000,0.00000000,63.25625038,331.70418288,63.25625038,331.70418288,8.98590082,1.90632449,5.59218378,264.24729156,8.17925437,1.64565810,-0.52364025,-0.52039795,
100.00000000,11.00000000,4.53387642,247.00000000,0.00000000,54.64914676,2018.26479913,54.64914676,2018.26479913,10.07099920,1.81353919,2.17819364,1960.24746097,9.85066589,2.44616621,-0.42764608,-0.43542312,
100.00000000,12.00000000,1.11006808,195.00000000,0.00000000,46.39123645,2109.07725721,46.39123645,2109.07725721,7.33965970,2.16296629,5.45644239,2055.98185061,7.40019443,2.48544367,-0.36888610,-0.37753326,
100.00000000,13.00000000,1.45344377,212.00000000,0.00000000,51.90768213,2022.01409817,51.90768213,2022.01409817,7.82755741,1.89200797,4.37811270,1963.78141403,8.05395840,3.22457282,-0.42188117,-0.42576040,
100.00000000,14.00000000,1.88081217,320.00000000,0.00000000,69.07832520,75.62385047,69.07832520,75.62385047,8.67476627,1.19840615,5.89800345,0.00000000,9.27732555,0.69842913,-0.59205153,-0.59750092,
100.00000000,15.00000000,0.99401951,187.00000000,0.00000000,42.58012154,5455.06282736,42.58012154,5455.06282736,9.41403811,3.40365899,2.62381046,5410.87864939,10.11891442,2.81600746,-0.29762424,-0.28625446,
100.00000000,16.00000000,1.94395971,304.00000000,0.00000000,67.15655428,91.92857924,67.15655428,91.92857924,8.28393661,1.10745035,6.13584473,10.09245673,8.66429819,8.38957559,-0.57765167,-0.58646404,
100.00000000,17.00000000,2.42038894,367.00000000,0.00000000,67.91552635,93.23372823,67.91552635,93.23372823,8.71260155,1.06213577,5.85892091,10.33512489,9.11646932,9.75547026,-0.58140789,-0.58167743,
100.00000000,18.00000000,2.04496670,297.00000000,0.00000000,71.89177639,73.30627446,71.89177639,73.30627446,10.09456688,1.20871778,4.73352454,0.00000000,10.00530699,0.34499870,-0.60588492,-0.58222444,
100.00000000,19.00000000,1.84899306,320.00000000,0.00000000,68.55045180,77.88539621,68.55045180,77.88539621,9.43350411,1.28016860,4.92395513,0.00000000,9.89684217,1.55504318,-0.57836779,-0.61509556,
100.00000000,2.00000000,1.63550091,288.00000000,0.00000000,66.26668195,144.63842188,66.26668195,144.63842188,8.51281790,1.34525333,6.28834989,70.91814960,8.36967713,3.01437398,-0.56408611,-0.56047871,
100.00000000,20.00000000,2.73195601,399.00000000,0.00000000,67.26827641,75.79378136,67.26827641,75.79378136,7.20458275,1.22111421,7.76359375,0.00000000,7.37245152,1.29190448,-0.58842579,-0.59365832,
100.00000000,3.00000000,1.78475714,357.00000000,0.00000000,69.27128026,87.89435747,69.27128026,87.89435747,10.08812597,1.19092231,4.12785049,10.68917399,9.66290621,4.66744952,-0.57992232,-0.58746977,
100.00000000,4.00000000,2.20234227,172.00000000,0.00000000,51.27846457,2058.85555047,51.27846457,2058.85555047,8.87769835,1.68902434,3.58970155,2002.41611784,8.73775626,1.97648931,-0.40711742,-0.42135486,
100.00000000,5.00000000,1.14541078,181.00000000,0.00000000,35.53136112,5416.58674446,35.53136112,5416.58674446,8.13822428,1.87956949,4.98257134,5375.61202374,7.89515882,1.33397354,-0.25513567,-0.26763017,
100.00000000,6.00000000,2.02244163,365.00000000,0.00000000,67.97385749,140.85158006,67.97385749,140.85158006,9.26496441,1.46436330,5.11841125,69.12537311,9.56384173,1.06604562,-0.57244530,-0.55977908,
100.00000000,7.00000000,0.80521703,128.00000000,0.00000000,60.92366599,614.08923389,60.92366599,614.08923389,9.14009576,2.22836756,5.04627128,547.93372344,9.47026868,2.26599593,-0.49555203,-0.49372975,
100.00000000,8.00000000,1.66975474,234.00000000,0.00000000,64.57818951,685.18636992,64.57818951,685.18636992,11.03564172,1.67853554,2.44641450,621.06772054,11.12669051,1.24382979,-0.51864012,-0.49301715,
100.00000000,9.00000000,0.44333339,94.00000000,0.00000000,24.78154178,7042.95023127,24.78154178,7042.95023127,10.64974956,2.08111840,3.36928493,7012.45126555,10.87723974,3.95824794,-0.12050674,-0.12294193,
10.00000000,1.00000000,0.96050406,87.00000000,0.00000000,9.87345105,2520.92778413,9.87345105,2520.92778413,4.26037964,0.03864677,4.42691349,2505.11763514,5.45827609,0.83974764,-0.55744246,-0.50852118,
10.00000000,10.00000000,0.54162049,84.00000000,0.00000000,11.74791398,153.55257323,11.74791398,153.55257323,4.30238940,0.02299241,5.48087265,133.85200823,4.57389292,2.16101685,-0.74225322,-0.74847826,
10.00000000,11.00000000,0.82816076,115.00000000,0.00000000,11.74466472,2032.41772065,11.74466472,2032.41772065,5.00237997,0.02496085,3.59208473,1979.60640856,34.62247725,0.08477710,-0.67173239,-1.45119730,
10.00000000,12.00000000,0.40063810,61.00000000,0.00000000,9.22131201,1876.37750801,9.22131201,1876.37750801,3.60295961,0.02572747,5.34353690,1861.09784944,3.51849131,0.47989757,-0.55926249,-0.59377328,
10.00000000,13.00000000,0.74153686,80.00000000,0.00000000,10.02252335,1889.42639636,10.02252335,1889.42639636,3.88055308,0.02337229,4.57053872,1874.06628021,4.28922249,0.48903384,-0.61185980,-0.60113211,
10.00000000,14.00000000,0.82718611,138.00000000,0.00000000,12.30941223,26.99309611,12.30941223,26.99309611,4.48836051,0.01334648,5.98661969,0.00000000,4.91071930,7.95517994,-0.78077052,-0.81405772,
10.00000000,15.00000000,0.50111103,91.00000000,0.00000000,10.56590507,4200.95497378,10.56590507,4200.95497378,4.89893542,0.06064986,2.58292011,4174.59729383,14.35649476,0.00000000,-0.56063198,-0.94182651,
10.00000000,16.00000000,0.96137118,91.00000000,0.00000000,11.98335419,33.70004396,11.98335419,33.70004396,4.44136703,0.01327357,6.14580562,8.26425035,4.46126783,6.93259558,-0.75287136,-0.78961246,
10.00000000,17.00000000,0.76438546,197.00000000,0.00000000,12.13548959,30.08426526,12.13548959,30.08426526,4.27415074,0.01420499,5.61736814,10.10504123,5.38438751,1.42386773,-0.78471339,-0.75536007,
10.00000000,18.00000000,1.39690542,170.00000000,0.00000000,13.24218257,24.16614967,13.24218257,24.16614967,4.73271615,0.01404100,5.46772086,5.14733329,5.83782741,0.00181573,-0.84954254,-0.77114524,
10.00000000,19.00000000,0.56485677,140.00000000,0.00000000,12.33024699,20.90591541,12.33024699,20.90591541,4.06922194,0.01984148,4.59972080,2.61685582,5.25393570,0.29075646,-0.82411836,-0.81446466,
10.00000000,2.00000000,0.53028321,100.00000000,0.00000000,11.92345659,76.93338260,11.92345659,76.93338260,4.13206901,0.01827749,5.91774558,56.08346255,5.00820183,2.36795522,-0.77731101,-0.75560174,
10.00000000,20.00000000,0.67673421,128.00000000,0.00000000,11.19153033,24.72838629,11.19153033,24.72838629,3.67454974,0.02050020,7.33038147,5.42579543,4.03925549,0.02730289,-0.74964804,-0.79056510,
10.00000000,3.00000000,0.71886659,146.00000000,0.00000000,13.15946205,138.44163287,13.15946205,138.44163287,4.96276942,0.01967867,5.37548092,8.72311156,99.10756587,3.07492812,-0.81770140,-2.21605464,
10.00000000,4.00000000,1.90236855,104.00000000,0.00000000,10.72075975,1920.50826334,10.72075975,1920.50826334,4.48334366,0.02681250,3.23295129,1905.35763666,5.83157764,0.00485095,-0.62106036,-0.60812468,
10.00000000,5.00000000,1.82564116,132.00000000,0.00000000,8.94252545,3405.15364935,8.94252545,3405.15364935,4.28863318,0.01774413,4.81409088,3390.51606035,4.67226220,0.05693727,-0.46361481,-0.50942987,
10.00000000,6.00000000,0.99064565,197.00000000,0.00000000,12.68297440,73.05983810,12.68297440,73.05983810,4.74392684,0.01990622,4.51308999,55.05120623,6.08643334,0.25646987,-0.79191413,-0.71526387,
10.00000000,7.00000000,0.65384793,102.00000000,0.00000000,11.88071887,329.75707025,11.88071887,329.75707025,4.46436807,0.03320284,4.79241624,312.47702112,5.39890788,0.14269253,-0.73831480,-0.69460325,
10.00000000,8.00000000,0.87325120,142.00000000,0.00000000,12.48047401,388.16276644,12.48047401,388.16276644,4.28219209,0.02877535,2.54272123,372.59784541,5.40376088,0.00833554,-0.81695066,-0.76101034,
10.00000000,9.00000000,0.37326479,58.00000000,0.00000000,9.09095434,4959.50942143,9.09095434,4959.50942143,5.21268026,0.02203198,3.13210477,4943.33800106,6.76380152,0.06160536,-0.38562421,-0.62139087,
1.00000000,1.00000000,0.77471304,68.00000000,0.00000000,2.70764666,1483.64322199,2.70764666,1483.64322199,1.12713808,0.00018414,6.78654348,1461.13444176,3.27510894,10.95650782,-1.58032443,-1.49062000,
1.00000000,10.00000000,0.39711404,81.00000000,0.00000000,3.14957618,794.31444900,3.14957618,794.31444900,1.44171287,0.00018178,7.12027749,125.80490245,655.43313890,0.00000000,-1.70768153,-5.95613016,
1.00000000,11.00000000,0.73900127,98.00000000,0.00000000,3.45319307,1642.37758539,3.45319307,1642.37758539,1.69130837,0.00019705,47.72599363,0.00000000,1468.19995242,118.37659234,-1.76168764,-8.07504701,
1.00000000,12.00000000,0.29591179,47.00000000,0.00000000,2.64981932,1594.66001508,2.64981932,1594.66001508,1.33244389,0.00025046,5.59134933,1548.62728519,5.74599652,33.08248588,-1.31712498,-1.61289816,
1.00000000,13.00000000,0.30988002,49.00000000,0.00000000,2.84049584,1522.26202669,2.84049584,1522.26202669,1.36475098,0.00008380,4.56003846,1436.28322218,2.98699833,76.87694487,-1.47566105,-1.55482286,
1.00000000,14.00000000,1.05702758,124.00000000,0.00000000,3.36720919,18.65493723,3.36720919,18.65493723,1.58265403,0.00018646,6.66995951,0.00000000,6.85415028,3.10590668,-1.78436871,-2.02492076,
1.00000000,15.00000000,0.41454387,104.00000000,0.00000000,3.33113747,1542.50594840,3.33113747,1542.50594840,1.70484578,0.00048739,60.35480180,2.18421567,1361.49690300,110.67503914,-1.62580430,-7.79498879,
1.00000000,16.00000000,1.44991040,135.00000000,0.00000000,3.28985927,171.49642767,3.28985927,171.49642767,1.54583523,0.00032363,6.08572209,12.80496993,6.65392408,143.60192741,-1.74370041,-2.34988416,
1.00000000,17.00000000,0.83806753,144.00000000,0.00000000,3.12398639,373.97553499,3.12398639,373.97553499,1.33893563,0.00010995,3.90297992,211.46870199,106.15899738,49.20324756,-1.78494081,-3.24160814,
1.00000000,18.00000000,0.90084457,128.00000000,0.00000000,3.50323123,20.88843746,3.50323123,20.88843746,1.64512166,0.00037667,6.83549115,7.22517430,4.74819121,0.54662500,-1.85773290,-1.53295580,
1.00000000,19.00000000,1.43053651,94.00000000,0.00000000,3.01713143,218.49801747,3.01713143,218.49801747,1.33460883,0.00007862,5.76779014,0.00000000,53.20795164,157.42699727,-1.68244398,-2.09527843,
1.00000000,2.00000000,2.79092646,194.00000000,0.00000000,3.01496341,34.35185114,3.01496341,34.35185114,1.29816258,0.00012743,6.74513394,18.31358737,4.52923546,3.09849357,-1.71667339,-1.66540079,
1.00000000,20.00000000,1.14509368,109.00000000,0.00000000,3.02095912,30.95360120,3.02095912,30.95360120,1.53731945,0.00046675,8.41248186,7.93379281,9.88083008,2.91658921,-1.48317292,-1.80990725,
1.00000000,3.00000000,0.61223507,109.00000000,0.00000000,3.28221210,1526.33320496,3.28221210,1526.33320496,1.29887945,0.00055866,37.06786565,0.00000000,1372.72624657,108.63942493,-1.98277399,-7.89966781,
1.00000000,4.00000000,0.72073817,125.00000000,0.00000000,3.21395445,2357.58880239,3.21395445,2357.58880239,1.61197009,0.00029309,2.94182377,1296.44534623,5.13142263,1051.26113405,-1.60169127,-1.80907570,
1.00000000,5.00000000,0.56699204,83.00000000,0.00000000,2.79788217,1281.88151736,2.79788217,1281.88151736,1.35513865,0.00003458,4.39674835,1229.76666509,45.79338925,0.00000000,-1.44270894,-1.92471468,
1.00000000,6.00000000,1.08738613,140.00000000,0.00000000,3.52893242,40.93579186,3.52893242,40.93579186,1.73475415,0.00013525,4.44178667,30.01953032,4.21691122,0.72141082,-1.79404303,-1.53615283,
1.00000000,7.00000000,0.57688475,109.00000000,0.00000000,3.21932793,256.91257440,3.21932793,256.91257440,1.53524996,0.00014227,6.08211556,128.26789458,19.74373807,100.83164743,-1.68393570,-1.98717876,
1.00000000,8.00000000,0.62101960,131.00000000,0.00000000,3.01722115,211.68912802,3.01722115,211.68912802,1.21420426,0.00023476,3.14929085,188.20552604,17.95668102,0.00000000,-1.80278213,-2.37763011,
1.00000000,9.00000000,0.45917511,72.00000000,0.00000000,3.21400286,1524.09029451,3.21400286,1524.09029451,1.62343906,0.00015580,64.33494874,7.65189092,1335.80206649,108.58677544,-1.59040800,-7.71461292,
20.00000000,1.00000000,1.32876754,92.00000000,0.00000000,14.72979938,2751.83438255,14.72979938,2751.83438255,5.83045880,0.15947470,4.18950885,2732.26078088,6.56019816,0.49381365,-0.43699329,-0.41650405,
20.00000000,10.00000000,0.64936852,107.00000000,0.00000000,18.56825325,177.51419260,18.56825325,177.51419260,5.66345871,0.09415997,5.52967403,153.37747340,5.53240170,0.26585831,-0.64053173,-0.64043926,
20.00000000,11.00000000,1.09781098,158.00000000,0.00000000,17.71320944,2074.03488240,17.71320944,2074.03488240,6.67639923,0.09772751,2.67518636,2050.77457014,5.56325561,2.10008977,-0.54695414,-0.64608903,
20.00000000,12.00000000,0.75805926,105.00000000,0.00000000,14.29318263,1873.06191115,14.29318263,1873.06191115,4.75034763,0.10638741,5.32948596,1853.06643277,4.73155123,0.20304593,-0.47182238,-0.48656976,
20.00000000,13.00000000,0.53097677,97.00000000,0.00000000,15.62248102,1910.75154246,15.62248102,1910.75154246,5.02914902,0.09931085,4.49742378,1889.77375395,5.42425219,0.62447600,-0.52470106,-0.52158183,
20.00000000,14.00000000,1.20401216,195.00000000,0.00000000,19.55470583,27.18366998,19.55470583,27.18366998,5.75309962,0.06040048,5.91905439,0.00000000,6.00264127,1.20127095,-0.68706029,-0.70303517,
20.00000000,15.00000000,1.09516072,117.00000000,0.00000000,15.41408692,4475.40955255,15.41408692,4475.40955255,6.51516865,0.22643344,2.70413188,4456.73395367,6.78133404,0.11059778,-0.43362424,-0.45397676,
20.00000000,16.00000000,1.02478862,124.00000000,0.00000000,18.97237351,43.81598653,18.97237351,43.81598653,5.63945427,0.05477873,6.14646091,9.51561645,5.68712617,8.84206124,-0.66390703,-0.68123609,
20.00000000,17.00000000,1.01281381,175.00000000,0.00000000,19.35656020,39.91847056,19.35656020,39.91847056,5.71699944,0.05611113,5.69579105,10.79848966,6.53546619,3.58571958,-0.67917248,-0.66515020,
20.00000000,18.00000000,2.61997628,244.00000000,0.00000000,20.98459648,27.74282780,20.98459648,27.74282780,6.47177160,0.06373902,5.15811501,1.94111488,7.02018729,0.00375155,-0.72245429,-0.68098295,
20.00000000,19.00000000,1.22478080,192.00000000,0.00000000,19.82345315,26.82254359,19.82345315,26.82254359,5.80477354,0.07463851,4.60010670,0.93880746,6.66000622,0.34065377,-0.69720206,-0.71414847,
20.00000000,2.00000000,0.81056690,146.00000000,0.00000000,19.02448852,85.03043919,19.02448852,85.03043919,5.67513359,0.06697817,6.07513813,58.84160713,5.91204943,1.00404390,-0.66411884,-0.65988003,
20.00000000,20.00000000,1.71043491,199.00000000,0.00000000,18.23448102,28.62654692,18.23448102,28.62654692,4.70008079,0.07094326,7.41563350,2.47638847,4.84595411,0.10804694,-0.67317285,-0.68902620,
20.00000000,3.00000000,0.94684935,205.00000000,0.00000000,20.53774399,40.85427063,20.53774399,40.85427063,6.72762612,0.06864341,4.40681892,12.24003424,5.97850302,1.64743911,-0.68707372,-0.82907377,
20.00000000,4.00000000,0.84748793,110.00000000,0.00000000,16.30183376,1952.21323026,16.30183376,1952.21323026,5.90956090,0.09785718,3.31877642,1931.80943260,6.64261311,0.10327052,-0.51472078,-0.51695688,
20.00000000,5.00000000,0.71183896,112.00000000,0.00000000,12.92092308,3966.24828506,12.92092308,3966.24828506,5.75706746,0.08895199,4.84783503,3948.23927465,5.60062625,0.03347674,-0.35374518,-0.37635362,
20.00000000,6.00000000,1.78584433,186.00000000,0.00000000,19.91578770,84.62115938,19.91578770,84.62115938,6.30353448,0.07686778,4.76871887,57.60638326,7.19102393,2.26269955,-0.67676927,-0.63961669,
20.00000000,7.00000000,0.87194777,132.00000000,0.00000000,18.53311199,376.97405030,18.53311199,376.97405030,6.09067514,0.13167761,4.84415458,353.19177065,6.77123610,0.21920117,-0.61553796,-0.59738439,
20.00000000,8.00000000,1.02912354,202.00000000,0.00000000,19.80036817,441.79663084,19.80036817,441.79663084,6.27098747,0.10067533,2.50106372,419.65370562,7.07422470,0.00493839,-0.67143527,-0.62813492,
20.00000000,9.00000000,0.38884425,60.00000000,0.00000000,12.14451095,5487.51861076,12.14451095,5487.51861076,7.01137655,0.10561128,3.15967611,5471.49941101,6.53104635,0.47016559,-0.25137616,-0.29291558,
2.00000000,1.00000000,0.42365956,71.00000000,0.00000000,4.02863932,1777.92591944,4.02863932,1777.92591944,1.76008013,0.00068910,5.85396572,1761.70874768,3.63526285,4.62931260,-1.13393505,-1.04931530,
2.00000000,10.00000000,0.35753632,75.00000000,0.00000000,4.60015360,322.24341876,4.60015360,322.24341876,2.06400884,0.00061336,5.15473975,72.95495413,236.69527748,0.10256990,-1.26776570,-3.66793875,
2.00000000,11.00000000,0.57504511,105.00000000,0.00000000,4.92730687,1576.32682992,4.92730687,1576.32682992,2.38014227,0.00072372,42.84243900,0.00000000,1404.90767219,112.92249385,-1.27322044,-7.82711244,
2.00000000,12.00000000,0.56819582,47.00000000,0.00000000,3.75873112,1769.44721666,3.75873112,1769.44721666,1.82115769,0.00087832,5.56802640,1753.51882300,3.32785181,4.73568724,-0.96834756,-1.14841410,
2.00000000,13.00000000,0.60973978,53.00000000,0.00000000,4.07565553,1607.79713056,4.07565553,1607.79713056,1.93616251,0.00049091,4.56875676,1596.21372396,2.38957598,2.47058784,-1.06950106,-1.07724300,
2.00000000,14.00000000,0.88750386,142.00000000,0.00000000,4.86397723,21.22823984,4.86397723,21.22823984,2.25659338,0.00062036,6.16868794,0.00000000,5.38996991,6.88283982,-1.30338174,-1.39337109,
2.00000000,15.00000000,0.45532227,94.00000000,0.00000000,4.66995695,1548.80818074,4.66995695,1548.80818074,2.38391042,0.00231425,29.78940360,369.09287413,1053.98520442,82.53460969,-1.14186615,-6.70304445,
2.00000000,16.00000000,0.51156592,72.00000000,0.00000000,4.76100745,62.30620959,4.76100745,62.30620959,2.19846067,0.00018633,6.05226548,5.93462371,4.26767003,43.03631991,-1.28118022,-1.50766523,
2.00000000,17.00000000,0.64654350,120.00000000,0.00000000,4.63290500,59.48590066,4.63290500,59.48590066,1.99837200,0.00037778,4.62378359,3.79083113,35.68721155,11.36014647,-1.31707761,-2.01196396,
2.00000000,18.00000000,1.55931258,107.00000000,0.00000000,5.08969575,23.01471216,5.08969575,23.01471216,2.28560151,0.00055942,6.40457471,9.40445636,4.74506175,0.08659573,-1.40176741,-1.18701180,
2.00000000,19.00000000,0.86750793,152.00000000,0.00000000,4.48254216,21.03953931,4.48254216,21.03953931,1.85037719,0.00087203,5.35125859,0.63181203,9.75098498,2.44991747,-1.31564647,-1.42778312,
2.00000000,2.00000000,3.32773280,152.00000000,0.00000000,4.47562039,49.43388701,4.47562039,49.43388701,1.90077809,0.00053175,6.17528470,34.90207226,3.87225901,2.09443151,-1.28715527,-1.19491977,
2.00000000,20.00000000,1.22338057,93.00000000,0.00000000,4.29743362,25.37796874,4.29743362,25.37796874,2.02404906,0.00100594,7.88584357,7.56693383,7.04203534,0.18318646,-1.13618931,-1.34998477,
2.00000000,3.00000000,0.69367576,116.00000000,0.00000000,4.98283226,1394.30519424,4.98283226,1394.30519424,1.99387442,0.00098296,30.04519520,0.00000000,1250.79719981,98.52971183,-1.49398744,-7.46654370,
2.00000000,4.00000000,1.27007341,84.00000000,0.00000000,4.54115517,1519.80266561,4.54115517,1519.80266561,2.26013494,0.00085377,3.07156463,1489.89124308,4.56433940,19.94913810,-1.14008323,-1.16319020,
2.00000000,5.00000000,0.73282194,98.00000000,0.00000000,3.97315737,2062.85819408,3.97315737,2062.85819408,1.98925442,0.00025909,4.59957807,2046.29755205,8.80358314,0.81598250,-0.99182193,-1.17074916,
2.00000000,6.00000000,0.67532921,108.00000000,0.00000000,5.04924429,39.18059731,5.04924429,39.18059731,2.38281546,0.00073547,4.29205205,28.06713804,4.45589947,0.10497591,-1.33284668,-1.13026592,
2.00000000,7.00000000,0.45476723,73.00000000,0.00000000,4.65704069,201.02298022,4.65704069,201.02298022,2.12120504,0.00086864,5.62077087,188.19775265,4.38744426,0.25339757,-1.26748350,-1.28180744,
2.00000000,8.00000000,0.84901905,144.00000000,0.00000000,4.55924067,266.77724408,4.55924067,266.77724408,1.83044371,0.00100810,2.71776434,255.01254175,5.92222843,0.01304409,-1.36389443,-1.55583273,
2.00000000,9.00000000,0.39771295,60.00000000,0.00000000,4.47817084,1733.46055653,4.47817084,1733.46055653,2.40452894,0.00065711,23.45600964,779.91050641,853.54256707,64.58553709,-1.03649239,-5.98296815,
50.00000000,1.00000000,1.51257873,148.00000000,0.00000000,26.24404732,3075.71320443,26.24404732,3075.71320443,7.70689257,0.83787806,4.07339397,3045.27623422,7.91677948,0.80972521,-0.35398553,-0.35274143,
50.00000000,10.00000000,1.26691890,144.00000000,0.00000000,36.28804020,241.18888443,36.28804020,241.18888443,7.69550614,0.54565283,5.61153541,200.16703256,7.07179283,0.38099430,-0.56093762,-0.55915059,
50.00000000,11.00000000,1.18225741,207.00000000,0.00000000,32.51821711,1983.65832040,32.51821711,1983.65832040,8.80549309,0.54368716,2.29212161,1945.36218637,8.39119037,3.79625683,-0.46338074,-0.47633130,
50.00000000,12.00000000,0.78448558,134.00000000,0.00000000,27.18349824,1949.67168863,27.18349824,1949.67168863,6.35276568,0.61614603,5.39745328,1916.40441882,6.40800078,0.78161887,-0.40429173,-0.41360394,
50.00000000,13.00000000,0.74251795,115.00000000,0.00000000,30.08484468,1927.10720878,30.08484468,1927.10720878,6.71379448,0.56091296,4.40861511,1891.37096285,7.02637686,1.35586355,-0.45620274,-0.45890781,
50.00000000,14.00000000,1.38308740,239.00000000,0.00000000,38.89355150,45.67166618,38.89355150,45.67166618,7.53824629,0.34751449,5.90161965,0.00000000,7.98240057,0.44781492,-0.62015581,-0.62679662,
50.00000000,15.00000000,0.95804048,153.00000000,0.00000000,26.71468345,4868.21895244,26.71468345,4868.21895244,8.42010347,1.13433194,2.63387748,4839.04417751,9.11194996,0.92060512,-0.34320496,-0.33016685,
50.00000000,16.00000000,1.46884227,222.00000000,0.00000000,37.73864055,68.81690013,37.73864055,68.81690013,7.23376010,0.32967881,6.13018682,10.19465184,7.47371788,14.34336009,-0.60350403,-0.61349967,
50.00000000,17.00000000,1.27633238,253.00000000,0.00000000,38.32518249,67.27690748,38.32518249,67.27690748,7.64471116,0.32552360,5.79217658,10.68782607,8.09511083,12.40203574,-0.60709895,-0.60599517,
50.00000000,18.00000000,1.93813658,286.00000000,0.00000000,40.98102822,44.35705957,40.98102822,44.35705957,8.80245134,0.34590350,4.88375852,0.00000000,8.84455085,0.03934652,-0.63665347,-0.61178807,
50.00000000,19.00000000,1.61280227,241.00000000,0.00000000,39.01250997,46.31282200,39.01250997,46.31282200,8.17762701,0.38904698,4.79007056,0.00000000,8.69018438,0.63588596,-0.60891672,-0.64393362,
50.00000000,2.00000000,1.04528594,217.00000000,0.00000000,37.50757368,108.32175453,37.50757368,108.32175453,7.56692699,0.39608923,6.25902279,63.67328874,7.42285238,1.51606060,-0.59089115,-0.58901060,
50.00000000,20.00000000,2.13880467,290.00000000,0.00000000,37.31321199,45.52605106,37.31321199,45.52605106,6.23692901,0.36903551,7.64945895,0.00000000,6.40011729,0.42548880,-0.61414495,-0.62101972,
50.00000000,3.00000000,1.40730143,262.00000000,0.00000000,39.65712780,60.33245170,39.65712780,60.33245170,8.78922078,0.35976961,4.16504007,11.33545794,8.31020046,5.45094481,-0.61016275,-0.62141617,
50.00000000,4.00000000,0.96298337,152.00000000,0.00000000,30.26931927,1965.71750106,30.26931927,1965.71750106,7.84215878,0.52155781,3.45989637,1930.34348636,7.89965072,1.42707971,-0.43811205,-0.45174776,
50.00000000,5.00000000,1.92667127,182.00000000,0.00000000,22.15909308,4724.21912597,22.15909308,4724.21912597,7.40728144,0.57394472,4.91291387,4696.94165500,7.17780388,0.31053508,-0.28355734,-0.29752436,
50.00000000,6.00000000,0.72051263,183.00000000,0.00000000,38.74505605,105.65711989,38.74505605,105.65711989,8.24767497,0.41476937,5.05019009,62.06996963,8.68249382,0.57759020,-0.60165223,-0.58553752,
50.00000000,7.00000000,0.97691846,147.00000000,0.00000000,35.38041701,474.37190976,35.38041701,474.37190976,8.10393432,0.68776464,4.97617775,433.73565696,8.51537659,0.74748049,-0.53177436,-0.52794436,
50.00000000,8.00000000,1.74851251,227.00000000,0.00000000,37.79969281,546.40079076,37.79969281,546.40079076,9.26650957,0.52548365,2.45515145,507.53757826,9.54006028,0.26343579,-0.56015399,-0.53209130,
50.00000000,9.00000000,0.54252815,96.00000000,0.00000000,17.93056095,6218.61429647,17.93056095,6218.61429647,9.28897783,0.64716768,3.22590572,6195.99048729,9.41990199,1.74029847,-0.15988831,-0.16475406,
5.00000000,1.00000000,1.10395217,74.00000000,0.00000000,6.70655364,2217.48445297,6.70655364,2217.48445297,2.98399718,0.00802633,4.88826433,2203.24331374,4.51018126,1.48557391,-0.74290602,-0.67142395,
5.00000000,10.00000000,0.71733356,56.00000000,0.00000000,7.71508922,139.70727355,7.71508922,139.70727355,3.20502786,0.00525467,5.43303983,118.98402041,5.60285144,4.42594605,-0.90096134,-1.05228316,
5.00000000,11.00000000,0.87895751,107.00000000,0.00000000,7.98900391,1611.97577112,7.98900391,1611.97577112,3.65765456,0.00575309,9.45544628,1055.30244964,492.46449994,32.64555770,-0.86511925,-4.42156351,
5.00000000,12.00000000,0.33204556,48.00000000,0.00000000,6.15166485,1927.47367410,6.15166485,1927.47367410,2.68408664,0.00609272,5.42571710,1912.73692682,3.07024157,2.34812465,-0.69229710,-0.77853279,
5.00000000,13.00000000,0.45469594,73.00000000,0.00000000,6.68403420,1804.62485671,6.68403420,1804.62485671,2.92883551,0.00503342,4.60190149,1792.58224108,3.29872086,0.46559164,-0.75003305,-0.73528033,
5.00000000,14.00000000,1.14743543,119.00000000,0.00000000,8.09166995,28.30799113,8.09166995,28.30799113,3.40085359,0.00318306,6.05296152,0.00000000,4.54955965,12.76297736,-0.93752666,-0.98849852,
5.00000000,15.00000000,0.44034505,85.00000000,0.00000000,7.36961227,3254.24200907,7.36961227,3254.24200907,3.60091433,0.01537926,2.97052639,3024.49967568,202.31168317,10.07130716,-0.75066374,-2.87776333,
5.00000000,16.00000000,0.61840892,82.00000000,0.00000000,7.90652397,30.05672861,7.90652397,30.05672861,3.35559401,0.00286607,6.12981057,6.70880186,3.75807820,8.50624875,-0.90961278,-0.99075785,
5.00000000,17.00000000,0.81758237,148.00000000,0.00000000,7.88523525,23.89001939,7.88523525,23.89001939,3.15484044,0.00318709,5.44325741,8.02867925,4.83569220,0.74373557,-0.94544155,-0.96773099,
5.00000000,18.00000000,1.83287168,138.00000000,0.00000000,8.61332582,23.25284987,8.61332582,23.25284987,3.44372498,0.00335528,5.85174141,7.76799031,5.09688643,0.01071327,-1.03324911,-0.90510369,
5.00000000,19.00000000,0.91668606,120.00000000,0.00000000,7.84680615,16.71245882,7.84680615,16.71245882,2.85756881,0.00526910,4.81169062,2.16426961,4.53261496,0.26692297,-0.99679365,-0.98739213,
5.00000000,2.00000000,0.79334450,104.00000000,0.00000000,7.69548693,70.66700581,7.69548693,70.66700581,2.98329867,0.00333193,5.88455472,52.33936434,4.34810671,3.64268733,-0.94177127,-0.89045854,
5.00000000,20.00000000,0.44286656,83.00000000,0.00000000,7.20216485,23.46057870,7.20216485,23.46057870,2.85635372,0.00570332,7.43112329,6.86968428,4.32903334,0.00147930,-0.86802156,-0.96585170,
5.00000000,3.00000000,1.08306718,162.00000000,0.00000000,8.62361069,749.13895322,8.62361069,749.13895322,3.43275740,0.00416681,11.49777691,0.19171788,663.35092458,48.04061563,-1.03733730,-5.21158364,
5.00000000,4.00000000,1.26171994,88.00000000,0.00000000,7.28830156,1790.04092681,7.28830156,1790.04092681,3.37535289,0.00658064,3.15949964,1777.89287538,5.16470683,0.00152867,-0.78127361,-0.76446326,
5.00000000,5.00000000,0.76890516,109.00000000,0.00000000,6.27813667,2876.58451533,6.27813667,2876.58451533,3.11342218,0.00306204,4.74453115,2862.64788647,5.08026759,0.49350576,-0.63233049,-0.72366487,
5.00000000,6.00000000,1.24221897,163.00000000,0.00000000,8.36493901,65.17474294,8.36493901,65.17474294,3.53202079,0.00587497,4.29926874,51.35402168,5.19921923,0.12088679,-0.96540865,-0.84026930,
5.00000000,7.00000000,0.59881020,98.00000000,0.00000000,7.81531814,278.73356151,7.81531814,278.73356151,3.21741137,0.00730393,4.94186944,265.00061766,4.39385886,0.10587890,-0.91812057,-0.85826733,
5.00000000,8.00000000,0.84505534,148.00000000,0.00000000,7.99297503,337.47124408,7.99297503,337.47124408,2.95123617,0.00658728,2.58677192,325.64497971,4.30135554,0.02105534,-1.00703032,-0.98341632,
5.00000000,9.00000000,0.27553391,53.00000000,0.00000000,6.74842699,4036.46167221,6.74842699,4036.46167221,3.80828507,0.00441659,3.35712263,3956.32292724,66.31865367,1.65789671,-0.58714507,-1.76101439,