
0.00000000,1.00000000,1.00000000,6745.00000000,1.00000000,3335.00000000,
0.00000000,10.00000000,1.00000000,6742.00000000,1.00000000,3338.00000000,
0.00000000,11.00000000,1.00000000,6841.00000000,1.00000000,3239.00000000,alpha,seed,kish[0],relkish[0],test_kish[0],test_relkish[0],
inf,1.00000000,0.00014826,1.00000000,0.00029985,1.00000000,
0.01000000,1.00000000,0.04278441,288.58083288,0.99999192,3334.97305051,alpha,seed,kish[0],relkish[0],test_kish[0],test_relkish[0],
inf,10.00000000,0.00014832,1.00000000,0.00029958,1.00000000,
0.01000000,10.00000000,0.06501181,438.30959910,0.97065092,3240.03275933,alpha,seed,kish[0],relkish[0],test_kish[0],test_relkish[0],
inf,11.00000000,0.00014618,1.00000000,0.00030874,1.00000000,
0.01000000,11.00000000,0.04981392,340.77700471,1.00000000,3239.00000000,alpha,seed,kish[0],relkish[0],test_kish[0],test_relkish[0],
inf,12.00000000,0.00014749,1.00000000,0.00030303,1.00000000,
0.01000000,12.00000000,0.07905302,535.97946159,0.96554461,3186.29721806,alpha,seed,kish[0],relkish[0],test_kish[0],test_relkish[0],
inf,13.00000000,0.00014826,1.00000000,0.00029985,1.00000000,
0.01000000,13.00000000,0.04618987,311.55064339,0.68758430,2293.09365388,alpha,seed,kish[0],relkish[0],test_kish[0],test_relkish[0],
inf,14.00000000,0.00014975,1.00000000,0.00029394,1.00000000,
0.01000000,14.00000000,0.04666786,311.64794107,0.54183841,1843.33425466,alpha,seed,kish[0],relkish[0],test_kish[0],test_relkish[0],
inf,15.00000000,0.00014784,1.00000000,0.00030157,1.00000000,
0.01000000,15.00000000,0.07147527,483.45870032,1.00000000,3316.00000000,alpha,seed,kish[0],relkish[0],test_kish[0],test_relkish[0],
inf,16.00000000,0.00014712,1.00000000,0.00030460,1.00000000,
0.01000000,16.00000000,0.06701379,455.49272705,0.57488216,1887.33812808,alpha,seed,kish[0],relkish[0],test_kish[0],test_relkish[0],
inf,17.00000000,0.00014802,1.00000000,0.00030084,1.00000000,
0.01000000,17.00000000,0.05647726,381.56034932,1.00000000,3324.00000000,alpha,seed,kish[0],relkish[0],test_kish[0],test_relkish[0],
inf,18.00000000,0.00015072,1.00000000,0.00029028,1.00000000,
0.01000000,18.00000000,0.10945625,726.24220489,0.34844308,1200.38642039,alpha,seed,kish[0],relkish[0],test_kish[0],test_relkish[0],
inf,19.00000000,0.00014981,1.00000000,0.00029369,1.00000000,
0.01000000,19.00000000,0.06270856,418.57964732,0.99997410,3404.91179526,
0.00000000,12.00000000,1.00000000,6780.00000000,1.00000000,3300.00000000,alpha,seed,kish[0],relkish[0],test_kish[0],test_relkish[0],
inf,2.00000000,0.00014993,1.00000000,0.00029326,1.00000000,
0.01000000,2.00000000,0.05516249,367.93382702,0.94706076,3229.47719065,alpha,seed,kish[0],relkish[0],test_kish[0],test_relkish[0],
inf,20.00000000,0.00014689,1.00000000,0.00030562,1.00000000,
0.01000000,20.00000000,0.04996183,340.14010895,0.99999966,3271.99888736,
0.00000000,13.00000000,1.00000000,6745.00000000,1.00000000,3335.00000000,alpha,seed,kish[0],relkish[0],test_kish[0],test_relkish[0],
inf,3.00000000,0.00014837,1.00000000,0.00029940,1.00000000,
0.01000000,3.00000000,0.04316440,290.92803292,1.00000000,3340.00000000,
0.00000000,14.00000000,1.00000000,6678.00000000,1.00000000,3402.00000000,alpha,seed,kish[0],relkish[0],test_kish[0],test_relkish[0],
inf,4.00000000,0.00014661,1.00000000,0.00030684,1.00000000,
0.01000000,4.00000000,0.07404779,505.08000533,1.00000000,3258.99999998,
0.00000000,15.00000000,1.00000000,6764.00000000,1.00000000,3316.00000000,alpha,seed,kish[0],relkish[0],test_kish[0],test_relkish[0],
inf,5.00000000,0.00014826,1.00000000,0.00029985,1.00000000,
0.01000000,5.00000000,0.06036687,407.17456007,1.00000000,3335.00000000,
0.00000000,16.00000000,1.00000000,6797.00000000,1.00000000,3283.00000000,alpha,seed,kish[0],relkish[0],test_kish[0],test_relkish[0],
inf,6.00000000,0.00015029,1.00000000,0.00029189,1.00000000,
0.01000000,6.00000000,0.05305336,353.01706475,0.99999968,3425.99889176,
0.00000000,17.00000000,1.00000000,6756.00000000,1.00000000,3324.00000000,alpha,seed,kish[0],relkish[0],test_kish[0],test_relkish[0],
inf,7.00000000,0.00014934,1.00000000,0.00029551,1.00000000,
0.01000000,7.00000000,0.06467400,433.05710720,1.00000000,3384.00000000,
0.00000000,18.00000000,1.00000000,6635.00000000,1.00000000,3445.00000000,alpha,seed,kish[0],relkish[0],test_kish[0],test_relkish[0],
inf,8.00000000,0.00015047,1.00000000,0.00029121,1.00000000,
0.01000000,8.00000000,0.04603152,305.92549692,0.99999866,3433.99539148,
0.00000000,19.00000000,1.00000000,6675.00000000,1.00000000,3405.00000000,alpha,seed,kish[0],relkish[0],test_kish[0],test_relkish[0],
inf,9.00000000,0.00014736,1.00000000,0.00030358,1.00000000,
0.01000000,9.00000000,0.06204060,421.00753044,1.00000000,3294.00000000,
0.00000000,2.00000000,1.00000000,6670.00000000,1.00000000,3410.00000000,
0.00000000,20.00000000,1.00000000,6808.00000000,1.00000000,3272.00000000,
0.00000000,3.00000000,1.00000000,6740.00000000,1.00000000,3340.00000000,
0.00000000,4.00000000,1.00000000,6821.00000000,1.00000000,3259.00000000,
0.00000000,5.00000000,1.00000000,6745.00000000,1.00000000,3335.00000000,
0.00000000,6.00000000,1.00000000,6654.00000000,1.00000000,3426.00000000,
0.00000000,7.00000000,1.00000000,6696.00000000,1.00000000,3384.00000000,
0.00000000,8.00000000,1.00000000,6646.00000000,1.00000000,3434.00000000,
0.00000000,9.00000000,1.00000000,6786.00000000,1.00000000,3294.00000000,
0.10000000,1.00000000,0.01496918,100.96714696,0.14997431,500.16430777,
0.10000000,10.00000000,0.02702111,182.17630270,0.97757082,3263.13140295,
0.10000000,11.00000000,0.02869290,196.28811928,1.00000000,3239.00000000,
0.10000000,12.00000000,0.02552972,173.09152254,0.07917275,261.27006134,
0.10000000,13.00000000,0.01799309,121.36340826,0.27617790,921.05328119,
0.10000000,14.00000000,0.02762227,184.46149440,0.47051774,1600.70134599,
0.10000000,15.00000000,0.03192147,215.91684881,0.99999608,3315.98700831,
0.10000000,16.00000000,0.02899200,197.05862785,0.46457088,1525.18619701,
0.10000000,17.00000000,0.02423920,163.76004633,0.92192098,3064.46532758,
0.10000000,18.00000000,0.05916547,392.56289734,0.11921555,410.69758388,
0.10000000,19.00000000,0.02761080,184.30206123,0.96073148,3271.29070366,
0.10000000,2.00000000,0.02938215,195.97893959,0.26931538,918.36544211,
0.10000000,20.00000000,0.02563852,174.54706711,0.26930137,881.15407811,
0.10000000,3.00000000,0.02392969,161.28614175,0.99999987,3339.99957628,
0.10000000,4.00000000,0.03699058,252.31272015,0.87710395,2858.48175994,
0.10000000,5.00000000,0.02858072,192.77698216,0.99518359,3318.93728161,
0.10000000,6.00000000,0.02798170,186.19020168,0.50126771,1717.34318360,
0.10000000,7.00000000,0.02836441,189.92806089,0.99994471,3383.81290216,
0.10000000,8.00000000,0.02469810,164.14355655,0.40613187,1394.65685666,
0.10000000,9.00000000,0.02589892,175.75009396,0.99999530,3293.98452546,
1000000.00000000,1.00000000,0.00014829,1.00022589,0.00029992,1.00023745,
1000000.00000000,10.00000000,0.00014854,1.00145980,0.00030002,1.00145693,
1000000.00000000,11.00000000,0.00014622,1.00027026,0.00030882,1.00025871,
1000000.00000000,12.00000000,0.00014750,1.00005118,0.00030305,1.00005699,
1000000.00000000,13.00000000,0.00014829,1.00024976,0.00029993,1.00026532,
1000000.00000000,14.00000000,0.00015000,1.00171224,0.00029445,1.00172634,
1000000.00000000,15.00000000,0.00014788,1.00024114,0.00030164,1.00023334,
1000000.00000000,16.00000000,0.00014738,1.00175070,0.00030513,1.00175595,
1000000.00000000,17.00000000,0.00014828,1.00179320,0.00030138,1.00180046,
1000000.00000000,18.00000000,0.00015098,1.00172328,0.00029079,1.00176275,
1000000.00000000,19.00000000,0.00015004,1.00154522,0.00029419,1.00172490,
1000000.00000000,2.00000000,0.00015018,1.00169126,0.00029374,1.00164172,
1000000.00000000,20.00000000,0.00014714,1.00170897,0.00030614,1.00170625,
1000000.00000000,3.00000000,0.00014863,1.00173717,0.00029992,1.00173247,
1000000.00000000,4.00000000,0.00014664,1.00024144,0.00030693,1.00027213,
1000000.00000000,5.00000000,0.00014829,1.00023059,0.00029992,1.00024348,
1000000.00000000,6.00000000,0.00015052,1.00158910,0.00029235,1.00158554,
1000000.00000000,7.00000000,0.00014956,1.00146937,0.00029593,1.00141800,
1000000.00000000,8.00000000,0.00015072,1.00168539,0.00029167,1.00160667,
1000000.00000000,9.00000000,0.00014736,1.00000054,0.00030358,1.00000053,
100000.00000000,1.00000000,0.00014978,1.01024003,0.00030306,1.01068928,
100000.00000000,10.00000000,0.00015499,1.04491881,0.00031286,1.04433366,
100000.00000000,11.00000000,0.00014819,1.01378693,0.00031288,1.01340768,
100000.00000000,12.00000000,0.00014801,1.00353491,0.00030420,1.00385837,
100000.00000000,13.00000000,0.00015013,1.01266029,0.00030380,1.01316590,
100000.00000000,14.00000000,0.00015887,1.06094906,0.00031240,1.06277894,
100000.00000000,15.00000000,0.00014940,1.01051436,0.00030464,1.01017358,
100000.00000000,16.00000000,0.00015613,1.06121055,0.00032353,1.06215829,
100000.00000000,17.00000000,0.00015719,1.06200224,0.00031950,1.06200915,
100000.00000000,18.00000000,0.00016017,1.06275130,0.00030863,1.06321883,
100000.00000000,19.00000000,0.00015832,1.05679126,0.00031221,1.06308566,
100000.00000000,2.00000000,0.00015842,1.05666509,0.00030934,1.05485505,
100000.00000000,20.00000000,0.00015593,1.06155936,0.00032446,1.06163751,
100000.00000000,3.00000000,0.00015738,1.06073929,0.00031755,1.06063319,
100000.00000000,4.00000000,0.00014846,1.01266471,0.00031116,1.01406593,
100000.00000000,5.00000000,0.00014970,1.00969499,0.00030291,1.01019849,
100000.00000000,6.00000000,0.00015870,1.05598973,0.00030830,1.05623812,
100000.00000000,7.00000000,0.00015615,1.04557994,0.00030845,1.04380533,
100000.00000000,8.00000000,0.00015828,1.05189718,0.00030554,1.04923373,
100000.00000000,9.00000000,0.00014737,1.00005414,0.00030360,1.00005365,
10000.00000000,1.00000000,0.00016094,1.08551969,0.00032610,1.08755949,
10000.00000000,10.00000000,0.00018546,1.25037937,0.00037395,1.24824639,
10000.00000000,11.00000000,0.00016853,1.15294098,0.00035646,1.15458721,
10000.00000000,12.00000000,0.00015789,1.07049158,0.00032539,1.07377937,
10000.00000000,13.00000000,0.00016989,1.14588956,0.00034376,1.14644760,
10000.00000000,14.00000000,0.00020927,1.39751884,0.00041379,1.40770898,
10000.00000000,15.00000000,0.00015994,1.08186422,0.00032560,1.07970510,
10000.00000000,16.00000000,0.00020593,1.39970351,0.00042932,1.40946429,
10000.00000000,17.00000000,0.00020776,1.40359999,0.00042260,1.40471928,
10000.00000000,18.00000000,0.00021363,1.41745152,0.00040753,1.40393501,
10000.00000000,19.00000000,0.00020698,1.38159464,0.00041635,1.41768795,
10000.00000000,2.00000000,0.00020315,1.35502526,0.00039501,1.34697272,
10000.00000000,20.00000000,0.00020625,1.40416294,0.00043000,1.40696174,
10000.00000000,3.00000000,0.00020684,1.39412437,0.00041858,1.39805595,
10000.00000000,4.00000000,0.00016801,1.14598057,0.00035503,1.15705496,
10000.00000000,5.00000000,0.00015982,1.07798589,0.00032428,1.08146635,
10000.00000000,6.00000000,0.00020397,1.35719030,0.00039518,1.35389874,
10000.00000000,7.00000000,0.00018585,1.24446273,0.00036609,1.23884631,
10000.00000000,8.00000000,0.00019537,1.29842958,0.00037313,1.28131757,
10000.00000000,9.00000000,0.00014784,1.00322177,0.00030456,1.00322694,
1000.00000000,1.00000000,0.00018979,1.28010042,0.00038457,1.28252581,
1000.00000000,10.00000000,0.00023543,1.58725070,0.00047371,1.58123911,
1000.00000000,11.00000000,0.00021624,1.47930069,0.00045982,1.48934988,
1000.00000000,12.00000000,0.00019941,1.35201406,0.00041278,1.36217994,
1000.00000000,13.00000000,0.00021639,1.45955386,0.00043933,1.46516798,
1000.00000000,14.00000000,0.00026825,1.79139317,0.00052940,1.80102962,
1000.00000000,15.00000000,0.00018214,1.23199753,0.00036915,1.22409560,
1000.00000000,16.00000000,0.00026096,1.77375553,0.00054531,1.79025292,
1000.00000000,17.00000000,0.00026349,1.78015167,0.00053610,1.78199909,
1000.00000000,18.00000000,0.00027408,1.81853990,0.00051468,1.77305723,
1000.00000000,19.00000000,0.00026454,1.76580150,0.00053810,1.83222078,
1000.00000000,2.00000000,0.00025732,1.71631638,0.00050148,1.71005449,
1000.00000000,20.00000000,0.00026363,1.79478481,0.00055018,1.80019714,
1000.00000000,3.00000000,0.00026207,1.76633017,0.00053282,1.77961804,
1000.00000000,4.00000000,0.00021338,1.45546556,0.00045251,1.47473978,
1000.00000000,5.00000000,0.00018055,1.21780713,0.00036836,1.22848184,
1000.00000000,6.00000000,0.00025916,1.72443895,0.00049816,1.70668647,
1000.00000000,7.00000000,0.00022909,1.53401814,0.00045282,1.53235104,
1000.00000000,8.00000000,0.00024302,1.61509731,0.00045961,1.57830418,
1000.00000000,9.00000000,0.00015464,1.04939198,0.00031879,1.05009846,
100.00000000,1.00000000,0.00022784,1.53677821,0.00045986,1.53364320,
100.00000000,10.00000000,0.00027846,1.87736935,0.00056004,1.86940913,
100.00000000,11.00000000,0.00025431,1.73971858,0.00054311,1.75914323,
100.00000000,12.00000000,0.00024223,1.64231938,0.00050253,1.65834215,
100.00000000,13.00000000,0.00025543,1.72286043,0.00052105,1.73769926,
100.00000000,14.00000000,0.00029986,2.00246319,0.00059070,2.00957821,
100.00000000,15.00000000,0.00022228,1.50352368,0.00044710,1.48257593,
100.00000000,16.00000000,0.00028741,1.95353202,0.00060110,1.97340242,
100.00000000,17.00000000,0.00029048,1.96249023,0.00058979,1.96045734,
100.00000000,18.00000000,0.00030650,2.03362780,0.00057270,1.97295965,
100.00000000,19.00000000,0.00029527,1.97091182,0.00060103,2.04650508,
100.00000000,2.00000000,0.00028938,1.93019465,0.00056644,1.93157144,
100.00000000,20.00000000,0.00029195,1.98759088,0.00061128,2.00009510,
100.00000000,3.00000000,0.00029066,1.95905275,0.00059209,1.97758962,
100.00000000,4.00000000,0.00024698,1.68465745,0.00052324,1.70524420,
100.00000000,5.00000000,0.00020668,1.39405732,0.00042299,1.41066996,
100.00000000,6.00000000,0.00029362,1.95377803,0.00056103,1.92210196,
100.00000000,7.00000000,0.00027034,1.81017060,0.00053329,1.80463807,
100.00000000,8.00000000,0.00027922,1.85569001,0.00052471,1.80186046,
100.00000000,9.00000000,0.00017781,1.20662907,0.00036824,1.21296727,
10.00000000,1.00000000,0.00049715,3.35330448,0.00068009,2.26811036,
10.00000000,10.00000000,0.00043908,2.96025310,0.00089297,2.98072870,
10.00000000,11.00000000,0.00049898,3.41349083,0.02888483,93.55794830,
10.00000000,12.00000000,0.00035948,2.43729638,0.00082074,2.70843073,
10.00000000,13.00000000,0.00037659,2.54007924,0.00072613,2.42163314,
10.00000000,14.00000000,0.00044256,2.95544706,0.00098421,3.34829561,
10.00000000,15.00000000,0.00046679,3.15735254,0.01075495,35.66342617,
10.00000000,16.00000000,0.00041683,2.83320451,0.00096582,3.17077646,
10.00000000,17.00000000,0.00059729,4.03527428,0.00087247,2.90010279,
10.00000000,18.00000000,0.00069832,4.63333637,0.00082562,2.84426250,
10.00000000,19.00000000,0.00069077,4.61086527,0.00089202,3.03731838,
10.00000000,2.00000000,0.00063207,4.21589435,0.00092558,3.15621329,
10.00000000,20.00000000,0.00040714,2.77177835,0.00112088,3.66752867,
10.00000000,3.00000000,0.00051096,3.44389448,0.07462028,249.23173076,
10.00000000,4.00000000,0.00049446,3.37270832,0.00075136,2.44868711,
10.00000000,5.00000000,0.00057055,3.84833961,0.00146128,4.87337628,
10.00000000,6.00000000,0.00062669,4.16997279,0.00075146,2.57449651,
10.00000000,7.00000000,0.00058690,3.92987478,0.00080232,2.71506176,
10.00000000,8.00000000,0.00066032,4.38850617,0.00096366,3.30920377,
10.00000000,9.00000000,0.00040204,2.72821125,0.00474877,15.64243224,
1.00000000,1.00000000,0.00238604,16.09383564,0.00405494,13.52322578,
1.00000000,10.00000000,0.00202780,13.67140917,0.55572764,1855.01885662,
1.00000000,11.00000000,0.00321566,21.99834929,0.99892540,3235.51937773,
1.00000000,12.00000000,0.00144476,9.79548474,0.00578079,19.07660788,
1.00000000,13.00000000,0.00168612,11.37288253,0.00423639,14.12836345,
1.00000000,14.00000000,0.00258806,17.28306748,0.00964605,32.81587334,
1.00000000,15.00000000,0.00245855,16.62961980,0.94342329,3128.39163118,
1.00000000,16.00000000,0.00207763,14.12165962,0.01410564,46.30882613,
1.00000000,17.00000000,0.00269104,18.18069840,0.09365213,311.29967450,
1.00000000,18.00000000,0.00366598,24.32379518,0.00279955,9.64445368,
1.00000000,19.00000000,0.00253510,16.92180748,0.01284297,43.73031254,
1.00000000,2.00000000,0.00327352,21.83434745,0.00496284,16.92328205,
1.00000000,20.00000000,0.00147950,10.07242067,0.00819016,26.79821855,
1.00000000,3.00000000,0.00353796,23.84586258,0.93268660,3115.17324889,
1.00000000,4.00000000,0.00211283,14.41162627,0.00788027,25.68180144,
1.00000000,5.00000000,0.00287294,19.37796778,0.01884869,62.86037363,
1.00000000,6.00000000,0.00320591,21.33212724,0.00302099,10.34992642,
1.00000000,7.00000000,0.00306265,20.50748440,0.01002153,33.91287327,
1.00000000,8.00000000,0.00280560,18.64600865,0.02703461,92.83684580,
1.00000000,9.00000000,0.00280625,19.04318354,0.93037300,3064.64865784,
20.00000000,1.00000000,0.00031435,2.12028755,0.00055084,1.83706641,
20.00000000,10.00000000,0.00035061,2.36378676,0.00069821,2.33063113,
20.00000000,11.00000000,0.00033170,2.26915599,0.00159440,5.16427749,
20.00000000,12.00000000,0.00029278,1.98507842,0.00062099,2.04925376,
20.00000000,13.00000000,0.00030970,2.08891760,0.00061809,2.06134066,
20.00000000,14.00000000,0.00036148,2.41397387,0.00074653,2.53970968,
20.00000000,15.00000000,0.00029952,2.02596746,0.00089232,2.95893038,
20.00000000,16.00000000,0.00033908,2.30471689,0.00073151,2.40154795,
20.00000000,17.00000000,0.00038437,2.59681833,0.00069808,2.32041537,
20.00000000,18.00000000,0.00042624,2.82811510,0.00068912,2.37400975,
20.00000000,19.00000000,0.00041512,2.77089384,0.00071893,2.44795367,
20.00000000,2.00000000,0.00038441,2.56402501,0.00070988,2.42069687,
20.00000000,20.00000000,0.00034288,2.33431894,0.00077078,2.52198542,
20.00000000,3.00000000,0.00035558,2.39663441,0.00242788,8.10911586,
20.00000000,4.00000000,0.00033041,2.25372733,0.00062316,2.03086288,
20.00000000,5.00000000,0.00030306,2.04412061,0.00065364,2.17987471,
20.00000000,6.00000000,0.00038940,2.59106473,0.00064487,2.20932322,
20.00000000,7.00000000,0.00036321,2.43203064,0.00064123,2.16991023,
20.00000000,8.00000000,0.00041141,2.73419984,0.00068830,2.36363603,
20.00000000,9.00000000,0.00024866,1.68738723,0.00075612,2.49066370,
2.00000000,1.00000000,0.00142118,9.58586540,0.00204646,6.82495204,
2.00000000,10.00000000,0.00109017,7.34989506,0.20333443,678.73032774,
2.00000000,11.00000000,0.00167348,11.44829089,0.95675232,3098.92075159,
2.00000000,12.00000000,0.00086746,5.88134816,0.00285615,9.42529062,
2.00000000,13.00000000,0.00091614,6.17935444,0.00186116,6.20696134,
2.00000000,14.00000000,0.00121963,8.14471329,0.00303225,10.31573089,
2.00000000,15.00000000,0.00138591,9.37427708,0.73550031,2438.91902505,
2.00000000,16.00000000,0.00115636,7.85980744,0.00407293,13.37141930,
2.00000000,17.00000000,0.00163564,11.05036507,0.03169531,105.35521591,
2.00000000,18.00000000,0.00194859,12.92888256,0.00164603,5.67056437,
2.00000000,19.00000000,0.00171845,11.47063620,0.00359043,12.22543097,
2.00000000,2.00000000,0.00189281,12.62504720,0.00226670,7.72944024,
2.00000000,20.00000000,0.00089214,6.07368675,0.00502869,16.45388611,
2.00000000,3.00000000,0.00195943,13.20656614,0.85108514,2842.62437786,
2.00000000,4.00000000,0.00124871,8.51747647,0.00210889,6.87285926,
2.00000000,5.00000000,0.00167156,11.27464000,0.00658699,21.96759573,
2.00000000,6.00000000,0.00180600,12.01715049,0.00158238,5.42123943,
2.00000000,7.00000000,0.00179319,12.00716977,0.00298927,10.11568282,
2.00000000,8.00000000,0.00170200,11.31146625,0.00723668,24.85075181,
2.00000000,9.00000000,0.00138528,9.40051300,0.60289793,1985.94579406,
50.00000000,1.00000000,0.00024198,1.63213861,0.00048409,1.61445581,
50.00000000,10.00000000,0.00029529,1.99083817,0.00059434,1.98389701,
50.00000000,11.00000000,0.00026992,1.84653143,0.00058763,1.90334087,
50.00000000,12.00000000,0.00025557,1.73277664,0.00053137,1.75350739,
50.00000000,13.00000000,0.00026984,1.82008450,0.00054861,1.82962869,
50.00000000,14.00000000,0.00031414,2.09781069,0.00062175,2.11518326,
50.00000000,15.00000000,0.00023894,1.61621298,0.00048124,1.59580200,
50.00000000,16.00000000,0.00029954,2.03594868,0.00062888,2.06462580,
50.00000000,17.00000000,0.00030364,2.05139320,0.00061377,2.04016744,
50.00000000,18.00000000,0.00032321,2.14449381,0.00060073,2.06952984,
50.00000000,19.00000000,0.00031091,2.07533832,0.00062811,2.13872907,
50.00000000,2.00000000,0.00030248,2.01753255,0.00059439,2.02688310,
50.00000000,20.00000000,0.00030400,2.06960486,0.00064089,2.09697600,
50.00000000,3.00000000,0.00030455,2.05264489,0.00063106,2.10772570,
50.00000000,4.00000000,0.00026004,1.77373942,0.00054847,1.78746190,
50.00000000,5.00000000,0.00021751,1.46710878,0.00044665,1.48956705,
50.00000000,6.00000000,0.00030753,2.04633664,0.00058270,1.99632040,
50.00000000,7.00000000,0.00028582,1.91386345,0.00056030,1.89606454,
50.00000000,8.00000000,0.00030044,1.99670867,0.00056087,1.92602362,
50.00000000,9.00000000,0.00019158,1.30007159,0.00040029,1.31856916,
5.00000000,1.00000000,0.00079135,5.33763027,0.00097392,3.24802211,
5.00000000,10.00000000,0.00059303,3.99817955,0.00347939,11.61420431,
5.00000000,11.00000000,0.00082022,5.61111460,0.34742267,1125.30202181,
5.00000000,12.00000000,0.00049897,3.38303269,0.00136933,4.51877969,
5.00000000,13.00000000,0.00050991,3.43933523,0.00095206,3.17511319,
5.00000000,14.00000000,0.00061522,4.10843335,0.00140559,4.78182564,
5.00000000,15.00000000,0.00075406,5.10045417,0.14939524,495.39462974,
5.00000000,16.00000000,0.00059553,4.04779387,0.00156723,5.14521919,
5.00000000,17.00000000,0.00092806,6.26995580,0.00188357,6.26097010,
5.00000000,18.00000000,0.00111478,7.39656975,0.00105245,3.62569340,
5.00000000,19.00000000,0.00108441,7.23842059,0.00132857,4.52378171,
5.00000000,2.00000000,0.00103818,6.92468770,0.00124860,4.25773330,
5.00000000,20.00000000,0.00052905,3.60175336,0.00211479,6.91960131,
5.00000000,3.00000000,0.00089461,6.02965706,0.45756538,1528.26836410,
5.00000000,4.00000000,0.00074090,5.05366983,0.00101526,3.30873686,
5.00000000,5.00000000,0.00097024,6.54430238,0.00311161,10.37722362,
5.00000000,6.00000000,0.00101372,6.74531495,0.00095828,3.28307291,
5.00000000,7.00000000,0.00098078,6.56727845,0.00117712,3.98337294,
5.00000000,8.00000000,0.00102354,6.80246181,0.00178009,6.11281952,
5.00000000,9.00000000,0.00067599,4.58728153,0.05434086,178.99880926,