
0.00000000,1.00000000,1.00000000,6752.00000000,1.00000000,3388.00000000,
0.00000000,10.00000000,1.00000000,6769.00000000,1.00000000,3371.00000000,
0.00000000,11.00000000,1.00000000,6841.00000000,1.00000000,3299.00000000,alpha,seed,kish[0],relkish[0],test_kish[0],test_relkish[0],
inf,1.00000000,0.00014810,1.00000000,0.00029516,1.00000000,
0.01000000,1.00000000,0.05816965,392.76144627,0.99862826,3383.35254512,alpha,seed,kish[0],relkish[0],test_kish[0],test_relkish[0],
inf,10.00000000,0.00014773,1.00000000,0.00029665,1.00000000,
0.01000000,10.00000000,0.09381206,635.01384431,0.99995553,3370.85008319,alpha,seed,kish[0],relkish[0],test_kish[0],test_relkish[0],
inf,11.00000000,0.00014618,1.00000000,0.00030312,1.00000000,
0.01000000,11.00000000,0.07514298,514.05315918,1.00000000,3299.00000000,alpha,seed,kish[0],relkish[0],test_kish[0],test_relkish[0],
inf,12.00000000,0.00014901,1.00000000,0.00029163,1.00000000,
0.01000000,12.00000000,0.05912832,396.81017567,0.99988872,3428.61842816,alpha,seed,kish[0],relkish[0],test_kish[0],test_relkish[0],
inf,13.00000000,0.00014928,1.00000000,0.00029061,1.00000000,
0.01000000,13.00000000,0.04792339,321.03882161,1.00000000,3441.00000000,alpha,seed,kish[0],relkish[0],test_kish[0],test_relkish[0],
inf,14.00000000,0.00014773,1.00000000,0.00029665,1.00000000,
0.01000000,14.00000000,0.07287891,493.31733443,1.00000000,3370.99999445,alpha,seed,kish[0],relkish[0],test_kish[0],test_relkish[0],
inf,15.00000000,0.00014791,1.00000000,0.00029595,1.00000000,
0.01000000,15.00000000,0.05338418,360.93046194,0.99995950,3378.86314035,alpha,seed,kish[0],relkish[0],test_kish[0],test_relkish[0],
inf,16.00000000,0.00014684,1.00000000,0.00030030,1.00000000,
0.01000000,16.00000000,0.09584221,652.68543424,0.93456913,3112.11519533,alpha,seed,kish[0],relkish[0],test_kish[0],test_relkish[0],
inf,17.00000000,0.00014586,1.00000000,0.00030451,1.00000000,
0.01000000,17.00000000,0.05655958,387.77250283,0.99999965,3283.99883746,alpha,seed,kish[0],relkish[0],test_kish[0],test_relkish[0],
inf,18.00000000,0.00014890,1.00000000,0.00029206,1.00000000,
0.01000000,18.00000000,0.10368519,696.34972513,1.00000000,3424.00000000,alpha,seed,kish[0],relkish[0],test_kish[0],test_relkish[0],
inf,19.00000000,0.00014999,1.00000000,0.00028794,1.00000000,
0.01000000,19.00000000,0.04707911,313.87645180,0.99981813,3472.36837480,
0.00000000,12.00000000,1.00000000,6711.00000000,1.00000000,3429.00000000,alpha,seed,kish[0],relkish[0],test_kish[0],test_relkish[0],
inf,2.00000000,0.00014708,1.00000000,0.00029931,1.00000000,
0.01000000,2.00000000,0.07592835,516.23682278,0.99911490,3338.04287005,alpha,seed,kish[0],relkish[0],test_kish[0],test_relkish[0],
inf,20.00000000,0.00014721,1.00000000,0.00029878,1.00000000,
0.01000000,20.00000000,0.04926056,334.62699393,1.00000000,3347.00000000,
0.00000000,13.00000000,1.00000000,6699.00000000,1.00000000,3441.00000000,alpha,seed,kish[0],relkish[0],test_kish[0],test_relkish[0],
inf,3.00000000,0.00014954,1.00000000,0.00028960,1.00000000,
0.01000000,3.00000000,0.07291253,487.56611668,1.00000000,3453.00000000,
0.00000000,14.00000000,1.00000000,6769.00000000,1.00000000,3371.00000000,alpha,seed,kish[0],relkish[0],test_kish[0],test_relkish[0],
inf,4.00000000,0.00014804,1.00000000,0.00029542,1.00000000,
0.01000000,4.00000000,0.08113230,548.04869077,0.97276286,3292.80228184,
0.00000000,15.00000000,1.00000000,6761.00000000,1.00000000,3379.00000000,alpha,seed,kish[0],relkish[0],test_kish[0],test_relkish[0],
inf,5.00000000,0.00014795,1.00000000,0.00029577,1.00000000,
0.01000000,5.00000000,0.04685095,316.66559234,0.99823093,3375.01878290,
0.00000000,16.00000000,1.00000000,6810.00000000,1.00000000,3330.00000000,alpha,seed,kish[0],relkish[0],test_kish[0],test_relkish[0],
inf,6.00000000,0.00014914,1.00000000,0.00029112,1.00000000,
0.01000000,6.00000000,0.05869399,393.54320724,0.99997901,3434.92791272,
0.00000000,17.00000000,1.00000000,6856.00000000,1.00000000,3284.00000000,alpha,seed,kish[0],relkish[0],test_kish[0],test_relkish[0],
inf,7.00000000,0.00014743,1.00000000,0.00029789,1.00000000,
0.01000000,7.00000000,0.08568422,581.19603359,0.99837033,3351.52918540,
0.00000000,18.00000000,1.00000000,6716.00000000,1.00000000,3424.00000000,alpha,seed,kish[0],relkish[0],test_kish[0],test_relkish[0],
inf,8.00000000,0.00014624,1.00000000,0.00030285,1.00000000,
0.01000000,8.00000000,0.09383725,641.65908653,0.99857536,3297.29582646,
0.00000000,19.00000000,1.00000000,6667.00000000,1.00000000,3473.00000000,alpha,seed,kish[0],relkish[0],test_kish[0],test_relkish[0],
inf,9.00000000,0.00014865,1.00000000,0.00029300,1.00000000,
0.01000000,9.00000000,0.05465784,367.68328573,0.59252896,2022.30133675,
0.00000000,2.00000000,1.00000000,6799.00000000,1.00000000,3341.00000000,
0.00000000,20.00000000,1.00000000,6793.00000000,1.00000000,3347.00000000,
0.00000000,3.00000000,1.00000000,6687.00000000,1.00000000,3453.00000000,
0.00000000,4.00000000,1.00000000,6755.00000000,1.00000000,3385.00000000,
0.00000000,5.00000000,1.00000000,6759.00000000,1.00000000,3381.00000000,
0.00000000,6.00000000,1.00000000,6705.00000000,1.00000000,3435.00000000,
0.00000000,7.00000000,1.00000000,6783.00000000,1.00000000,3357.00000000,
0.00000000,8.00000000,1.00000000,6838.00000000,1.00000000,3302.00000000,
0.00000000,9.00000000,1.00000000,6727.00000000,1.00000000,3413.00000000,
0.10000000,1.00000000,0.02319335,156.60151680,0.41649254,1411.07674138,
0.10000000,10.00000000,0.04144053,280.51097882,0.34838935,1174.42049388,
0.10000000,11.00000000,0.03834148,262.29409604,0.98519745,3250.16638156,
0.10000000,12.00000000,0.03376034,226.56562428,0.78748765,2700.29514623,
0.10000000,13.00000000,0.01628011,109.06044138,0.99984192,3440.45605990,
0.10000000,14.00000000,0.02595643,175.69910747,0.99424599,3351.60322809,
0.10000000,15.00000000,0.02159964,146.03518199,0.55583805,1878.17675781,
0.10000000,16.00000000,0.06134430,417.75470823,0.36655855,1220.63995571,
0.10000000,17.00000000,0.03187733,218.55095280,0.58170761,1910.32780762,
0.10000000,18.00000000,0.06226980,418.20397026,0.99975515,3423.16162667,
0.10000000,19.00000000,0.02641500,176.10883144,0.74688938,2593.94682375,
0.10000000,2.00000000,0.03962559,269.41441567,0.96105895,3210.89794141,
0.10000000,20.00000000,0.01734140,117.80012432,0.99999971,3346.99903127,
0.10000000,3.00000000,0.03656914,244.53781721,0.21604887,746.01675278,
0.10000000,4.00000000,0.03509783,237.08587206,0.98486650,3333.77309725,
0.10000000,5.00000000,0.01710430,115.60797860,0.13878439,469.23001740,
0.10000000,6.00000000,0.01363284,91.40816292,0.26411919,907.24940487,
0.10000000,7.00000000,0.04655864,315.80723969,0.78160198,2623.83785681,
0.10000000,8.00000000,0.05903789,403.70108786,0.17624150,581.94943666,
0.10000000,9.00000000,0.02566285,172.63398023,0.19526410,666.43638311,
1000000.00000000,1.00000000,0.00014810,1.00000096,0.00029516,1.00000135,
1000000.00000000,10.00000000,0.00014773,1.00000084,0.00029665,1.00000092,
1000000.00000000,11.00000000,0.00014618,1.00000041,0.00030312,1.00000046,
1000000.00000000,12.00000000,0.00014901,1.00000056,0.00029163,1.00000057,
1000000.00000000,13.00000000,0.00014928,1.00000167,0.00029061,1.00000178,
1000000.00000000,14.00000000,0.00014773,1.00000190,0.00029665,1.00000165,
1000000.00000000,15.00000000,0.00014791,1.00000097,0.00029595,1.00000068,
1000000.00000000,16.00000000,0.00014684,1.00000090,0.00030030,1.00000092,
1000000.00000000,17.00000000,0.00014586,1.00000037,0.00030451,1.00000032,
1000000.00000000,18.00000000,0.00014890,1.00000093,0.00029206,1.00000107,
1000000.00000000,19.00000000,0.00014999,1.00000112,0.00028794,1.00000085,
1000000.00000000,2.00000000,0.00014708,1.00000075,0.00029931,1.00000096,
1000000.00000000,20.00000000,0.00014721,1.00000154,0.00029878,1.00000158,
1000000.00000000,3.00000000,0.00014954,1.00000030,0.00028960,1.00000030,
1000000.00000000,4.00000000,0.00014804,1.00000050,0.00029542,1.00000056,
1000000.00000000,5.00000000,0.00014795,1.00000041,0.00029577,1.00000054,
1000000.00000000,6.00000000,0.00014914,1.00000152,0.00029112,1.00000136,
1000000.00000000,7.00000000,0.00014743,1.00000064,0.00029789,1.00000076,
1000000.00000000,8.00000000,0.00014624,1.00000000,0.00030285,1.00000000,
1000000.00000000,9.00000000,0.00014865,1.00000067,0.00029300,1.00000045,
100000.00000000,1.00000000,0.00014812,1.00008662,0.00029519,1.00011992,
100000.00000000,10.00000000,0.00014774,1.00006163,0.00029667,1.00006618,
100000.00000000,11.00000000,0.00014618,1.00004118,0.00030314,1.00004433,
100000.00000000,12.00000000,0.00014902,1.00005403,0.00029165,1.00005567,
100000.00000000,13.00000000,0.00014930,1.00013239,0.00029065,1.00013769,
100000.00000000,14.00000000,0.00014775,1.00014209,0.00029668,1.00012208,
100000.00000000,15.00000000,0.00014792,1.00007821,0.00029596,1.00005731,
100000.00000000,16.00000000,0.00014685,1.00007325,0.00030032,1.00007535,
100000.00000000,17.00000000,0.00014586,1.00002994,0.00030451,1.00002586,
100000.00000000,18.00000000,0.00014891,1.00007774,0.00029208,1.00008652,
100000.00000000,19.00000000,0.00015001,1.00010582,0.00028796,1.00008313,
100000.00000000,2.00000000,0.00014709,1.00006289,0.00029934,1.00007941,
100000.00000000,20.00000000,0.00014723,1.00011647,0.00029881,1.00011906,
100000.00000000,3.00000000,0.00014955,1.00002813,0.00028961,1.00002779,
100000.00000000,4.00000000,0.00014805,1.00004569,0.00029544,1.00005054,
100000.00000000,5.00000000,0.00014796,1.00003910,0.00029579,1.00005198,
100000.00000000,6.00000000,0.00014916,1.00012617,0.00029115,1.00011632,
100000.00000000,7.00000000,0.00014744,1.00006527,0.00029791,1.00007697,
100000.00000000,8.00000000,0.00014624,1.00000003,0.00030285,1.00000003,
100000.00000000,9.00000000,0.00014866,1.00005125,0.00029301,1.00003515,
10000.00000000,1.00000000,0.00014848,1.00254068,0.00029612,1.00327146,
10000.00000000,10.00000000,0.00014799,1.00177481,0.00029720,1.00184495,
10000.00000000,11.00000000,0.00014641,1.00162180,0.00030369,1.00185790,
10000.00000000,12.00000000,0.00014933,1.00215890,0.00029226,1.00215696,
10000.00000000,13.00000000,0.00014981,1.00355593,0.00029160,1.00340721,
10000.00000000,14.00000000,0.00014827,1.00363496,0.00029756,1.00308640,
10000.00000000,15.00000000,0.00014817,1.00179170,0.00029639,1.00149285,
10000.00000000,16.00000000,0.00014720,1.00241162,0.00030105,1.00250766,
10000.00000000,17.00000000,0.00014608,1.00149902,0.00030491,1.00131477,
10000.00000000,18.00000000,0.00014920,1.00205879,0.00029267,1.00208834,
10000.00000000,19.00000000,0.00015049,1.00333850,0.00028869,1.00260390,
10000.00000000,2.00000000,0.00014743,1.00236098,0.00030014,1.00277748,
10000.00000000,20.00000000,0.00014768,1.00317203,0.00029972,1.00315695,
10000.00000000,3.00000000,0.00014975,1.00140129,0.00029000,1.00137885,
10000.00000000,4.00000000,0.00014833,1.00196376,0.00029605,1.00214329,
10000.00000000,5.00000000,0.00014820,1.00165895,0.00029639,1.00209583,
10000.00000000,6.00000000,0.00014964,1.00334624,0.00029206,1.00323120,
10000.00000000,7.00000000,0.00014776,1.00224193,0.00029867,1.00263199,
10000.00000000,8.00000000,0.00014624,1.00000316,0.00030285,1.00000306,
10000.00000000,9.00000000,0.00014889,1.00157531,0.00029333,1.00113166,
1000.00000000,1.00000000,0.00015010,1.01347279,0.00029996,1.01625681,
1000.00000000,10.00000000,0.00014901,1.00862169,0.00029919,1.00858560,
1000.00000000,11.00000000,0.00014790,1.01176006,0.00030740,1.01410075,
1000.00000000,12.00000000,0.00015126,1.01510687,0.00029587,1.01452471,
1000.00000000,13.00000000,0.00015159,1.01549349,0.00029469,1.01402752,
1000.00000000,14.00000000,0.00015021,1.01675485,0.00030098,1.01460521,
1000.00000000,15.00000000,0.00014888,1.00657845,0.00029774,1.00607271,
1000.00000000,16.00000000,0.00014872,1.01280183,0.00030429,1.01328372,
1000.00000000,17.00000000,0.00014791,1.01407041,0.00030834,1.01259760,
1000.00000000,18.00000000,0.00015040,1.01008919,0.00029482,1.00946286,
1000.00000000,19.00000000,0.00015272,1.01821389,0.00029205,1.01428560,
1000.00000000,2.00000000,0.00014928,1.01493185,0.00030407,1.01589061,
1000.00000000,20.00000000,0.00014947,1.01536652,0.00030331,1.01518423,
1000.00000000,3.00000000,0.00015151,1.01315985,0.00029332,1.01283663,
1000.00000000,4.00000000,0.00015014,1.01422847,0.00029983,1.01492518,
1000.00000000,5.00000000,0.00014982,1.01261566,0.00030019,1.01494918,
1000.00000000,6.00000000,0.00015163,1.01669845,0.00029570,1.01571786,
1000.00000000,7.00000000,0.00014950,1.01407013,0.00030262,1.01590223,
1000.00000000,8.00000000,0.00014628,1.00028007,0.00030293,1.00026766,
1000.00000000,9.00000000,0.00014995,1.00868343,0.00029502,1.00690049,
100.00000000,1.00000000,0.00015416,1.04088436,0.00030882,1.04628013,
100.00000000,10.00000000,0.00015126,1.02388047,0.00030351,1.02314896,
100.00000000,11.00000000,0.00015174,1.03806577,0.00031607,1.04269933,
100.00000000,12.00000000,0.00015539,1.04284237,0.00030376,1.04160382,
100.00000000,13.00000000,0.00015483,1.03717986,0.00030062,1.03444833,
100.00000000,14.00000000,0.00015376,1.04076952,0.00030790,1.03794084,
100.00000000,15.00000000,0.00015127,1.02273598,0.00030260,1.02247767,
100.00000000,16.00000000,0.00015138,1.03088122,0.00031004,1.03243012,
100.00000000,17.00000000,0.00015242,1.04496010,0.00031719,1.04163881,
100.00000000,18.00000000,0.00015360,1.03160037,0.00030123,1.03141794,
100.00000000,19.00000000,0.00015720,1.04803029,0.00029995,1.04171235,
100.00000000,2.00000000,0.00015323,1.04179870,0.00031202,1.04246042,
100.00000000,20.00000000,0.00015251,1.03597122,0.00030976,1.03676508,
100.00000000,3.00000000,0.00015647,1.04632759,0.00030241,1.04423324,
100.00000000,4.00000000,0.00015419,1.04156028,0.00030750,1.04087294,
100.00000000,5.00000000,0.00015368,1.03870473,0.00030854,1.04317471,
100.00000000,6.00000000,0.00015642,1.04877042,0.00030498,1.04760168,
100.00000000,7.00000000,0.00015358,1.04172732,0.00031064,1.04280767,
100.00000000,8.00000000,0.00014894,1.01845888,0.00030813,1.01744891,
100.00000000,9.00000000,0.00015287,1.02835442,0.00030074,1.02641228,
10.00000000,1.00000000,0.00023382,1.57875076,0.00145431,4.92720323,
10.00000000,10.00000000,0.00020011,1.35455778,0.00037360,1.25939818,
10.00000000,11.00000000,0.00022250,1.52213226,0.00045859,1.51289232,
10.00000000,12.00000000,0.00023072,1.54836777,0.00072811,2.49669024,
10.00000000,13.00000000,0.00021017,1.40795194,0.00040551,1.39535588,
10.00000000,14.00000000,0.00020139,1.36320370,0.00040374,1.36100839,
10.00000000,15.00000000,0.00022396,1.51416832,0.00041465,1.40111462,
10.00000000,16.00000000,0.00021090,1.43622092,0.00052991,1.76459727,
10.00000000,17.00000000,0.00022307,1.52934581,0.00043335,1.42310556,
10.00000000,18.00000000,0.00022244,1.49388305,0.00043498,1.48936664,
10.00000000,19.00000000,0.00025013,1.66762559,0.00065744,2.28329153,
10.00000000,2.00000000,0.00021884,1.48788822,0.00048091,1.60671524,
10.00000000,20.00000000,0.00021397,1.45350782,0.00148391,4.96665773,
10.00000000,3.00000000,0.00024929,1.66699647,0.00045505,1.57129047,
10.00000000,4.00000000,0.00021519,1.45362940,0.00041668,1.41045763,
10.00000000,5.00000000,0.00021975,1.48530457,0.00059461,2.01037208,
10.00000000,6.00000000,0.00023997,1.60902540,0.00050451,1.73300369,
10.00000000,7.00000000,0.00023903,1.62131250,0.00048170,1.61707221,
10.00000000,8.00000000,0.00023643,1.61668191,0.00046148,1.52381856,
10.00000000,9.00000000,0.00019281,1.29705626,0.00038125,1.30119038,
1.00000000,1.00000000,0.00173623,11.72299555,0.32758748,1109.86639646,
1.00000000,10.00000000,0.00089957,6.08921589,0.02615065,88.15383893,
1.00000000,11.00000000,0.00191845,13.12411904,0.01040575,34.32855389,
1.00000000,12.00000000,0.00196187,13.16608262,0.01646754,56.46718715,
1.00000000,13.00000000,0.00111688,7.48196706,0.00358613,12.33988016,
1.00000000,14.00000000,0.00172943,11.70648390,0.00959045,32.32942349,
1.00000000,15.00000000,0.00161795,10.93894357,0.00459798,15.53657181,
1.00000000,16.00000000,0.00541569,36.88084539,0.03188740,106.18502843,
1.00000000,17.00000000,0.00187894,12.88200342,0.00598919,19.66849899,
1.00000000,18.00000000,0.00239840,16.10763909,0.00387572,13.27045044,
1.00000000,19.00000000,0.00172775,11.51888297,0.01418467,49.26334561,
1.00000000,2.00000000,0.00196673,13.37177647,0.03406091,113.79750838,
1.00000000,20.00000000,0.00142904,9.70744182,0.79536697,2662.09324727,
1.00000000,3.00000000,0.00245763,16.43420315,0.00364056,12.57084801,
1.00000000,4.00000000,0.00194475,13.13677526,0.01146790,38.81883707,
1.00000000,5.00000000,0.00126663,8.56116616,0.00314101,10.61975347,
1.00000000,6.00000000,0.00138892,9.31273061,0.00627601,21.55809334,
1.00000000,7.00000000,0.00283057,19.19977751,0.01234652,41.44728375,
1.00000000,8.00000000,0.00331791,22.68789616,0.00355014,11.72255547,
1.00000000,9.00000000,0.00102245,6.87800221,0.00196971,6.72262874,
20.00000000,1.00000000,0.00018180,1.22749871,0.00041721,1.41352375,
20.00000000,10.00000000,0.00016788,1.13637956,0.00032932,1.11012400,
20.00000000,11.00000000,0.00017793,1.21720333,0.00036685,1.21023862,
20.00000000,12.00000000,0.00018257,1.22524686,0.00039219,1.34480966,
20.00000000,13.00000000,0.00017683,1.18459640,0.00034291,1.17993719,
20.00000000,14.00000000,0.00017267,1.16878552,0.00034580,1.16570532,
20.00000000,15.00000000,0.00017716,1.19779906,0.00034573,1.16820495,
20.00000000,16.00000000,0.00017079,1.16306986,0.00035992,1.19853548,
20.00000000,17.00000000,0.00017810,1.22107956,0.00036360,1.19407177,
20.00000000,18.00000000,0.00017655,1.18569339,0.00034638,1.18600545,
20.00000000,19.00000000,0.00018756,1.25046680,0.00037887,1.31582730,
20.00000000,2.00000000,0.00017690,1.20273546,0.00036119,1.20672317,
20.00000000,20.00000000,0.00017195,1.16806830,0.00042178,1.41170894,
20.00000000,3.00000000,0.00019019,1.27178435,0.00035985,1.24255711,
20.00000000,4.00000000,0.00017611,1.18962495,0.00034709,1.17489178,
20.00000000,5.00000000,0.00017791,1.20250935,0.00037644,1.27275507,
20.00000000,6.00000000,0.00018757,1.25766935,0.00037187,1.27735662,
20.00000000,7.00000000,0.00018171,1.23250751,0.00036612,1.22907577,
20.00000000,8.00000000,0.00017933,1.22626131,0.00036473,1.20435151,
20.00000000,9.00000000,0.00016894,1.13643148,0.00033292,1.13624788,
2.00000000,1.00000000,0.00084927,5.73428466,0.12527636,424.43630371,
2.00000000,10.00000000,0.00044125,2.98685041,0.00313996,10.58478935,
2.00000000,11.00000000,0.00071707,4.90550519,0.00181146,5.97600650,
2.00000000,12.00000000,0.00069201,4.64410485,0.00637369,21.85536779,
2.00000000,13.00000000,0.00055511,3.71868167,0.00103651,3.56662685,
2.00000000,14.00000000,0.00058853,3.98379209,0.00142311,4.79729833,
2.00000000,15.00000000,0.00070892,4.79301510,0.00127870,4.32071865,
2.00000000,16.00000000,0.00127644,8.69252767,0.00887273,29.54619643,
2.00000000,17.00000000,0.00076185,5.22321602,0.00113666,3.73280246,
2.00000000,18.00000000,0.00094858,6.37064733,0.00141160,4.83333114,
2.00000000,19.00000000,0.00088590,5.90627494,0.00373960,12.98764345,
2.00000000,2.00000000,0.00074611,5.07281076,0.00541641,18.09623954,
2.00000000,20.00000000,0.00074130,5.03567182,0.18269961,611.49559558,
2.00000000,3.00000000,0.00095356,6.37643272,0.00159523,5.50832202,
2.00000000,4.00000000,0.00076133,5.14280289,0.00189964,6.43028859,
2.00000000,5.00000000,0.00063417,4.28637030,0.00265972,8.99250972,
2.00000000,6.00000000,0.00076196,5.10896069,0.00256400,8.80734672,
2.00000000,7.00000000,0.00112287,7.61645762,0.00237257,7.96472028,
2.00000000,8.00000000,0.00113971,7.79334904,0.00154927,5.11567883,
2.00000000,9.00000000,0.00044766,3.01143888,0.00090823,3.09978143,
50.00000000,1.00000000,0.00015945,1.07658341,0.00032102,1.08762090,
50.00000000,10.00000000,0.00015404,1.04270069,0.00030856,1.04014251,
50.00000000,11.00000000,0.00015667,1.07175349,0.00032614,1.07594948,
50.00000000,12.00000000,0.00016034,1.07602354,0.00031444,1.07820847,
50.00000000,13.00000000,0.00015935,1.06745563,0.00030930,1.06430836,
50.00000000,14.00000000,0.00015772,1.06760328,0.00031581,1.06460673,
50.00000000,15.00000000,0.00015582,1.05347091,0.00031112,1.05126922,
50.00000000,16.00000000,0.00015493,1.05506903,0.00031805,1.05909165,
50.00000000,17.00000000,0.00015729,1.07838583,0.00032687,1.07345222,
50.00000000,18.00000000,0.00015779,1.05969511,0.00030977,1.06064396,
50.00000000,19.00000000,0.00016262,1.08417181,0.00031074,1.07919889,
50.00000000,2.00000000,0.00015764,1.07177489,0.00032107,1.07268209,
50.00000000,20.00000000,0.00015578,1.05823481,0.00031823,1.06513163,
50.00000000,3.00000000,0.00016278,1.08849054,0.00031366,1.08305451,
50.00000000,4.00000000,0.00015853,1.07083884,0.00031549,1.06792375,
50.00000000,5.00000000,0.00015824,1.06954330,0.00031857,1.07710024,
50.00000000,6.00000000,0.00016253,1.08978229,0.00031756,1.09081362,
50.00000000,7.00000000,0.00015851,1.07517796,0.00032006,1.07444457,
50.00000000,8.00000000,0.00015454,1.05673306,0.00031898,1.05326617,
50.00000000,9.00000000,0.00015633,1.05165541,0.00030769,1.05014814,
5.00000000,1.00000000,0.00036642,2.47406437,0.01240341,42.02273819,
5.00000000,10.00000000,0.00026276,1.77864377,0.00050807,1.71271523,
5.00000000,11.00000000,0.00032099,2.19588497,0.00070147,2.31416581,
5.00000000,12.00000000,0.00032818,2.20238983,0.00178302,6.11397757,
5.00000000,13.00000000,0.00028476,1.90761917,0.00053758,1.84980355,
5.00000000,14.00000000,0.00026938,1.82339942,0.00054283,1.82988858,
5.00000000,15.00000000,0.00032657,2.20791386,0.00056843,1.92073595,
5.00000000,16.00000000,0.00033347,2.27092078,0.00141690,4.71828831,
5.00000000,17.00000000,0.00032325,2.21619084,0.00057545,1.88978926,
5.00000000,18.00000000,0.00035018,2.35183919,0.00066431,2.27461109,
5.00000000,19.00000000,0.00040470,2.69810492,0.00131937,4.58216163,
5.00000000,2.00000000,0.00031599,2.14844312,0.00096234,3.21517854,
5.00000000,20.00000000,0.00032695,2.22094013,0.01035874,34.67069311,
5.00000000,3.00000000,0.00038785,2.59357612,0.00068728,2.37318537,
5.00000000,4.00000000,0.00031658,2.13851636,0.00061055,2.06672262,
5.00000000,5.00000000,0.00030910,2.08923713,0.00123313,4.16919877,
5.00000000,6.00000000,0.00035999,2.41375406,0.00086831,2.98262848,
5.00000000,7.00000000,0.00038747,2.62820987,0.00077280,2.59429586,
5.00000000,8.00000000,0.00039503,2.70120480,0.00069567,2.29709241,
5.00000000,9.00000000,0.00024598,1.65469978,0.00048991,1.67205856,