alpha,seed,time,niter,nfail,train_lossf,test_lossf,train_lossf[0],test_lossf[0],errorf[0][0],errorf[0][1],errorf1[0][0],errorf1[0][1],errorf2[0][0],errorf2[0][1],train_Srel[0],test_Srel[0],
0.00000000,1.00000000,76.07782078,848.00000000,1.00000000,18707.21804146,8332.06550884,18707.21804146,8332.06550884,90.11679472,18617.10124674,29.26857649,18.03739558,4282.48416523,4002.27537154,35184372088832.00000000,-35184372088832.00000000,
0.00000000,10.00000000,88.73096967,852.00000000,1.00000000,24.74972305,1245467.78688823,24.74972305,1245467.78688823,24.74972305,0.00000000,27.67918650,1223158.98057809,380.79840425,21900.32871940,-17592186044416.00000000,0.00000000,
0.00000000,11.00000000,78.30431795,843.00000000,1.00000000,16.75951892,60.57768030,16.75951892,60.57768030,16.75951892,0.00000000,12.89787182,0.00000000,47.66170495,0.01810353,68719476736.00000000,0.00000000,
inf,1.00000000,0.00000000,0.00000000,0.00000000,76.79681765,141.96074082,76.79681765,141.96074082,11.01766921,65.77914843,4.78358171,0.05229313,11.00674145,126.11812453,0.00000000,-0.00000000,
0.01000000,1.00000000,3.85644889,521.00000000,0.00000000,0.23736734,82760.03835302,0.23736734,82760.03835302,0.18050090,0.00002419,44.79841421,21206.44811861,1298.92824846,60209.78234867,-5.68422513,-8.12230606,alpha,seed,time,niter,nfail,train_lossf,test_lossf,train_lossf[0],test_lossf[0],errorf[0][0],errorf[0][1],errorf1[0][0],errorf1[0][1],errorf2[0][0],errorf2[0][1],train_Srel[0],test_Srel[0],
inf,10.00000000,0.00000000,0.00000000,0.00000000,53.93339380,98.19225815,53.93339380,98.19225815,7.29523776,46.63815604,8.52858791,38.05659079,7.20875899,44.39832046,-0.00000000,-0.00000000,
0.01000000,10.00000000,3.77767062,513.00000000,0.00000000,0.37326624,415.20513088,0.37326624,415.20513088,0.31343717,0.00000039,26.52883772,8.35119569,196.91277627,183.33109416,-5.98286838,-8.12270421,alpha,seed,time,niter,nfail,train_lossf,test_lossf,train_lossf[0],test_lossf[0],errorf[0][0],errorf[0][1],errorf1[0][0],errorf1[0][1],errorf2[0][0],errorf2[0][1],train_Srel[0],test_Srel[0],
inf,11.00000000,0.00000000,0.00000000,0.00000000,56.10421011,128.62474739,56.10421011,128.62474739,11.24698787,44.85722224,4.44713773,27.14920664,11.56645539,85.46194762,0.00000000,-0.00000000,
0.01000000,11.00000000,3.13277078,499.00000000,0.00000000,0.62630139,60.65869404,0.62630139,60.65869404,0.56864300,0.00000007,12.89787182,0.00000000,47.66170495,0.01810353,-5.76583271,-8.10137467,alpha,seed,time,niter,nfail,train_lossf,test_lossf,train_lossf[0],test_lossf[0],errorf[0][0],errorf[0][1],errorf1[0][0],errorf1[0][1],errorf2[0][0],errorf2[0][1],train_Srel[0],test_Srel[0],
inf,12.00000000,0.00000000,0.00000000,0.00000000,70.42752977,93.46613274,70.42752977,93.46613274,10.87326358,59.55426619,5.00685007,27.19870144,10.64115635,50.61942487,0.00000000,0.00000000,
0.01000000,12.00000000,4.83009124,681.00000000,0.00000000,0.51028388,7125.98984365,0.51028388,7125.98984365,0.45456031,0.00014694,54.26551975,3095.39807234,82.46081853,3893.78403880,-5.55766349,-8.13942321,alpha,seed,time,niter,nfail,train_lossf,test_lossf,train_lossf[0],test_lossf[0],errorf[0][0],errorf[0][1],errorf1[0][0],errorf1[0][1],errorf2[0][0],errorf2[0][1],train_Srel[0],test_Srel[0],
inf,13.00000000,0.00000000,0.00000000,0.00000000,98.77382039,81.40362089,98.77382039,81.40362089,9.36580181,89.40801859,6.44494111,4.44450764,9.33098538,61.18318675,-0.00000000,0.00000000,
0.01000000,13.00000000,2.27162266,402.00000000,0.00000000,0.45627679,60.65911547,0.45627679,60.65911547,0.40089163,0.00002587,30.72976401,0.01810353,29.82981276,0.00000000,-5.53592944,-8.14351741,alpha,seed,time,niter,nfail,train_lossf,test_lossf,train_lossf[0],test_lossf[0],errorf[0][0],errorf[0][1],errorf1[0][0],errorf1[0][1],errorf2[0][0],errorf2[0][1],train_Srel[0],test_Srel[0],
inf,14.00000000,0.00000000,0.00000000,0.00000000,102.57666769,82.01833982,102.57666769,82.01833982,8.87678105,93.69988664,6.81867214,0.05229313,9.18855916,65.95881538,-0.00000000,-0.00000000,
0.01000000,14.00000000,2.06233239,240.00000000,0.00000000,0.29591241,60.65890980,0.29591241,60.65890980,0.23751086,0.00002884,33.74905782,0.00000000,26.81051881,0.01810352,-5.83727088,-8.12296470,alpha,seed,time,niter,nfail,train_lossf,test_lossf,train_lossf[0],test_lossf[0],errorf[0][0],errorf[0][1],errorf1[0][0],errorf1[0][1],errorf2[0][0],errorf2[0][1],train_Srel[0],test_Srel[0],
inf,15.00000000,0.00000000,0.00000000,0.00000000,55.21587357,93.59076216,55.21587357,93.59076216,10.74909620,44.46677737,4.89004249,42.45160363,11.23246910,35.01664695,0.00000000,-0.00000000,
0.01000000,15.00000000,5.60332608,680.00000000,0.00000000,0.28766546,82.52447878,0.28766546,82.52447878,0.23142823,0.00000088,12.66109654,0.00000000,69.78213128,0.00000000,-5.62363542,-8.12509597,alpha,seed,time,niter,nfail,train_lossf,test_lossf,train_lossf[0],test_lossf[0],errorf[0][0],errorf[0][1],errorf1[0][0],errorf1[0][1],errorf2[0][0],errorf2[0][1],train_Srel[0],test_Srel[0],
inf,16.00000000,0.00000000,0.00000000,0.00000000,72.35891271,107.85383617,72.35891271,107.85383617,10.95928515,61.39962756,4.68085365,18.48279537,11.43693828,73.25324886,0.00000000,-0.00000000,
0.01000000,16.00000000,4.05868745,533.00000000,0.00000000,0.63917089,1607.68512828,0.63917089,1607.68512828,0.58071178,0.00001053,22.22750385,857.01733911,727.05171887,1.30893897,-5.84485724,-7.96274630,alpha,seed,time,niter,nfail,train_lossf,test_lossf,train_lossf[0],test_lossf[0],errorf[0][0],errorf[0][1],errorf1[0][0],errorf1[0][1],errorf2[0][0],errorf2[0][1],train_Srel[0],test_Srel[0],
inf,17.00000000,0.00000000,0.00000000,0.00000000,57.57454518,92.31864117,57.57454518,92.31864117,11.30320364,46.27134154,4.49476960,41.18469604,11.29753520,35.34164032,-0.00000000,-0.00000000,
0.01000000,17.00000000,3.70850277,574.00000000,0.00000000,0.55773249,472.41578308,0.55773249,472.41578308,0.50082229,0.00005975,27.21079755,0.31655299,16.34060000,428.46686438,-5.68504506,-8.09681454,alpha,seed,time,niter,nfail,train_lossf,test_lossf,train_lossf[0],test_lossf[0],errorf[0][0],errorf[0][1],errorf1[0][0],errorf1[0][1],errorf2[0][0],errorf2[0][1],train_Srel[0],test_Srel[0],
inf,18.00000000,0.00000000,0.00000000,0.00000000,63.91753287,89.50913380,63.91753287,89.50913380,11.74727649,52.17025638,3.95913141,38.00429766,12.02022775,35.52547698,0.00000000,-0.00000000,
0.01000000,18.00000000,5.11566925,775.00000000,0.00000000,0.60222727,60.65906595,0.60222727,60.65906595,0.54115737,0.00025342,38.43960575,0.01810353,22.11997103,0.00000000,-6.08164872,-8.13856474,alpha,seed,time,niter,nfail,train_lossf,test_lossf,train_lossf[0],test_lossf[0],errorf[0][0],errorf[0][1],errorf1[0][0],errorf1[0][1],errorf2[0][0],errorf2[0][1],train_Srel[0],test_Srel[0],
inf,19.00000000,0.00000000,0.00000000,0.00000000,99.71018876,70.85325217,99.71018876,70.85325217,11.93068684,87.77950192,3.85563277,14.03548940,11.96698185,40.99514815,0.00000000,0.00000000,
0.01000000,19.00000000,3.73096800,422.00000000,0.00000000,0.52266029,8330.58355317,0.52266029,8330.58355317,0.46704204,0.00003281,24.67248666,30.94348283,4286.31072116,3988.57534415,-5.55854390,-8.15183687,
0.00000000,12.00000000,108.88014364,845.00000000,1.00000000,14.36227600,125.02288826,14.36227600,125.02288826,14.36227600,0.00000000,44.21174871,0.00000000,75.61327622,5.19786333,35184372088832.00000000,35184372088832.00000000,alpha,seed,time,niter,nfail,train_lossf,test_lossf,train_lossf[0],test_lossf[0],errorf[0][0],errorf[0][1],errorf1[0][0],errorf1[0][1],errorf2[0][0],errorf2[0][1],train_Srel[0],test_Srel[0],
inf,2.00000000,0.00000000,0.00000000,0.00000000,74.08671645,116.68570181,74.08671645,116.68570181,11.27004566,62.81667079,4.51541043,14.03548940,11.31213010,86.82267189,-0.00000000,-0.00000000,
0.01000000,2.00000000,5.07563734,551.00000000,0.00000000,0.54711060,471.92689055,0.54711060,471.92689055,0.48881260,0.00000020,6.83830831,427.93245516,36.66950156,0.40552388,-5.82977934,-8.11016367,alpha,seed,time,niter,nfail,train_lossf,test_lossf,train_lossf[0],test_lossf[0],errorf[0][0],errorf[0][1],errorf1[0][0],errorf1[0][1],errorf2[0][0],errorf2[0][1],train_Srel[0],test_Srel[0],
inf,20.00000000,0.00000000,0.00000000,0.00000000,90.42793002,103.45924966,90.42793002,103.45924966,8.67717466,81.75075536,7.13535600,0.10178794,8.63784187,87.58426385,0.00000000,0.00000000,
0.01000000,20.00000000,1.86179042,244.00000000,0.00000000,0.20270484,8332.14666704,0.20270484,8332.14666704,0.14772909,0.00000027,130.72237720,33.40041049,4181.03036452,3986.91235663,-5.49754826,-8.11581970,
0.00000000,13.00000000,120.46204686,843.00000000,1.00000000,22.48509962,60.57768030,22.48509962,60.57768030,22.48509962,0.00000000,30.72976401,0.01810353,29.82981276,0.00000000,-604462909807314587353088.00000000,604462909807314587353088.00000000,alpha,seed,time,niter,nfail,train_lossf,test_lossf,train_lossf[0],test_lossf[0],errorf[0][0],errorf[0][1],errorf1[0][0],errorf1[0][1],errorf2[0][0],errorf2[0][1],train_Srel[0],test_Srel[0],
inf,3.00000000,0.00000000,0.00000000,0.00000000,56.49525088,100.52257163,56.49525088,100.52257163,13.03261619,43.46263469,2.98579441,41.13520124,12.42116199,43.98041398,0.00000000,-0.00000000,
0.01000000,3.00000000,7.33914948,795.00000000,0.00000000,0.48878840,60.10681523,0.48878840,60.10681523,0.43077964,0.00006767,11.85941612,3.43247216,44.73345697,0.00000000,-5.79410855,-8.14699870,
0.00000000,14.00000000,125.20287514,840.00000000,1.00000000,21.55558978,444.41200641,21.55558978,444.41200641,19.77430356,1.78128622,22.34789916,0.00000000,127.74827115,294.31583610,9007199254740992.00000000,-18014398509481984.00000000,alpha,seed,time,niter,nfail,train_lossf,test_lossf,train_lossf[0],test_lossf[0],errorf[0][0],errorf[0][1],errorf1[0][0],errorf1[0][1],errorf2[0][0],errorf2[0][1],train_Srel[0],test_Srel[0],
inf,4.00000000,0.00000000,0.00000000,0.00000000,65.55136086,104.85836576,65.55136086,104.85836576,11.27868342,54.27267744,4.64387815,27.14920664,10.92998434,62.13529663,-0.00000000,0.00000000,
0.01000000,4.00000000,3.69808269,473.00000000,0.00000000,0.60980856,38.70323017,0.60980856,38.70323017,0.55111551,0.00003756,10.89539495,0.00000000,27.72729263,0.00000000,-5.86554849,-8.05425870,
0.00000000,15.00000000,180.36729503,854.00000000,1.00000000,14.69060319,4391.38711490,14.69060319,4391.38711490,14.69060319,0.00000000,17.66307176,312.75563700,301.26479383,3759.70361230,281474976710656.00000000,1125899906842624.00000000,alpha,seed,time,niter,nfail,train_lossf,test_lossf,train_lossf[0],test_lossf[0],errorf[0][0],errorf[0][1],errorf1[0][0],errorf1[0][1],errorf2[0][0],errorf2[0][1],train_Srel[0],test_Srel[0],
inf,5.00000000,0.00000000,0.00000000,0.00000000,56.35721972,122.58588580,56.35721972,122.58588580,9.70911393,46.64810579,5.95975020,27.20149978,10.12227227,79.30236356,-0.00000000,0.00000000,
0.01000000,5.00000000,3.96702957,711.00000000,0.00000000,0.26402863,121181.15583009,0.26402863,121181.15583009,0.21013598,0.00000175,41.39137143,36.74593529,278.17565748,120824.76167807,-5.38909021,-8.11878135,
0.00000000,16.00000000,100.47126675,843.00000000,1.00000000,58.16857381,16827.71908036,58.16857381,16827.71908036,36.72253584,21.44603797,22.30290889,0.01527971,2440.29263337,14365.10825839,0.00000000,36028797018963968.00000000,alpha,seed,time,niter,nfail,train_lossf,test_lossf,train_lossf[0],test_lossf[0],errorf[0][0],errorf[0][1],errorf1[0][0],errorf1[0][1],errorf2[0][0],errorf2[0][1],train_Srel[0],test_Srel[0],
inf,6.00000000,0.00000000,0.00000000,0.00000000,99.59047937,94.67049680,99.59047937,94.67049680,11.99224040,87.59823897,3.74530331,0.10178794,12.18523405,78.63817150,-0.00000000,0.00000000,
0.01000000,6.00000000,3.12038493,580.00000000,0.00000000,0.28523462,109.17907215,0.28523462,109.17907215,0.22971962,0.00000186,14.26424930,0.00000000,94.83340644,0.00000000,-5.55131288,-8.14164137,
0.00000000,17.00000000,82.62000442,843.00000000,1.00000000,375.64983367,60.57768030,375.64983367,60.57768030,184.10184869,191.54798498,35.28519717,0.00000000,25.27437960,0.01810353,0.00000000,1099511627776.00000000,alpha,seed,time,niter,nfail,train_lossf,test_lossf,train_lossf[0],test_lossf[0],errorf[0][0],errorf[0][1],errorf1[0][0],errorf1[0][1],errorf2[0][0],errorf2[0][1],train_Srel[0],test_Srel[0],
inf,7.00000000,0.00000000,0.00000000,0.00000000,72.58884127,120.25964485,72.58884127,120.25964485,12.41898930,60.16985197,3.61967323,14.08778253,11.71255129,90.83963779,0.00000000,0.00000000,
0.01000000,7.00000000,4.33017731,557.00000000,0.00000000,0.63183280,29473.12819949,0.63183280,29473.12819949,0.57203472,0.00001278,103.02911705,8126.30200285,1081.35524887,20162.36070883,-5.97852930,-8.11218822,
0.00000000,18.00000000,78.12249422,841.00000000,1.00000000,10.97606610,60.57768030,10.97606610,60.57768030,10.97606610,0.00000000,38.43960575,0.01810353,22.11997103,0.00000000,0.00000000,-281474976710656.00000000,alpha,seed,time,niter,nfail,train_lossf,test_lossf,train_lossf[0],test_lossf[0],errorf[0][0],errorf[0][1],errorf1[0][0],errorf1[0][1],errorf2[0][0],errorf2[0][1],train_Srel[0],test_Srel[0],
inf,8.00000000,0.00000000,0.00000000,0.00000000,13.74235654,99.04490632,13.74235654,99.04490632,13.70618856,0.03616798,2.30797793,83.58680487,13.06639787,0.08372565,-0.00000000,-0.00000000,
0.01000000,8.00000000,5.38059759,593.00000000,0.00000000,0.67083247,3487.33710132,0.67083247,3487.33710132,0.61124715,0.00016206,42.24699359,2750.12241552,459.94051014,234.94622118,-5.94232633,-8.09608779,
0.00000000,19.00000000,88.16037917,843.00000000,1.00000000,446.49560968,8332.06550884,446.49560968,8332.06550884,17.71201415,428.78359553,24.67651853,30.95596032,4287.07622320,3989.35680680,0.00000000,0.00000000,alpha,seed,time,niter,nfail,train_lossf,test_lossf,train_lossf[0],test_lossf[0],errorf[0][0],errorf[0][1],errorf1[0][0],errorf1[0][1],errorf2[0][0],errorf2[0][1],train_Srel[0],test_Srel[0],
inf,9.00000000,0.00000000,0.00000000,0.00000000,50.46664165,85.85931065,50.46664165,85.85931065,9.04338661,41.42325504,6.68921160,51.99029225,9.24802927,17.93177753,0.00000000,0.00000000,
0.01000000,9.00000000,3.79151225,445.00000000,0.00000000,0.52889390,2185.36320494,0.52889390,2185.36320494,0.47267801,0.00000595,53.68457093,1913.26137597,32.61846816,185.72341171,-5.62099496,-7.53781756,
0.00000000,2.00000000,192.43971944,846.00000000,1.00000000,33.49565091,2287.61112827,33.49565091,2287.61112827,33.49565091,0.00000000,50.48515724,12.35535162,2224.47752260,0.29309682,-274877906944.00000000,0.00000000,
0.00000000,20.00000000,107.63106871,846.00000000,1.00000000,36.98978317,8332.06550884,36.98978317,8332.06550884,36.98698017,0.00280300,130.72237720,33.40041049,4181.03036452,3986.91235663,-549755813888.00000000,-1099511627776.00000000,
0.00000000,3.00000000,74.98069835,843.00000000,1.00000000,57.45770252,7245.22836024,57.45770252,7245.22836024,56.23700028,1.22070223,11.85038430,5936.70518196,225.30676247,1071.36603151,0.00000000,0.00000000,
0.00000000,4.00000000,135.65473676,844.00000000,1.00000000,465.95375582,130.36033308,465.95375582,130.36033308,37.17016029,428.78359553,13.50632625,0.00000000,96.00044342,20.85356342,0.00000000,0.00000000,
0.00000000,5.00000000,0.37387991,22.00000000,0.00000000,101840.66315043,198055.89817901,101840.66315043,198055.89817901,36.36492227,101804.29822816,10.47608004,186244.40080870,16.26638365,11784.75490661,0.00000000,0.00000000,
0.00000000,6.00000000,110.65743589,848.00000000,1.00000000,12.64256599,16827.71908036,12.64256599,16827.71908036,12.64256599,0.00000000,46.59503316,0.00000000,2416.00050910,14365.12353810,422212465065984.00000000,0.00000000,
0.00000000,7.00000000,88.59259796,847.00000000,1.00000000,3590.00472814,14643.28704778,3590.00472814,14643.28704778,2431.48108689,1158.52364125,65.71319361,0.00000323,184.31884438,14393.25500655,824633720832.00000000,-274877906944.00000000,
0.00000000,8.00000000,72.11940074,845.00000000,1.00000000,9930.30606044,159.18668420,9930.30606044,159.18668420,71.95139686,9858.35466358,9.94024654,0.00000000,149.24643767,0.00000000,0.00000000,0.00000000,
0.00000000,9.00000000,45.30041361,352.00000000,1.00000000,25.34174880,40.75646607,25.34174880,40.75646607,25.34174880,0.00000000,27.31915002,0.00000000,13.43731605,0.00000000,34359738368.00000000,0.00000000,
0.10000000,1.00000000,0.97818398,127.00000000,0.00000000,0.67262564,32168.85265186,0.67262564,32168.85265186,0.26292522,0.00000532,32.26943192,7449.27644648,1398.49354864,23288.12271319,-4.09695088,-6.90511626,
0.10000000,10.00000000,1.38849092,150.00000000,0.00000000,0.83301671,175.62532304,0.83301671,175.62532304,0.40543333,0.00000090,7.61416018,0.00000000,25.98212104,141.34804589,-4.27582479,-6.80995932,
0.10000000,11.00000000,0.88454056,131.00000000,0.00000000,1.09731886,60.25462085,1.09731886,60.25462085,0.63192530,0.00000258,12.68465839,0.00000000,46.75280506,0.01209085,-4.65390985,-8.05066545,
0.10000000,12.00000000,1.66049981,175.00000000,0.00000000,0.96637792,5502.68155842,0.96637792,5502.68155842,0.51114644,0.00007225,44.57706024,2345.02359233,75.16230772,3037.15653326,-4.55159233,-7.62064880,
0.10000000,13.00000000,0.64255786,90.00000000,0.00000000,0.88669686,61.38135438,0.88669686,61.38135438,0.47442362,0.00000526,30.72464041,0.01800695,29.82445151,0.00000000,-4.12267982,-8.14255516,
0.10000000,14.00000000,0.31045032,54.00000000,0.00000000,0.73900206,60.98663184,0.73900206,60.98663184,0.32795643,0.00000922,33.58707827,0.00000000,26.57131583,0.01816871,-4.11036409,-8.10069043,
0.10000000,15.00000000,2.58583856,199.00000000,0.00000000,0.73028439,673.31740529,0.73028439,673.31740529,0.30307468,0.00000023,8.39707504,257.32399355,101.17589147,305.72337917,-4.27209470,-6.97066069,
0.10000000,16.00000000,1.30152535,181.00000000,0.00000000,1.12710929,1945.37584354,1.12710929,1945.37584354,0.62730099,0.00000156,12.97619193,252.09960830,1049.15477538,630.45473690,-4.99806744,-6.90531026,
0.10000000,17.00000000,1.13530016,179.00000000,0.00000000,1.02031039,47.79853271,1.02031039,47.79853271,0.56287581,0.00000058,18.44884470,0.00000000,14.51796577,14.08299098,-4.57434004,-7.48731261,
0.10000000,18.00000000,0.85086107,126.00000000,0.00000000,1.11033322,61.37533437,1.11033322,61.37533437,0.59283855,0.00000096,38.43124267,0.01800518,22.11237742,0.00000000,-5.17493715,-8.13709102,
0.10000000,19.00000000,1.07648563,121.00000000,0.00000000,0.97860681,6078.90457370,0.97860681,6078.90457370,0.52473581,0.00001986,19.39085328,13.95992937,3171.27853074,2873.51503165,-4.53851139,-7.60228661,
0.10000000,2.00000000,2.38020349,142.00000000,0.00000000,1.02410604,454.04618671,1.02410604,454.04618671,0.54981970,0.00000138,6.67418366,410.62092474,35.67449425,0.27581420,-4.74284964,-8.00769860,
0.10000000,20.00000000,0.72748470,78.00000000,0.00000000,0.62813624,8332.87465802,0.62813624,8332.87465802,0.23232376,0.00000000,130.72232961,33.40038589,4181.02915952,3986.91120131,-3.95812478,-8.11581694,
0.10000000,3.00000000,2.78696156,199.00000000,0.00000000,0.96031563,115.71662833,0.96031563,115.71662833,0.49177838,0.00000451,4.34798466,0.27489132,13.80295746,96.66999407,-4.68532741,-6.20800815,
0.10000000,4.00000000,1.35080791,135.00000000,0.00000000,1.08390332,40.27417276,1.08390332,40.27417276,0.61856167,0.00000556,10.86783013,0.00000000,28.59978705,0.00000000,-4.65336080,-8.06555580,
0.10000000,5.00000000,1.69993234,197.00000000,0.00000000,0.67921226,3075.84191825,0.67921226,3075.84191825,0.29310431,0.00000294,8.48356264,578.70179690,41.43664001,2446.67225071,-3.86105014,-5.47667997,
0.10000000,6.00000000,1.44590807,168.00000000,0.00000000,0.69804142,60.09095518,0.69804142,60.09095518,0.31692591,0.00000107,10.51445840,2.73992301,34.43626876,11.80123658,-3.81114447,-5.99068430,
0.10000000,7.00000000,1.85939717,143.00000000,0.00000000,1.12329935,28207.67211660,1.12329935,28207.67211660,0.64081934,0.00000864,94.38305595,8390.59843782,837.77844462,18884.14859521,-4.82471373,-7.63582996,
0.10000000,8.00000000,1.28105760,177.00000000,0.00000000,1.16633848,1972.71291942,1.16633848,1972.71291942,0.66289808,0.00001110,6.60826552,1081.11910618,77.33525248,807.06410956,-5.03429309,-5.86185683,
0.10000000,9.00000000,0.74624085,95.00000000,0.00000000,0.98173030,503.20260851,0.98173030,503.20260851,0.54299925,0.00000220,12.77304448,259.43629629,32.38603314,198.00110655,-4.38728852,-6.06128047,
1000000.00000000,1.00000000,1.36430717,187.00000000,0.00000000,76.26963136,140.59318465,76.26963136,140.59318465,11.01865119,64.76860706,4.78253391,0.05275048,11.00764333,124.07337114,-0.00000048,-0.00000068,
1000000.00000000,10.00000000,0.86330605,73.00000000,0.00000000,53.49058126,97.53247716,53.49058126,97.53247716,7.29462091,45.77673988,8.52901488,37.85759033,7.20793061,43.47640920,-0.00000042,-0.00000046,
1000000.00000000,11.00000000,0.60543680,72.00000000,0.00000000,55.87478123,127.97370690,55.87478123,127.97370690,11.24729583,44.42029696,4.44672754,26.92524800,11.56698136,84.80635072,-0.00000021,-0.00000023,
1000000.00000000,12.00000000,0.90566730,65.00000000,0.00000000,70.12127123,92.93579392,70.12127123,92.93579392,10.87356334,58.96698773,5.00667335,26.94194569,10.64136973,50.05896038,-0.00000028,-0.00000029,
1000000.00000000,13.00000000,0.45311642,98.00000000,0.00000000,97.91821101,80.79277680,97.91821101,80.79277680,9.36759577,87.71388786,6.44331297,4.44034836,9.33263946,59.68502784,-0.00000084,-0.00000089,
1000000.00000000,14.00000000,0.92710185,103.00000000,0.00000000,101.65824418,81.48543690,101.65824418,81.48543690,8.87769769,91.82617856,6.81781499,0.05288809,9.18945186,64.59871805,-0.00000095,-0.00000083,
1000000.00000000,15.00000000,0.50016952,57.00000000,0.00000000,54.69034195,93.09949969,54.69034195,93.09949969,10.74780211,43.45342117,4.89103957,42.25136761,11.23116110,34.38684394,-0.00000049,-0.00000034,
1000000.00000000,16.00000000,0.99189878,79.00000000,0.00000000,71.90961513,107.08747523,71.90961513,107.08747523,10.95783372,60.50321347,4.68230764,18.27257967,11.43583689,72.23708814,-0.00000045,-0.00000046,
1000000.00000000,17.00000000,0.52467155,63.00000000,0.00000000,57.40938319,91.99223884,57.40938319,91.99223884,11.30205826,45.92137014,4.49595176,40.96582604,11.29636698,35.07448292,-0.00000019,-0.00000016,
1000000.00000000,18.00000000,0.55953169,80.00000000,0.00000000,63.43635898,88.96073401,63.43635898,88.96073401,11.74562034,51.22535334,3.96057274,37.79487565,12.01865463,34.64936825,-0.00000047,-0.00000054,
1000000.00000000,19.00000000,0.82678866,75.00000000,0.00000000,99.07720695,70.44367333,99.07720695,70.44367333,11.93157868,86.58696281,3.85493821,13.83055181,11.96775459,40.36655298,-0.00000056,-0.00000042,
1000000.00000000,2.00000000,0.92280650,92.00000000,0.00000000,73.69859259,115.75474384,73.69859259,115.75474384,11.26875169,62.05192730,4.51692846,13.83761035,11.31048092,85.60764836,-0.00000038,-0.00000048,
1000000.00000000,20.00000000,1.22976375,100.00000000,0.00000000,89.68114865,102.58969923,89.68114865,102.58969923,8.67814912,80.23245872,7.13439090,0.09985021,8.63896935,85.92223338,-0.00000077,-0.00000079,
1000000.00000000,3.00000000,0.50688767,65.00000000,0.00000000,56.34240072,100.18319158,56.34240072,100.18319158,13.03273920,43.16011329,2.98559842,40.93055416,12.42132928,43.69773718,-0.00000015,-0.00000015,
1000000.00000000,4.00000000,0.31400466,53.00000000,0.00000000,65.27836969,104.26905461,65.27836969,104.26905461,11.27760161,53.74945388,4.64490381,26.90461390,10.92906693,61.51052905,-0.00000025,-0.00000028,
1000000.00000000,5.00000000,1.07436013,98.00000000,0.00000000,56.14191156,121.86653831,56.14191156,121.86653831,9.70914865,46.22845229,5.95957837,26.97079435,10.12262947,78.54395775,-0.00000020,-0.00000027,
1000000.00000000,6.00000000,2.20103264,130.00000000,0.00000000,98.75747434,93.95079027,98.75747434,93.95079027,11.99260092,86.00300671,3.74484323,0.09985851,12.18541094,77.23844713,-0.00000076,-0.00000068,
1000000.00000000,7.00000000,0.95712972,115.00000000,0.00000000,72.19911604,119.40791382,72.19911604,119.40791382,12.41783080,59.46021412,3.62083859,13.90659511,11.71114941,89.79026594,-0.00000032,-0.00000038,
1000000.00000000,8.00000000,0.24002147,20.00000000,0.00000000,13.74221679,99.04589953,13.74221679,99.04589953,13.70590838,0.03616898,2.30797806,83.58791775,13.06614411,0.08372712,-0.00000000,-0.00000000,
1000000.00000000,9.00000000,0.75965166,78.00000000,0.00000000,50.14678393,85.48709104,50.14678393,85.48709104,9.04252053,40.77054660,6.68998355,51.67036501,9.24729058,17.65353096,-0.00000033,-0.00000023,
100000.00000000,1.00000000,1.57412934,178.00000000,0.00000000,71.98951597,129.59489023,71.98951597,129.59489023,11.02686289,56.55388267,4.77366226,0.05679562,11.01527811,107.61118300,-0.00004409,-0.00006138,
100000.00000000,10.00000000,1.29014325,115.00000000,0.00000000,49.96043310,92.40472538,49.96043310,92.40472538,7.28973224,39.51228592,8.53207286,36.33601661,7.20164628,36.93867585,-0.00003158,-0.00003396,
100000.00000000,11.00000000,0.74039292,125.00000000,0.00000000,53.92326462,122.22962027,53.92326462,122.22962027,11.24976181,40.58769146,4.44319781,24.88105669,11.57110685,79.09685240,-0.00002086,-0.00002237,
100000.00000000,12.00000000,1.33595228,146.00000000,0.00000000,67.51501575,88.31772148,67.51501575,88.31772148,10.87578373,53.90288941,5.00530614,24.63614804,10.64273382,45.20965666,-0.00002736,-0.00002824,
100000.00000000,13.00000000,0.61525297,99.00000000,0.00000000,91.10258953,76.00456649,91.10258953,76.00456649,9.38209884,74.95254833,6.43026029,4.40869215,9.34602197,48.73519572,-0.00006768,-0.00007084,
100000.00000000,14.00000000,1.34460115,140.00000000,0.00000000,94.39023433,77.13356639,94.39023433,77.13356639,8.88482931,78.23146063,6.81106969,0.05742261,9.19628132,54.81209762,-0.00007274,-0.00006257,
100000.00000000,15.00000000,1.42597961,162.00000000,0.00000000,50.55866222,89.08107341,50.55866222,89.08107341,10.73686055,35.78834309,4.89934527,40.61699514,11.22031369,29.42611773,-0.00004033,-0.00002918,
100000.00000000,16.00000000,0.83125257,87.00000000,0.00000000,68.22986057,100.92485013,68.22986057,100.92485013,10.94594860,53.55868009,4.69425353,16.64640264,11.42677376,64.32981236,-0.00003725,-0.00003828,
100000.00000000,17.00000000,0.86387491,104.00000000,0.00000000,55.98156005,89.27441291,55.98156005,89.27441291,11.29302536,43.17594610,4.50539090,39.21090601,11.28714942,32.96617138,-0.00001513,-0.00001305,
100000.00000000,18.00000000,1.52966452,161.00000000,0.00000000,59.57405748,84.52299242,59.57405748,84.52299242,11.73184574,43.85239295,3.97200677,36.06443247,12.00527349,28.00497039,-0.00003990,-0.00004476,
100000.00000000,19.00000000,2.25883317,241.00000000,0.00000000,93.67988362,66.86713421,93.67988362,66.86713421,11.93831132,76.35192472,3.84901471,11.94918982,11.97298761,34.86235403,-0.00005390,-0.00004234,
100000.00000000,2.00000000,0.95469832,139.00000000,0.00000000,70.48338727,108.30158208,70.48338727,108.30158208,11.25806307,56.03658454,4.52937849,12.28649864,11.29691848,76.14986793,-0.00003189,-0.00004039,
100000.00000000,20.00000000,1.38736701,172.00000000,0.00000000,83.72890696,95.75615343,83.72890696,95.75615343,8.68582071,69.09031777,7.12674425,0.08673443,8.64776332,73.80381541,-0.00005953,-0.00006091,
100000.00000000,3.00000000,0.88634610,69.00000000,0.00000000,55.02852420,97.25938211,55.02852420,97.25938211,13.03384075,40.57400950,2.98388593,39.16233694,12.42278077,41.28667053,-0.00001421,-0.00001404,
100000.00000000,4.00000000,0.74434996,89.00000000,0.00000000,62.95368251,99.19257247,62.95368251,99.19257247,11.26801069,49.37352560,4.65373840,24.76850356,10.92071589,56.29001773,-0.00002312,-0.00002560,
100000.00000000,5.00000000,0.76534224,141.00000000,0.00000000,54.31078338,115.63816625,54.31078338,115.63816625,9.70944401,42.62557825,5.95809372,24.92960296,10.12573851,71.99030645,-0.00001976,-0.00002634,
100000.00000000,6.00000000,1.46267104,174.00000000,0.00000000,92.17547446,88.16623080,92.17547446,88.16623080,11.99574640,73.71456726,3.74106322,0.08638728,12.18700872,66.22541001,-0.00006465,-0.00005926,
100000.00000000,7.00000000,3.12535810,199.00000000,0.00000000,68.95696279,112.12791531,68.95696279,112.12791531,12.40718038,53.23545154,3.63159871,12.31491786,11.69821116,80.57266376,-0.00003314,-0.00003911,
100000.00000000,8.00000000,0.29793954,26.00000000,0.00000000,13.74094440,99.05385117,13.74094440,99.05385117,13.70336922,0.03616163,2.30797814,83.59697143,13.06384570,0.08371329,-0.00000001,-0.00000001,
100000.00000000,9.00000000,1.22026134,144.00000000,0.00000000,47.53404816,82.46865551,47.53404816,82.46865551,9.03509408,35.88459625,6.69589616,49.19259934,9.24096401,15.55152200,-0.00002614,-0.00001788,
10000.00000000,1.00000000,1.55032468,184.00000000,0.00000000,50.38043224,82.68193747,50.38043224,82.68193747,11.06200088,25.43359536,4.72910429,0.07846060,11.04429344,48.68201366,-0.00138848,-0.00181481,
10000.00000000,10.00000000,2.09250069,119.00000000,0.00000000,33.35950241,68.54211998,33.35950241,68.54211998,7.25697512,16.16308345,8.54829811,28.64124319,7.16427964,13.74020023,-0.00099394,-0.00104481,
10000.00000000,11.00000000,2.52772975,155.00000000,0.00000000,42.18158805,89.79604686,42.18158805,89.79604686,11.25976083,22.19351945,4.42055782,14.88028523,11.59232217,49.02534982,-0.00087283,-0.00098775,
10000.00000000,12.00000000,1.58038497,148.00000000,0.00000000,51.69229747,63.61781904,51.69229747,63.61781904,10.88593104,29.15849767,4.99617034,13.61233224,10.64809031,22.63001580,-0.00116479,-0.00117312,
10000.00000000,13.00000000,1.12471604,100.00000000,0.00000000,58.87295092,54.41967486,58.87295092,54.41967486,9.45371429,29.67642357,6.36664933,4.28577367,9.41172063,15.07698729,-0.00197428,-0.00192785,
10000.00000000,14.00000000,1.11372638,194.00000000,0.00000000,60.95349878,55.61754417,60.95349878,55.61754417,8.91807700,31.80742901,6.77762937,0.07903726,9.22614131,22.43597662,-0.00202280,-0.00170988,
10000.00000000,15.00000000,1.31462216,133.00000000,0.00000000,32.71589963,69.11665083,32.71589963,69.11665083,10.67433640,11.81582880,4.94020180,33.17477818,11.15633145,11.65836378,-0.00102257,-0.00081870,
10000.00000000,16.00000000,0.56884670,75.00000000,0.00000000,48.52680698,70.15041442,48.52680698,70.15041442,10.87529564,24.40980648,4.76492967,9.84880717,11.37085411,30.44638316,-0.00132417,-0.00137194,
10000.00000000,17.00000000,0.81429768,93.00000000,0.00000000,46.10711130,71.16502996,46.10711130,71.16502996,11.21997704,26.84474394,4.57435746,28.04653069,11.21384595,20.31831123,-0.00080424,-0.00070120,
10000.00000000,18.00000000,1.14925933,168.00000000,0.00000000,41.27523798,64.19388639,41.27523798,64.19388639,11.64954389,18.09840093,4.03405225,27.90133479,11.92419059,8.30590049,-0.00115273,-0.00120284,
10000.00000000,19.00000000,3.00856066,239.00000000,0.00000000,65.73848069,48.94851970,65.73848069,48.94851970,11.96833913,35.31615174,3.81788753,4.68052223,11.99662217,14.07857988,-0.00184540,-0.00143749,
10000.00000000,2.00000000,1.51137662,210.00000000,0.00000000,52.16707473,72.12159790,52.16707473,72.12159790,11.18480194,28.16304984,4.60778876,5.45359369,11.20739784,35.56919292,-0.00128192,-0.00152836,
10000.00000000,20.00000000,1.44618130,158.00000000,0.00000000,55.50470914,64.67921207,55.50470914,64.67921207,8.72515776,29.23548826,7.08720584,0.07621709,8.69086040,31.36169983,-0.00175441,-0.00174632,
10000.00000000,3.00000000,0.66361713,87.00000000,0.00000000,45.87425247,78.02178621,45.87425247,78.02178621,13.03354081,25.33712454,2.97163399,28.08272815,12.42509735,27.13992289,-0.00075036,-0.00074024,
10000.00000000,4.00000000,1.16621280,130.00000000,0.00000000,48.74165849,71.13308771,48.74165849,71.13308771,11.20026394,26.97170663,4.71117378,13.97963252,10.86224914,29.96939402,-0.00105697,-0.00116106,
10000.00000000,5.00000000,1.07992220,139.00000000,0.00000000,42.67307585,82.01185545,42.67307585,82.01185545,9.70600987,24.09564313,5.94676896,14.65478282,10.14027029,39.93376940,-0.00088714,-0.00113363,
10000.00000000,6.00000000,1.61491752,184.00000000,0.00000000,61.89023690,60.45444061,61.89023690,60.45444061,12.00086101,31.31162528,3.72493481,0.07660354,12.18102525,26.69962756,-0.00185778,-0.00177722,
10000.00000000,7.00000000,1.96914935,176.00000000,0.00000000,51.07910912,76.16515330,51.07910912,76.16515330,12.33561726,26.54244262,3.69667419,5.66817975,11.61605789,40.79718271,-0.00122010,-0.00143871,
10000.00000000,8.00000000,0.55962324,47.00000000,0.00000000,13.72629929,98.95084060,13.72629929,98.95084060,13.67861937,0.03185391,2.30760089,83.50999913,13.04146483,0.07647151,-0.00000158,-0.00000153,
10000.00000000,9.00000000,1.29313374,168.00000000,0.00000000,34.07950079,66.68486314,34.07950079,66.68486314,8.98436904,16.33920132,6.72944309,37.49116416,9.19291020,7.06872664,-0.00087559,-0.00062026,
1000.00000000,1.00000000,1.58252954,201.00000000,0.00000000,22.43710508,34.15361987,22.43710508,34.15361987,10.94548619,3.41742040,4.66644407,0.13385185,10.90732982,8.60879586,-0.00807420,-0.00983720,
1000.00000000,10.00000000,2.59780383,169.00000000,0.00000000,14.22789967,41.73733021,14.22789967,41.73733021,7.09450520,1.95986863,8.58329124,19.34506150,7.01128858,1.58527814,-0.00517353,-0.00521241,
1000.00000000,11.00000000,1.28468204,117.00000000,0.00000000,21.52980505,40.27741136,21.52980505,40.27741136,11.12809970,3.38911095,4.36871310,4.23702260,11.48303388,11.85243557,-0.00701259,-0.00833621,
1000.00000000,12.00000000,1.52390885,187.00000000,0.00000000,24.10938185,29.76112139,24.10938185,29.76112139,10.77499769,4.23736360,4.97655016,2.93734403,10.53084288,2.45123626,-0.00909702,-0.00886515,
1000.00000000,13.00000000,1.57913852,127.00000000,0.00000000,21.95592205,29.34248492,21.95592205,29.34248492,9.43940460,2.92358754,6.29639551,4.01859855,9.38659940,0.83526972,-0.00959293,-0.00880562,
1000.00000000,14.00000000,0.56542659,138.00000000,0.00000000,22.89136707,28.06609093,22.89136707,28.06609093,8.84698504,3.75974303,6.73939472,0.09762403,9.13938035,3.31207253,-0.01028464,-0.00877762,
1000.00000000,15.00000000,0.82480621,93.00000000,0.00000000,15.13048229,44.97793067,15.13048229,44.97793067,10.43021504,0.63013448,4.99523628,24.41643733,10.88624653,1.07229713,-0.00407013,-0.00360771,
1000.00000000,16.00000000,0.65219188,94.00000000,0.00000000,21.09946093,32.91578601,21.09946093,32.91578601,10.66271529,2.55546933,4.89660654,4.79287415,11.16654725,3.91759403,-0.00788128,-0.00814216,
1000.00000000,17.00000000,0.50844884,96.00000000,0.00000000,23.80074002,34.96324413,23.80074002,34.96324413,10.84903586,4.44750190,4.77486069,8.82344437,10.85688674,2.97061441,-0.00850420,-0.00753744,
1000.00000000,18.00000000,2.02469897,190.00000000,0.00000000,19.56849292,40.21697697,19.56849292,40.21697697,11.34002688,2.22577429,4.15895662,18.13765755,11.58610543,0.54781414,-0.00600269,-0.00578644,
1000.00000000,19.00000000,1.49316359,159.00000000,0.00000000,27.53949900,25.84521222,27.53949900,25.84521222,11.85314092,4.46762665,3.76627102,0.21847016,11.87641359,1.26381390,-0.01121873,-0.00872024,
1000.00000000,2.00000000,1.69770837,149.00000000,0.00000000,23.60637551,30.67712480,23.60637551,30.67712480,10.87412044,3.75929833,4.77502520,0.44634836,10.87256838,4.89199270,-0.00897296,-0.00969119,
1000.00000000,20.00000000,1.51857400,204.00000000,0.00000000,21.85420907,29.33558460,21.85420907,29.33558460,8.72224353,3.77743977,7.01300235,0.09040386,8.68318722,4.44678149,-0.00935453,-0.00910221,
1000.00000000,3.00000000,0.47737837,76.00000000,0.00000000,25.04782127,40.01063332,25.04782127,40.01063332,12.84124241,4.25637052,2.93368852,9.08810398,12.25649342,7.92580997,-0.00795021,-0.00780654,
1000.00000000,4.00000000,1.04750776,117.00000000,0.00000000,23.43860723,32.29999801,23.43860723,32.29999801,10.90800308,4.00826213,4.82819158,3.16353500,10.61249955,4.59038102,-0.00852234,-0.00910539,
1000.00000000,5.00000000,1.46214080,162.00000000,0.00000000,20.82674037,35.57110119,20.82674037,35.57110119,9.56958620,3.73702806,5.89539099,3.79756608,10.03137204,6.83621705,-0.00752013,-0.00901056,
1000.00000000,6.00000000,1.77909064,107.00000000,0.00000000,26.02000215,28.15755412,26.02000215,28.15755412,11.80219713,4.11605279,3.71506541,0.09758341,11.94187443,2.91665364,-0.01010175,-0.00948638,
1000.00000000,7.00000000,1.61738348,128.00000000,0.00000000,24.12404042,32.05720584,24.12404042,32.05720584,12.02068533,3.65482993,3.82956683,0.63733922,11.31571514,6.55824737,-0.00844853,-0.00971634,
1000.00000000,8.00000000,0.58537602,49.00000000,0.00000000,13.59273498,98.79255828,13.59273498,98.79255828,13.43794401,0.01390481,2.30572251,83.48399766,12.82384483,0.04429274,-0.00014089,-0.00013470,
1000.00000000,9.00000000,1.78338099,110.00000000,0.00000000,16.18308989,44.54998886,16.18308989,44.54998886,8.73506325,2.19479901,6.78888711,23.81855670,8.92242200,0.94484379,-0.00525323,-0.00407528,
100.00000000,1.00000000,0.94435930,96.00000000,0.00000000,11.90974004,20.32091699,11.90974004,20.32091699,9.41917946,0.12180876,4.66539460,1.43645627,9.33766495,2.17714904,-0.02368752,-0.02704252,
100.00000000,10.00000000,1.03802776,81.00000000,0.00000000,7.71704206,32.75319922,7.71704206,32.75319922,6.27412043,0.06885521,8.65326595,16.44694696,6.22659670,0.08536731,-0.01374066,-0.01341022,
100.00000000,11.00000000,0.74860716,84.00000000,0.00000000,12.02644311,21.26238279,12.02644311,21.26238279,9.69468728,0.12020612,4.32023523,1.78745230,10.02877962,2.63513091,-0.02211550,-0.02490785,
100.00000000,12.00000000,0.90138936,86.00000000,0.00000000,12.16993219,18.03836688,12.16993219,18.03836688,9.49497011,0.14300115,4.94342767,1.09864960,9.25139970,0.27152972,-0.02531961,-0.02473360,
100.00000000,13.00000000,0.85661340,95.00000000,0.00000000,10.54686913,20.22808092,10.54686913,20.22808092,8.21342538,0.09662819,6.36080438,3.33782194,8.16958124,0.28387925,-0.02236816,-0.02075994,
100.00000000,14.00000000,0.86713076,113.00000000,0.00000000,10.31258321,17.56787948,10.31258321,17.56787948,7.73716963,0.12301604,6.76229564,0.33036502,7.98554814,0.26519045,-0.02452398,-0.02224480,
100.00000000,15.00000000,0.57608891,63.00000000,0.00000000,10.26921833,36.73551155,10.26921833,36.73551155,9.00670660,0.00697057,4.99097659,21.05214490,9.35201433,0.10600016,-0.01255541,-0.01234376,
100.00000000,16.00000000,0.46659684,65.00000000,0.00000000,11.56094275,21.23704973,11.56094275,21.23704973,9.65145621,0.05890033,4.88940001,4.01467306,10.02923628,0.37912821,-0.01850586,-0.01924612,
100.00000000,17.00000000,0.46465421,66.00000000,0.00000000,11.97432531,18.43369887,11.97432531,18.43369887,9.19469234,0.12253001,5.00705929,1.66764816,9.28186430,0.04365163,-0.02657103,-0.02433475,
100.00000000,18.00000000,0.56526399,92.00000000,0.00000000,11.82334881,31.14890865,11.82334881,31.14890865,9.95982700,0.07052972,4.36789672,14.95020348,10.02840269,0.00000000,-0.01792992,-0.01802406,
100.00000000,19.00000000,0.57985640,98.00000000,0.00000000,13.41136207,16.58139469,13.41136207,16.58139469,10.40155484,0.14084865,3.72379871,0.00000000,10.38691255,0.03089050,-0.02868959,-0.02439793,
100.00000000,2.00000000,1.01240563,97.00000000,0.00000000,11.98270844,17.83624784,11.98270844,17.83624784,9.41086840,0.10770041,4.89988729,0.00003903,9.39333976,1.02116846,-0.02464140,-0.02521813,
100.00000000,20.00000000,1.11058903,92.00000000,0.00000000,10.32021817,17.82609514,10.32021817,17.82609514,7.99359249,0.14134441,6.90126755,0.35773820,7.91998210,0.46760746,-0.02185281,-0.02179500,
100.00000000,3.00000000,0.80365777,57.00000000,0.00000000,13.83574063,27.12681816,13.83574063,27.12681816,10.99889407,0.13770938,2.84223138,2.58315388,10.59751522,8.50706774,-0.02699137,-0.02596850,
100.00000000,4.00000000,1.10807610,65.00000000,0.00000000,12.06972930,19.40392648,12.06972930,19.40392648,9.48097953,0.12533051,4.84683532,0.98253424,9.36239483,1.74175735,-0.02463419,-0.02470405,
100.00000000,5.00000000,0.72473454,63.00000000,0.00000000,10.67050629,20.58154587,10.67050629,20.58154587,8.25420524,0.13376596,5.70337059,2.41688847,8.57330430,1.31726730,-0.02282535,-0.02570715,
100.00000000,6.00000000,0.88319659,80.00000000,0.00000000,13.00840968,17.27548504,13.00840968,17.27548504,10.02195823,0.13482074,3.71622643,0.63359208,10.06254594,0.11503184,-0.02851631,-0.02748089,
100.00000000,7.00000000,0.66565394,76.00000000,0.00000000,13.01065348,18.38889542,13.01065348,18.38889542,10.45314551,0.11227494,3.84525807,0.65588666,9.98870744,1.32949425,-0.02445233,-0.02569549,
100.00000000,8.00000000,0.32182693,47.00000000,0.00000000,12.57786577,103.74372580,12.57786577,103.74372580,11.63412583,0.00129341,2.30835034,89.33257177,11.19561573,0.01626806,-0.00942447,-0.00890920,
100.00000000,9.00000000,0.50958490,72.00000000,0.00000000,9.20493980,34.52973691,9.20493980,34.52973691,7.49007167,0.07214553,6.77911412,18.65969584,7.58000313,0.00508036,-0.01642723,-0.01505843,
10.00000000,1.00000000,0.39019752,42.00000000,0.00000000,6.99838168,50.22925991,6.99838168,50.22925991,4.77885523,0.00140898,4.88530016,28.06118870,9.88854475,3.55773979,-0.22181175,-0.38364865,
10.00000000,10.00000000,0.68711376,37.00000000,0.00000000,4.95869868,29.67117492,4.95869868,29.67117492,3.72856802,0.00035739,8.49855123,16.05009067,3.83101230,0.14516072,-0.12297733,-0.11463600,
10.00000000,11.00000000,0.21614003,37.00000000,0.00000000,7.39580044,13.34243052,7.39580044,13.34243052,5.31669892,0.00144708,4.33308873,0.00000000,5.64320997,1.27725394,-0.20776544,-0.20888779,
10.00000000,12.00000000,0.37828898,41.00000000,0.00000000,7.24312830,15.18435742,7.24312830,15.18435742,5.10366607,0.00133751,5.31750945,0.00000000,5.81920718,1.41253971,-0.21381247,-0.26351011,
10.00000000,13.00000000,0.56073046,40.00000000,0.00000000,6.20757392,14.51573295,6.20757392,14.51573295,4.39499898,0.00151233,6.65488357,1.45608792,4.38835310,0.22820446,-0.18110626,-0.17882039,
10.00000000,14.00000000,0.39469123,38.00000000,0.00000000,6.02382668,14.59421404,6.02382668,14.59421404,4.33745001,0.00131869,6.90833957,1.46812842,4.43741230,0.10364308,-0.16850580,-0.16766907,
10.00000000,15.00000000,0.21412110,27.00000000,0.00000000,6.62417223,45.74799121,6.62417223,45.74799121,4.69301209,0.00000247,4.85797525,33.89186486,5.23209550,0.00000000,-0.19311577,-0.17660556,
10.00000000,16.00000000,1.45396328,33.00000000,0.00000000,7.82716208,36.67858636,7.82716208,36.67858636,6.02332536,0.00016175,4.23014464,23.83211929,6.29299052,0.11915883,-0.18036750,-0.22041731,
10.00000000,17.00000000,0.25590348,36.00000000,0.00000000,6.95679303,12.38732866,6.95679303,12.38732866,4.89852126,0.00043962,5.23288411,0.00000000,5.24363162,0.00000000,-0.20578321,-0.19108129,
10.00000000,18.00000000,0.27288675,35.00000000,0.00000000,7.79798699,22.65824576,7.79798699,22.65824576,5.79801487,0.00024821,4.82714227,10.05010970,5.74794335,0.00000000,-0.19997239,-0.20330504,
10.00000000,19.00000000,0.30909681,41.00000000,0.00000000,7.93786852,12.80189888,7.93786852,12.80189888,5.50737485,0.00145965,3.90354357,0.00000000,6.18591864,0.00741336,-0.24290340,-0.27050233,
10.00000000,2.00000000,0.34702849,38.00000000,0.00000000,7.30672772,12.23576322,7.30672772,12.23576322,5.29931170,0.00065757,4.77444137,0.00000000,5.24608309,0.03270859,-0.20067584,-0.21825302,
10.00000000,20.00000000,0.80947542,39.00000000,0.00000000,6.44375114,21.71688311,6.44375114,21.71688311,4.69308279,0.00156172,6.82298399,3.65510413,7.80106787,0.44104846,-0.17491066,-0.29966786,
10.00000000,3.00000000,0.18437409,31.00000000,0.00000000,8.13580143,18.46960873,8.13580143,18.46960873,5.59771891,0.00141587,2.62001560,0.00000000,5.70205721,7.78577171,-0.25366666,-0.23617642,
10.00000000,4.00000000,0.27181125,30.00000000,0.00000000,7.44335352,15.01522156,7.44335352,15.01522156,5.46444035,0.00083805,4.49317654,0.00000000,5.66042506,2.99772450,-0.19780751,-0.18638955,
10.00000000,5.00000000,0.22354579,34.00000000,0.00000000,6.14925090,35.64676691,6.14925090,35.64676691,4.19262443,0.00126584,5.08595962,23.23406351,4.19822377,0.79057653,-0.19553606,-0.23379435,
10.00000000,6.00000000,0.21342564,35.00000000,0.00000000,7.19177090,24.51734818,7.19177090,24.51734818,4.64731588,0.00128019,4.19738879,12.96526113,4.63917353,0.01341034,-0.25431748,-0.27021144,
10.00000000,7.00000000,0.57306647,40.00000000,0.00000000,8.00614000,39.01996467,8.00614000,39.01996467,5.68178532,0.00053328,3.47952772,27.15731332,5.63477782,0.47234353,-0.23238214,-0.22760023,
10.00000000,8.00000000,0.26362848,34.00000000,0.00000000,8.61491776,118.08507967,8.61491776,118.08507967,6.27280294,0.00000260,2.37641006,107.11743294,6.40412761,0.03614963,-0.23421122,-0.21509594,
10.00000000,9.00000000,0.34854555,31.00000000,0.00000000,5.79755671,28.98179450,5.79755671,28.98179450,4.30766595,0.00050192,6.39767726,16.76175396,4.32439242,0.00000000,-0.14893888,-0.14979709,
1.00000000,1.00000000,0.39017797,47.00000000,0.00000000,2.56359279,6692.64694259,2.56359279,6692.64694259,1.21813822,0.00002819,12.29354463,37.73021980,1987.98740052,4649.13479655,-1.34542638,-5.50098109,
1.00000000,10.00000000,0.70100832,47.00000000,0.00000000,2.46120474,3692.36224952,2.46120474,3692.36224952,1.55838487,0.00000194,6.33479335,2557.25869372,14.46241412,1112.69958540,-0.90281794,-1.60676293,
1.00000000,11.00000000,0.64980531,52.00000000,0.00000000,3.20136161,10.06887327,3.20136161,10.06887327,1.80380540,0.00001372,4.17563870,0.00000000,2.65484331,1.50891634,-1.39754249,-1.72947491,
1.00000000,12.00000000,0.71459532,54.00000000,0.00000000,3.06439360,211.68858379,3.06439360,211.68858379,1.67450375,0.00000726,5.76389633,0.88739389,57.51010893,145.61453879,-1.38988259,-1.91264584,
1.00000000,13.00000000,0.18383050,33.00000000,0.00000000,2.65999518,9.98947782,2.65999518,9.98947782,1.50433814,0.00000792,6.33809271,0.00400133,1.52931454,0.86473747,-1.15564912,-1.25333177,
1.00000000,14.00000000,0.41422343,29.00000000,0.00000000,2.54406088,13.81766120,2.54406088,13.81766120,1.33421122,0.00000070,6.72293845,0.61650767,4.91149416,0.00000000,-1.20984896,-1.56672093,
1.00000000,15.00000000,0.53296375,60.00000000,0.00000000,2.68643476,56.17409458,2.68643476,56.17409458,1.36598087,0.00000000,4.76347985,47.48458919,2.62235860,0.00000000,-1.32045389,-1.30366694,
1.00000000,16.00000000,0.38302541,46.00000000,0.00000000,3.53281454,386.30729067,3.53281454,386.30729067,1.90646823,0.00000297,3.15954334,56.14556951,149.12869542,175.39654614,-1.62634334,-2.47693626,
1.00000000,17.00000000,0.43298626,62.00000000,0.00000000,3.01291363,9.77667751,3.01291363,9.77667751,1.72044074,0.00000475,5.60644888,0.00000000,2.79400964,0.00000000,-1.29246815,-1.37621899,
1.00000000,18.00000000,0.29941535,45.00000000,0.00000000,3.38922623,8.88727902,3.38922623,8.88727902,1.89660856,0.00000201,4.75802896,0.38659621,2.31611211,0.00000000,-1.49261565,-1.42654174,
1.00000000,19.00000000,0.20611310,34.00000000,0.00000000,3.09280609,121.08693045,3.09280609,121.08693045,1.61544261,0.00001832,3.92368086,0.00000000,53.20386951,62.09190838,-1.47734517,-1.86747169,
1.00000000,2.00000000,1.02754927,57.00000000,0.00000000,3.15790661,60.58445696,3.15790661,60.58445696,1.74664671,0.00000557,4.45869356,0.09449427,49.40780763,3.96999424,-1.41125432,-2.65346726,
1.00000000,20.00000000,0.37078929,29.00000000,0.00000000,2.47472834,6742.85988767,2.47472834,6742.85988767,1.13871267,0.00000126,78.47921727,15.86166887,3351.47112449,3289.96865744,-1.33601440,-7.07921959,
1.00000000,3.00000000,0.81822348,53.00000000,0.00000000,3.18942339,26.04483298,3.18942339,26.04483298,1.63539722,0.00000552,2.46865624,0.00000000,2.61446777,19.50884878,-1.55402066,-1.45286019,
1.00000000,4.00000000,0.50940490,43.00000000,0.00000000,3.23599958,7.71407755,3.23599958,7.71407755,1.78527159,0.00001141,3.65864404,0.00000000,2.21185944,0.18483644,-1.45071658,-1.65873764,
1.00000000,5.00000000,0.47145367,56.00000000,0.00000000,2.37374992,108.26793302,2.37374992,108.26793302,1.20051369,0.00000135,4.65792640,86.01319971,3.82437992,12.49270510,-1.17323489,-1.27972189,
1.00000000,6.00000000,0.41963482,47.00000000,0.00000000,2.49839463,70.91919591,2.49839463,70.91919591,1.16768053,0.00000224,6.21295972,17.67226744,12.45139352,33.05683080,-1.33071186,-1.52574443,
1.00000000,7.00000000,0.51790905,47.00000000,0.00000000,3.30016540,372.43621447,3.30016540,372.43621447,1.82491494,0.00000562,3.91539033,206.28097137,10.59393005,149.86685655,-1.47524485,-1.77906617,
1.00000000,8.00000000,0.38737178,52.00000000,0.00000000,3.62723011,229.84680024,3.62723011,229.84680024,1.95817641,0.00000364,2.37310768,222.98398434,3.07901852,0.00186249,-1.66905007,-1.40882721,
1.00000000,9.00000000,0.32798052,36.00000000,0.00000000,2.76237219,26.71747680,2.76237219,26.71747680,1.68936003,0.00000236,5.83960972,17.73245470,1.87816654,0.14815928,-1.07300980,-1.11908656,
20.00000000,1.00000000,0.35614657,63.00000000,0.00000000,8.50647557,29.50837028,8.50647557,29.50837028,6.38003852,0.00608252,4.79038419,14.74088999,6.10936059,1.20984692,-0.10601773,-0.13289443,
20.00000000,10.00000000,0.38714647,50.00000000,0.00000000,5.80191832,29.91581227,5.80191832,29.91581227,4.61138785,0.00224586,8.64970223,15.45496483,4.66142100,0.04914413,-0.05941423,-0.05502900,
20.00000000,11.00000000,0.35154772,48.00000000,0.00000000,8.82034888,15.47992961,8.82034888,15.47992961,6.80155022,0.00584897,4.32098389,0.56250595,7.14307484,1.41801253,-0.10064748,-0.10176762,
20.00000000,12.00000000,0.63512945,50.00000000,0.00000000,8.71921531,14.92133167,8.71921531,14.92133167,6.61896393,0.00620672,5.06465381,0.20860716,6.32950019,0.98350104,-0.10470223,-0.11675347,
20.00000000,13.00000000,0.48852897,56.00000000,0.00000000,7.47330027,16.51208233,7.47330027,16.51208233,5.63996797,0.00546270,6.58295836,2.09192659,5.61871963,0.42812251,-0.09139348,-0.08951776,
20.00000000,14.00000000,0.44684005,50.00000000,0.00000000,7.20357224,15.61296866,7.20357224,15.61296866,5.47858821,0.00571042,6.86304660,1.30800904,5.63357699,0.13273244,-0.08596368,-0.08378018,
20.00000000,15.00000000,0.41372204,34.00000000,0.00000000,7.92047823,37.85808783,7.92047823,37.85808783,6.14922729,0.00007079,4.90182921,24.68879893,6.59024258,0.01791219,-0.08855901,-0.08296525,
20.00000000,16.00000000,0.54616117,38.00000000,0.00000000,9.00813833,24.58047342,9.00813833,24.58047342,7.40095953,0.00154513,4.55316971,10.46971498,7.51531363,0.25334438,-0.08028168,-0.08944654,
20.00000000,17.00000000,0.31309748,43.00000000,0.00000000,8.40175797,13.68403619,8.40175797,13.68403619,6.30882588,0.00308170,5.17279689,0.00000000,6.55230446,0.00000000,-0.10449252,-0.09794674,
20.00000000,18.00000000,0.32616448,50.00000000,0.00000000,9.11629104,27.01299679,9.11629104,27.01299679,7.31863525,0.00165960,4.68990867,13.20289665,7.27429021,0.00000000,-0.08979981,-0.09229506,
20.00000000,19.00000000,0.31950235,56.00000000,0.00000000,9.58055830,13.33053057,9.58055830,13.33053057,7.27656488,0.00639293,3.78368755,0.00000000,7.18660621,0.00105688,-0.11488002,-0.11795900,
20.00000000,2.00000000,0.46856523,49.00000000,0.00000000,8.68356570,14.27133731,8.68356570,14.27133731,6.72532370,0.00362048,4.87292140,0.00000000,6.68796758,0.69928065,-0.09773108,-0.10055838,
20.00000000,20.00000000,0.59184361,60.00000000,0.00000000,7.59434180,17.19318698,7.59434180,17.19318698,6.00927002,0.00704610,6.78969987,2.26002803,5.73153648,0.38754699,-0.07890128,-0.10121878,
20.00000000,3.00000000,0.54842448,41.00000000,0.00000000,9.88617548,21.14628233,9.88617548,21.14628233,7.39336688,0.00603795,2.69780316,0.42064050,7.34868505,8.35808491,-0.12433853,-0.11605344,
20.00000000,4.00000000,0.48088956,39.00000000,0.00000000,8.79310778,16.18873929,8.79310778,16.18873929,6.87410318,0.00412531,4.66663638,0.00000000,6.98443549,2.72489221,-0.09574396,-0.09063876,
20.00000000,5.00000000,0.37425852,42.00000000,0.00000000,7.50090847,25.89650131,7.50090847,25.89650131,5.57007905,0.00630361,5.30987850,10.99065970,5.49318704,1.92741174,-0.09622629,-0.10876822,
20.00000000,6.00000000,0.44375682,48.00000000,0.00000000,8.95362370,19.26010563,8.95362370,19.26010563,6.43888840,0.00579396,3.89535161,6.38107083,6.36279903,0.01992386,-0.12544707,-0.13004802,
20.00000000,7.00000000,0.89822483,56.00000000,0.00000000,9.56831841,23.51811322,9.56831841,23.51811322,7.40104801,0.00354298,3.61417885,9.97550863,7.19717255,0.60906497,-0.10818637,-0.10610941,
20.00000000,8.00000000,0.39558363,37.00000000,0.00000000,10.15362461,112.60559872,10.15362461,112.60559872,8.09581832,0.00009302,2.34652334,100.29690322,8.02830024,0.01995359,-0.10288566,-0.09569592,
20.00000000,9.00000000,0.37164164,40.00000000,0.00000000,6.82575903,30.46782508,6.82575903,30.46782508,5.35651361,0.00247042,6.57599773,17.04880845,5.38396158,0.00000000,-0.07333875,-0.07295287,
2.00000000,1.00000000,0.30251360,44.00000000,0.00000000,3.64125081,2859.78579851,3.64125081,2859.78579851,1.87689069,0.00005051,6.57186525,30.62627206,806.02153042,2009.61257360,-0.88215480,-3.47677859,
2.00000000,10.00000000,0.26961541,41.00000000,0.00000000,3.12301076,400.80085595,3.12301076,400.80085595,2.11112152,0.00000942,7.34996510,334.08381371,3.74928244,54.26645054,-0.50593991,-0.67567208,
2.00000000,11.00000000,0.44265771,49.00000000,0.00000000,4.27212457,11.53954055,4.27212457,11.53954055,2.58201060,0.00005523,4.30967861,0.00000000,2.98175716,2.41976080,-0.84502937,-0.91417199,
2.00000000,12.00000000,0.60044217,40.00000000,0.00000000,4.12132671,76.57333170,4.12132671,76.57333170,2.46237776,0.00005674,5.85198040,0.00000000,29.65708333,38.80522426,-0.82944610,-1.12952186,
2.00000000,13.00000000,0.27887893,29.00000000,0.00000000,3.55120724,10.23551168,3.55120724,10.23551168,2.13683751,0.00003625,6.41801502,0.22586970,2.19585612,0.00022072,-0.70716674,-0.69777506,
2.00000000,14.00000000,0.26224613,26.00000000,0.00000000,3.46396626,11.06136440,3.46396626,11.06136440,2.02998128,0.00000889,6.81159613,0.49996934,2.22799648,0.00000000,-0.71698804,-0.76090122,
2.00000000,15.00000000,0.59726906,43.00000000,0.00000000,3.69752566,59.01634348,3.69752566,59.01634348,2.10611109,0.00000000,4.83677902,49.84672649,2.87074486,0.00000000,-0.79570729,-0.73104655,
2.00000000,16.00000000,0.42113113,43.00000000,0.00000000,4.75395496,188.17377983,4.75395496,188.17377983,2.88143032,0.00000027,3.32416603,62.98716350,37.56875056,81.45837691,-0.93626218,-1.41766141,
2.00000000,17.00000000,0.30284405,52.00000000,0.00000000,4.00366543,9.98526504,4.00366543,9.98526504,2.44228494,0.00000156,5.38828588,0.00000000,3.13839049,0.02630726,-0.78068947,-0.71614071,
2.00000000,18.00000000,0.22075868,38.00000000,0.00000000,4.54636604,9.55737565,4.54636604,9.55737565,2.70627753,0.00000732,4.82367282,0.04853218,2.96813779,0.00000000,-0.92004059,-0.85851643,
2.00000000,19.00000000,0.20161700,34.00000000,0.00000000,4.26833926,34.98202212,4.26833926,34.98202212,2.35072513,0.00003073,4.17854127,0.00000000,13.42756239,15.21850473,-0.95879170,-1.07870686,
2.00000000,2.00000000,0.27813697,47.00000000,0.00000000,4.23826165,16.46827078,4.23826165,16.46827078,2.53972034,0.00000985,4.25084741,0.00000000,9.69471540,0.02332908,-0.84926574,-1.24968945,
2.00000000,20.00000000,0.31816864,30.00000000,0.00000000,3.52643533,1605.17528935,3.52643533,1605.17528935,1.84359863,0.00002488,13.51423745,5.23192504,781.65850488,798.07536929,-0.84140591,-3.34762634,
2.00000000,3.00000000,0.25951099,39.00000000,0.00000000,4.40454082,13.90423193,4.40454082,13.90423193,2.45143090,0.00001473,2.46686586,0.00000000,2.94578359,6.66872669,-0.97654760,-0.91142789,
2.00000000,4.00000000,0.41835952,32.00000000,0.00000000,4.34626878,10.96236175,4.34626878,10.96236175,2.60268681,0.00000833,3.91546145,0.00000000,2.86594631,2.43818348,-0.87178682,-0.87138526,
2.00000000,5.00000000,0.38800287,42.00000000,0.00000000,3.29672968,90.55750742,3.29672968,90.55750742,1.81028051,0.00001489,4.73976493,73.49485660,6.52080299,4.05341672,-0.74321714,-0.87433309,
2.00000000,6.00000000,0.20099139,36.00000000,0.00000000,3.57790389,43.95299904,3.57790389,43.95299904,1.78715704,0.00001485,5.47772152,24.24290489,5.56250633,6.69884878,-0.89536600,-0.98550876,
2.00000000,7.00000000,0.37166953,47.00000000,0.00000000,4.46391782,124.85788364,4.46391782,124.85788364,2.58081383,0.00001030,3.46715285,112.84896597,3.85175230,2.77056062,-0.94154685,-0.95972595,
2.00000000,8.00000000,0.32171297,42.00000000,0.00000000,4.91448763,156.57960731,4.91448763,156.57960731,2.87068223,0.00000201,2.36685731,148.95563648,3.48016963,0.00000000,-1.02190169,-0.88847194,
2.00000000,9.00000000,0.26412272,26.00000000,0.00000000,3.56083976,25.82492639,3.56083976,25.82492639,2.32883966,0.00001480,5.95847824,16.17339298,2.41966236,0.00000000,-0.61599265,-0.63669640,
50.00000000,1.00000000,0.56775951,74.00000000,0.00000000,10.40047796,21.12677865,10.40047796,21.12677865,8.30403281,0.03491518,4.69922189,4.16930638,8.15215616,1.78998114,-0.04123060,-0.04632226,
50.00000000,10.00000000,0.51178241,56.00000000,0.00000000,6.85801235,31.51303358,6.85801235,31.51303358,5.68790178,0.01729993,8.67765203,16.02827425,5.66503077,0.03792804,-0.02305621,-0.02208297,
50.00000000,11.00000000,0.74540806,62.00000000,0.00000000,10.61233615,18.72783048,10.61233615,18.72783048,8.63803925,0.03319738,4.31474083,1.40696325,8.96549409,1.95962154,-0.03882199,-0.04162022,
50.00000000,12.00000000,0.60081387,62.00000000,0.00000000,10.60292871,16.66615081,10.60292871,16.66615081,8.48093853,0.03985411,4.94433557,0.91158644,8.21967214,0.49578734,-0.04164272,-0.04189539,
50.00000000,13.00000000,0.55673242,63.00000000,0.00000000,9.15033257,18.70592798,9.15033257,18.70592798,7.25347574,0.02634388,6.43916518,2.87802537,7.21963830,0.38637277,-0.03741026,-0.03565453,
50.00000000,14.00000000,0.62217569,63.00000000,0.00000000,8.83580821,16.51652780,8.83580821,16.51652780,6.90010937,0.03612636,6.79556504,0.66253984,7.11730619,0.16183992,-0.03799145,-0.03558554,
50.00000000,15.00000000,0.61262560,58.00000000,0.00000000,9.36641433,35.65966939,9.36641433,35.65966939,7.97467139,0.00138805,4.96413232,20.95704113,8.31667564,0.05743995,-0.02780710,-0.02728761,
50.00000000,16.00000000,0.69096088,57.00000000,0.00000000,10.41609740,20.61621133,10.41609740,20.61621133,8.87286318,0.01397803,4.80316022,4.74780171,9.15602494,0.29115359,-0.03058512,-0.03236142,
50.00000000,17.00000000,0.38208437,59.00000000,0.00000000,10.32954720,16.05258605,10.32954720,16.05258605,8.12508326,0.02886098,5.08170399,0.67163474,8.25848971,0.00565917,-0.04351206,-0.04070197,
50.00000000,18.00000000,0.41586304,65.00000000,0.00000000,10.66017103,29.64848033,10.66017103,29.64848033,9.02160892,0.01713660,4.48875444,14.46631308,9.02386042,0.00000000,-0.03242851,-0.03339105,
50.00000000,19.00000000,0.64897394,72.00000000,0.00000000,11.65321162,15.08959460,11.65321162,15.08959460,9.30022137,0.03870467,3.72413950,0.00000000,9.24993262,0.00544820,-0.04628571,-0.04220149,
50.00000000,2.00000000,0.67861867,74.00000000,0.00000000,10.46537473,16.58915976,10.46537473,16.58915976,8.43674738,0.02747454,4.91142828,0.00000000,8.40881437,1.22983356,-0.04002306,-0.04078167,
50.00000000,20.00000000,0.87366199,70.00000000,0.00000000,9.02629711,16.97562276,9.02629711,16.97562276,7.34528889,0.04142294,6.84875139,0.82909416,7.20715747,0.38188526,-0.03279171,-0.03417469,
50.00000000,3.00000000,1.06449962,46.00000000,0.00000000,12.10137947,24.85244179,12.10137947,24.85244179,9.67097284,0.03856387,2.78911112,1.75410373,9.40223617,8.63893011,-0.04783686,-0.04536121,
50.00000000,4.00000000,1.11207223,58.00000000,0.00000000,10.55368027,17.95046905,10.55368027,17.95046905,8.52915520,0.03191467,4.79907988,0.59509556,8.50247086,2.11369365,-0.03985221,-0.03880258,
50.00000000,5.00000000,0.54611230,58.00000000,0.00000000,9.24020259,20.63034845,9.24020259,20.63034845,7.27965633,0.03838966,5.56803337,3.96569406,7.46536160,1.50659569,-0.03844313,-0.04249327,
50.00000000,6.00000000,0.59488773,68.00000000,0.00000000,11.20368904,16.73154029,11.20368904,16.73154029,8.71173499,0.03676634,3.74002095,1.78608737,8.70326860,0.05337884,-0.04910375,-0.04897569,
50.00000000,7.00000000,0.69185948,61.00000000,0.00000000,11.47448722,18.10403186,11.47448722,18.10403186,9.37544102,0.02737904,3.77850571,2.06591827,9.02702272,1.15177538,-0.04143334,-0.04161620,
50.00000000,8.00000000,0.43250775,42.00000000,0.00000000,11.76123436,107.66277753,11.76123436,107.66277753,10.33461660,0.00052511,2.31775631,93.96022069,10.02641382,0.01546663,-0.02852185,-0.02685840,
50.00000000,9.00000000,0.47306180,51.00000000,0.00000000,8.15025541,32.72252611,8.15025541,32.72252611,6.68317402,0.01926063,6.72537613,17.86111168,6.73954902,0.00000000,-0.02895642,-0.02792979,
5.00000000,1.00000000,0.27835298,37.00000000,0.00000000,5.46705637,288.85898424,5.46705637,288.85898424,3.30138991,0.00034397,5.04399721,35.92250210,80.99361396,161.21990756,-0.43306450,-1.13579268,
5.00000000,10.00000000,0.48225641,36.00000000,0.00000000,4.12269110,42.92185495,4.12269110,42.92185495,2.95551507,0.00005766,8.16769126,30.12756587,3.10794175,0.35068411,-0.23342367,-0.23359439,
5.00000000,11.00000000,0.50619102,42.00000000,0.00000000,5.97434197,12.50269375,5.97434197,12.50269375,3.97684968,0.00029599,4.33993159,0.00000000,4.28342094,1.82301320,-0.39943926,-0.41126560,
5.00000000,12.00000000,0.51235032,36.00000000,0.00000000,5.80046646,20.62601504,5.80046646,20.62601504,3.80420400,0.00024168,5.60353096,0.00000000,9.18977751,3.23062730,-0.39920416,-0.52041585,
5.00000000,13.00000000,0.32045937,33.00000000,0.00000000,4.98592341,12.47186104,4.98592341,12.47186104,3.28819014,0.00034720,6.61497711,0.86947160,3.31132461,0.00507800,-0.33947721,-0.33420194,
5.00000000,14.00000000,0.26340079,31.00000000,0.00000000,4.87420655,12.92776660,4.87420655,12.92776660,3.25161129,0.00022418,6.90923467,1.07393630,3.30410230,0.00012810,-0.32447422,-0.32807305,
5.00000000,15.00000000,0.43153000,32.00000000,0.00000000,5.29489515,56.58534385,5.29489515,56.58534385,3.42169128,0.00000000,4.84961650,46.00177456,4.03130466,0.00000000,-0.37464077,-0.34052962,
5.00000000,16.00000000,0.29848480,34.00000000,0.00000000,6.52326292,60.82190965,6.52326292,60.82190965,4.58635711,0.00000087,3.81470730,43.80091730,7.76221044,2.80212500,-0.38738099,-0.52838992,
5.00000000,17.00000000,2.14197040,40.00000000,0.00000000,5.58391422,11.16778393,5.58391422,11.16778393,3.70055450,0.00005222,5.28461195,0.00000000,4.14802200,0.00000000,-0.37666150,-0.34703000,
5.00000000,18.00000000,0.28358197,36.00000000,0.00000000,6.37359619,15.43485054,6.37359619,15.43485054,4.29156125,0.00004573,4.88095490,4.18243567,4.30524126,0.00000000,-0.41639784,-0.41324374,
5.00000000,19.00000000,0.24343491,34.00000000,0.00000000,6.25837731,14.87361151,6.25837731,14.87361151,3.88594000,0.00028370,4.07752534,0.00000000,6.88077779,1.28101379,-0.47443072,-0.52685892,
5.00000000,2.00000000,0.98325539,38.00000000,0.00000000,5.92662454,11.27032270,5.92662454,11.27032270,3.97209117,0.00007638,4.58193073,0.00000000,4.28967049,0.04605096,-0.39089140,-0.47053410,
5.00000000,20.00000000,0.30594969,31.00000000,0.00000000,5.18330619,88.85342359,5.18330619,88.85342359,3.31979372,0.00028315,7.12808530,4.44296365,43.34013487,29.70393175,-0.37264586,-0.84766160,
5.00000000,3.00000000,0.25682640,29.00000000,0.00000000,6.41402043,16.14010749,6.41402043,16.14010749,4.01603698,0.00023858,2.54089449,0.00000000,4.23359989,7.12278279,-0.47954897,-0.44856606,
5.00000000,4.00000000,0.25748849,30.00000000,0.00000000,6.06758529,13.41378583,6.06758529,13.41378583,4.09597256,0.00011685,4.25991741,0.00000000,4.33466617,2.94072812,-0.39429917,-0.37569483,
5.00000000,5.00000000,0.46000433,31.00000000,0.00000000,4.82741277,55.12727288,4.82741277,55.12727288,2.99518064,0.00024250,4.89291043,42.70486076,4.36078796,0.90929078,-0.36639793,-0.45188459,
5.00000000,6.00000000,0.16924810,30.00000000,0.00000000,5.48474807,31.19687342,5.48474807,31.19687342,3.14495194,0.00020348,4.66787576,20.32237228,3.67672336,0.01135909,-0.46791853,-0.50370859,
5.00000000,7.00000000,0.37106633,36.00000000,0.00000000,6.39546159,66.60730939,6.39546159,66.60730939,4.11352210,0.00005890,3.40158060,55.60674110,4.34791380,1.02303274,-0.45637612,-0.44560823,
5.00000000,8.00000000,0.34609127,37.00000000,0.00000000,6.96548607,133.18933690,6.96548607,133.18933690,4.59121855,0.00000000,2.38640356,123.55637270,4.90542369,0.19851838,-0.47485350,-0.42852371,
5.00000000,9.00000000,0.22703815,28.00000000,0.00000000,4.78224249,27.94384051,4.78224249,27.94384051,3.35855126,0.00011675,6.19021488,16.91998397,3.38594272,0.00000000,-0.28471490,-0.28953979,