
0.00000000,1.00000000,1.00000000,6747.00000000,1.00000000,3373.00000000,
0.00000000,10.00000000,1.00000000,6747.00000000,1.00000000,3373.00000000,
0.00000000,11.00000000,1.00000000,6746.00000000,1.00000000,3374.00000000,alpha,seed,kish[0],relkish[0],test_kish[0],test_relkish[0],
inf,1.00000000,0.00014821,1.00000000,0.00029647,1.00000000,
0.01000000,1.00000000,0.09634727,650.05501969,1.00000000,3373.00000000,alpha,seed,kish[0],relkish[0],test_kish[0],test_relkish[0],
inf,10.00000000,0.00014821,1.00000000,0.00029647,1.00000000,
0.01000000,10.00000000,0.09370521,632.22908249,0.92815938,3130.68159136,alpha,seed,kish[0],relkish[0],test_kish[0],test_relkish[0],
inf,11.00000000,0.00014824,1.00000000,0.00029638,1.00000000,
0.01000000,11.00000000,0.04178808,281.90240161,1.00000000,3374.00000000,alpha,seed,kish[0],relkish[0],test_kish[0],test_relkish[0],
inf,12.00000000,0.00014817,1.00000000,0.00029665,1.00000000,
0.01000000,12.00000000,0.08673489,585.37378577,1.00000000,3371.00000000,alpha,seed,kish[0],relkish[0],test_kish[0],test_relkish[0],
inf,13.00000000,0.00014817,1.00000000,0.00029665,1.00000000,
0.01000000,13.00000000,0.08006381,540.35062000,1.00000000,3371.00000000,alpha,seed,kish[0],relkish[0],test_kish[0],test_relkish[0],
inf,14.00000000,0.00014826,1.00000000,0.00029630,1.00000000,
0.01000000,14.00000000,0.03993919,269.38980592,1.00000000,3375.00000000,alpha,seed,kish[0],relkish[0],test_kish[0],test_relkish[0],
inf,15.00000000,0.00014826,1.00000000,0.00029630,1.00000000,
0.01000000,15.00000000,0.04453255,300.37203630,1.00000000,3375.00000000,alpha,seed,kish[0],relkish[0],test_kish[0],test_relkish[0],
inf,16.00000000,0.00014824,1.00000000,0.00029638,1.00000000,
0.01000000,16.00000000,0.09677811,652.86516276,1.00000000,3374.00000000,alpha,seed,kish[0],relkish[0],test_kish[0],test_relkish[0],
inf,17.00000000,0.00014824,1.00000000,0.00029638,1.00000000,
0.01000000,17.00000000,0.04679293,315.66509925,1.00000000,3373.99999999,alpha,seed,kish[0],relkish[0],test_kish[0],test_relkish[0],
inf,18.00000000,0.00014826,1.00000000,0.00029630,1.00000000,
0.01000000,18.00000000,0.04072126,274.66489226,1.00000000,3375.00000000,alpha,seed,kish[0],relkish[0],test_kish[0],test_relkish[0],
inf,19.00000000,0.00014819,1.00000000,0.00029656,1.00000000,
0.01000000,19.00000000,0.05207820,351.42368807,1.00000000,3372.00000000,
0.00000000,12.00000000,1.00000000,6749.00000000,1.00000000,3371.00000000,alpha,seed,kish[0],relkish[0],test_kish[0],test_relkish[0],
inf,2.00000000,0.00014824,1.00000000,0.00029638,1.00000000,
0.01000000,2.00000000,0.05654629,381.46127424,1.00000000,3374.00000000,alpha,seed,kish[0],relkish[0],test_kish[0],test_relkish[0],
inf,20.00000000,0.00014824,1.00000000,0.00029638,1.00000000,
0.01000000,20.00000000,0.06377684,430.23855932,1.00000000,3374.00000000,
0.00000000,13.00000000,1.00000000,6749.00000000,1.00000000,3371.00000000,alpha,seed,kish[0],relkish[0],test_kish[0],test_relkish[0],
inf,3.00000000,0.00014819,1.00000000,0.00029656,1.00000000,
0.01000000,3.00000000,0.08935522,602.96899822,1.00000000,3372.00000000,
0.00000000,14.00000000,1.00000000,6745.00000000,1.00000000,3375.00000000,alpha,seed,kish[0],relkish[0],test_kish[0],test_relkish[0],
inf,4.00000000,0.00014817,1.00000000,0.00029665,1.00000000,
0.01000000,4.00000000,0.06950805,469.10985256,1.00000000,3371.00000000,
0.00000000,15.00000000,1.00000000,6745.00000000,1.00000000,3375.00000000,alpha,seed,kish[0],relkish[0],test_kish[0],test_relkish[0],
inf,5.00000000,0.00014821,1.00000000,0.00029647,1.00000000,
0.01000000,5.00000000,0.07971008,537.80394257,1.00000000,3373.00000000,
0.00000000,16.00000000,1.00000000,6746.00000000,1.00000000,3374.00000000,alpha,seed,kish[0],relkish[0],test_kish[0],test_relkish[0],
inf,6.00000000,0.00014821,1.00000000,0.00029647,1.00000000,
0.01000000,6.00000000,0.07599256,512.72183480,1.00000000,3373.00000000,
0.00000000,17.00000000,1.00000000,6746.00000000,1.00000000,3374.00000000,alpha,seed,kish[0],relkish[0],test_kish[0],test_relkish[0],
inf,7.00000000,0.00014817,1.00000000,0.00029665,1.00000000,
0.01000000,7.00000000,0.06402648,432.11468001,1.00000000,3371.00000000,
0.00000000,18.00000000,1.00000000,6745.00000000,1.00000000,3375.00000000,alpha,seed,kish[0],relkish[0],test_kish[0],test_relkish[0],
inf,8.00000000,0.00014824,1.00000000,0.00029638,1.00000000,
0.01000000,8.00000000,0.04772773,321.97128085,1.00000000,3374.00000000,
0.00000000,19.00000000,1.00000000,6748.00000000,1.00000000,3372.00000000,alpha,seed,kish[0],relkish[0],test_kish[0],test_relkish[0],
inf,9.00000000,0.00014821,1.00000000,0.00029647,1.00000000,
0.01000000,9.00000000,0.06252168,421.83377478,1.00000000,3373.00000000,
0.00000000,2.00000000,1.00000000,6746.00000000,1.00000000,3374.00000000,
0.00000000,20.00000000,1.00000000,6746.00000000,1.00000000,3374.00000000,
0.00000000,3.00000000,1.00000000,6748.00000000,1.00000000,3372.00000000,
0.00000000,4.00000000,1.00000000,6749.00000000,1.00000000,3371.00000000,
0.00000000,5.00000000,1.00000000,6747.00000000,1.00000000,3373.00000000,
0.00000000,6.00000000,1.00000000,6747.00000000,1.00000000,3373.00000000,
0.00000000,7.00000000,1.00000000,6749.00000000,1.00000000,3371.00000000,
0.00000000,8.00000000,1.00000000,6746.00000000,1.00000000,3374.00000000,
0.00000000,9.00000000,1.00000000,6747.00000000,1.00000000,3373.00000000,
0.10000000,1.00000000,0.09565313,645.37169008,1.00000000,3372.99999999,
0.10000000,10.00000000,0.09281193,626.20212433,0.87423479,2948.79393003,
0.10000000,11.00000000,0.03791449,255.77113179,0.99999434,3373.98089755,
0.10000000,12.00000000,0.08417808,568.11785566,1.00000000,3371.00000000,
0.10000000,13.00000000,0.07761558,523.82756549,1.00000000,3371.00000000,
0.10000000,14.00000000,0.03813154,257.19726373,0.99999989,3374.99962060,
0.10000000,15.00000000,0.04424923,298.46108125,1.00000000,3375.00000000,
0.10000000,16.00000000,0.09364235,631.71131745,0.99863268,3369.38665620,
0.10000000,17.00000000,0.04442591,299.69721602,0.92821096,3131.78376997,
0.10000000,18.00000000,0.03913562,263.96973558,1.00000000,3374.99999985,
0.10000000,19.00000000,0.04801406,323.99890022,1.00000000,3372.00000000,
0.10000000,2.00000000,0.05452606,367.83282884,1.00000000,3373.99999837,
0.10000000,20.00000000,0.06253159,421.83811819,0.95044058,3206.78651459,
0.10000000,3.00000000,0.08628434,582.24670643,1.00000000,3372.00000000,
0.10000000,4.00000000,0.06865442,463.34871157,0.99970004,3369.98884748,
0.10000000,5.00000000,0.07836109,528.70226841,1.00000000,3373.00000000,
0.10000000,6.00000000,0.07386893,498.39369682,1.00000000,3372.99999346,
0.10000000,7.00000000,0.06406308,432.36170968,1.00000000,3371.00000000,
0.10000000,8.00000000,0.04525298,305.27660887,0.99999442,3373.98117283,
0.10000000,9.00000000,0.05920016,399.42344671,0.99999901,3372.99664656,
1000000.00000000,1.00000000,0.00014822,1.00005650,0.00029649,1.00005768,
1000000.00000000,10.00000000,0.00014822,1.00006184,0.00029649,1.00005521,
1000000.00000000,11.00000000,0.00014824,1.00003214,0.00029639,1.00003083,
1000000.00000000,12.00000000,0.00014818,1.00005669,0.00029666,1.00004761,
1000000.00000000,13.00000000,0.00014817,1.00001005,0.00029665,1.00000967,
1000000.00000000,14.00000000,0.00014827,1.00009794,0.00029633,1.00011464,
1000000.00000000,15.00000000,0.00014827,1.00009438,0.00029633,1.00011584,
1000000.00000000,16.00000000,0.00014825,1.00006131,0.00029640,1.00006194,
1000000.00000000,17.00000000,0.00014824,1.00004365,0.00029640,1.00004481,
1000000.00000000,18.00000000,0.00014826,1.00002678,0.00029631,1.00003965,
1000000.00000000,19.00000000,0.00014821,1.00011022,0.00029659,1.00011253,
1000000.00000000,2.00000000,0.00014826,1.00013430,0.00029642,1.00012033,
1000000.00000000,20.00000000,0.00014825,1.00007376,0.00029641,1.00007647,
1000000.00000000,3.00000000,0.00014821,1.00011357,0.00029659,1.00009776,
1000000.00000000,4.00000000,0.00014818,1.00009586,0.00029668,1.00009318,
1000000.00000000,5.00000000,0.00014822,1.00001723,0.00029648,1.00001870,
1000000.00000000,6.00000000,0.00014823,1.00007586,0.00029650,1.00009724,
1000000.00000000,7.00000000,0.00014818,1.00010018,0.00029668,1.00009689,
1000000.00000000,8.00000000,0.00014825,1.00010472,0.00029642,1.00011078,
1000000.00000000,9.00000000,0.00014823,1.00007566,0.00029650,1.00008735,
100000.00000000,1.00000000,0.00014883,1.00414117,0.00029770,1.00415016,
100000.00000000,10.00000000,0.00014915,1.00630249,0.00029817,1.00572338,
100000.00000000,11.00000000,0.00014880,1.00381970,0.00029745,1.00359108,
100000.00000000,12.00000000,0.00014880,1.00424399,0.00029775,1.00372418,
100000.00000000,13.00000000,0.00014828,1.00074249,0.00029686,1.00072176,
100000.00000000,14.00000000,0.00014915,1.00599127,0.00029822,1.00650677,
100000.00000000,15.00000000,0.00014891,1.00443029,0.00029778,1.00501656,
100000.00000000,16.00000000,0.00014885,1.00412303,0.00029762,1.00416493,
100000.00000000,17.00000000,0.00014879,1.00371646,0.00029751,1.00380830,
100000.00000000,18.00000000,0.00014859,1.00224623,0.00029722,1.00312425,
100000.00000000,19.00000000,0.00014912,1.00626942,0.00029839,1.00618791,
100000.00000000,2.00000000,0.00014914,1.00606590,0.00029805,1.00560664,
100000.00000000,20.00000000,0.00014889,1.00443054,0.00029781,1.00481974,
100000.00000000,3.00000000,0.00014914,1.00636952,0.00029820,1.00554213,
100000.00000000,4.00000000,0.00014905,1.00591440,0.00029839,1.00586474,
100000.00000000,5.00000000,0.00014843,1.00148313,0.00029695,1.00160794,
100000.00000000,6.00000000,0.00014887,1.00441605,0.00029803,1.00525743,
100000.00000000,7.00000000,0.00014907,1.00606716,0.00029843,1.00601742,
100000.00000000,8.00000000,0.00014918,1.00637263,0.00029828,1.00640095,
100000.00000000,9.00000000,0.00014885,1.00427205,0.00029787,1.00471878,
10000.00000000,1.00000000,0.00016415,1.10750946,0.00032862,1.10842508,
10000.00000000,10.00000000,0.00016740,1.12945714,0.00033325,1.12403630,
10000.00000000,11.00000000,0.00016046,1.08244187,0.00032102,1.08311207,
10000.00000000,12.00000000,0.00016281,1.09879141,0.00032541,1.09695074,
10000.00000000,13.00000000,0.00015176,1.02423417,0.00030363,1.02353785,
10000.00000000,14.00000000,0.00016591,1.11908497,0.00033184,1.11996838,
10000.00000000,15.00000000,0.00015890,1.07177641,0.00031902,1.07668199,
10000.00000000,16.00000000,0.00016075,1.08442411,0.00032078,1.08231692,
10000.00000000,17.00000000,0.00016083,1.08495357,0.00032135,1.08423671,
10000.00000000,18.00000000,0.00015310,1.03269156,0.00030698,1.03606792,
10000.00000000,19.00000000,0.00016790,1.13300249,0.00033498,1.12954541,
10000.00000000,2.00000000,0.00016537,1.11561719,0.00032844,1.10816983,
10000.00000000,20.00000000,0.00015873,1.07077145,0.00031871,1.07532095,
10000.00000000,3.00000000,0.00016503,1.11363109,0.00032826,1.10690068,
10000.00000000,4.00000000,0.00016628,1.12219574,0.00033404,1.12605647,
10000.00000000,5.00000000,0.00015673,1.05744558,0.00031484,1.06196673,
10000.00000000,6.00000000,0.00016009,1.08009384,0.00031976,1.07854056,
10000.00000000,7.00000000,0.00016759,1.13109542,0.00033609,1.13296981,
10000.00000000,8.00000000,0.00016720,1.12795873,0.00033363,1.12567283,
10000.00000000,9.00000000,0.00016079,1.08484743,0.00032221,1.08680856,
1000.00000000,1.00000000,0.00029670,2.00186159,0.00059396,2.00341114,
1000.00000000,10.00000000,0.00030542,2.06064795,0.00060424,2.03811086,
1000.00000000,11.00000000,0.00024950,1.68314045,0.00050584,1.70671012,
1000.00000000,12.00000000,0.00027738,1.87203614,0.00055569,1.87322821,
1000.00000000,13.00000000,0.00016877,1.13906158,0.00033594,1.13245526,
1000.00000000,14.00000000,0.00029289,1.97551411,0.00058390,1.97066921,
1000.00000000,15.00000000,0.00021152,1.42669949,0.00042842,1.44592007,
1000.00000000,16.00000000,0.00024325,1.64096514,0.00048321,1.63035506,
1000.00000000,17.00000000,0.00024329,1.64126512,0.00048685,1.64264020,
1000.00000000,18.00000000,0.00017013,1.14754760,0.00034135,1.15205013,
1000.00000000,19.00000000,0.00031761,2.14323567,0.00062981,2.12370719,
1000.00000000,2.00000000,0.00029597,1.99661880,0.00057613,1.94386855,
1000.00000000,20.00000000,0.00021418,1.44488833,0.00042826,1.44493953,
1000.00000000,3.00000000,0.00028888,1.94936476,0.00056001,1.88834165,
1000.00000000,4.00000000,0.00030501,2.05852979,0.00062063,2.09213073,
1000.00000000,5.00000000,0.00022850,1.54172157,0.00046954,1.58374589,
1000.00000000,6.00000000,0.00022191,1.49721394,0.00043609,1.47093820,
1000.00000000,7.00000000,0.00032024,2.16126708,0.00064387,2.17049799,
1000.00000000,8.00000000,0.00030588,2.06349240,0.00060692,2.04776325,
1000.00000000,9.00000000,0.00025074,1.69172938,0.00050255,1.69509802,
100.00000000,1.00000000,0.00098095,6.61847757,0.00185013,6.24047709,
100.00000000,10.00000000,0.00093593,6.31475275,0.00194521,6.56118864,
100.00000000,11.00000000,0.00053119,3.58343563,0.00108021,3.64463538,
100.00000000,12.00000000,0.00082141,5.54371156,0.00165274,5.57139674,
100.00000000,13.00000000,0.00022291,1.50443860,0.00043751,1.47484576,
100.00000000,14.00000000,0.00080976,5.46184986,0.00151023,5.09702135,
100.00000000,15.00000000,0.00038829,2.61899768,0.00082224,2.77506391,
100.00000000,16.00000000,0.00055464,3.74158913,0.00108175,3.64982389,
100.00000000,17.00000000,0.00049266,3.32345882,0.00097252,3.28128792,
100.00000000,18.00000000,0.00019409,1.30915763,0.00038903,1.31297794,
100.00000000,19.00000000,0.00091397,6.16744599,0.00180835,6.09775453,
100.00000000,2.00000000,0.00083062,5.60335830,0.00166232,5.60867700,
100.00000000,20.00000000,0.00034674,2.33913417,0.00067817,2.28815901,
100.00000000,3.00000000,0.00091892,6.20084831,0.00177811,5.99580091,
100.00000000,4.00000000,0.00098324,6.63589396,0.00204355,6.88881293,
100.00000000,5.00000000,0.00053830,3.63194141,0.00109327,3.68761259,
100.00000000,6.00000000,0.00042970,2.89918519,0.00083590,2.81948938,
100.00000000,7.00000000,0.00103324,6.97335877,0.00222480,7.49981222,
100.00000000,8.00000000,0.00086259,5.81902960,0.00171730,5.79417762,
100.00000000,9.00000000,0.00060428,4.07707189,0.00119777,4.04007892,
10.00000000,1.00000000,0.01178270,79.49786529,0.02062211,69.55836042,
10.00000000,10.00000000,0.01043975,70.43697285,0.01458235,49.18627165,
10.00000000,11.00000000,0.00153511,10.35582438,0.00478838,16.15599327,
10.00000000,12.00000000,0.00879798,59.37753926,0.01754864,59.15647933,
10.00000000,13.00000000,0.00271375,18.31512823,0.00814031,27.44100047,
10.00000000,14.00000000,0.00384570,25.93923889,0.00998491,33.69908624,
10.00000000,15.00000000,0.00341158,23.01112431,0.04518305,152.49280034,
10.00000000,16.00000000,0.00529715,35.73455328,0.01448838,48.88378059,
10.00000000,17.00000000,0.00160803,10.84774697,0.00496107,16.73866160,
10.00000000,18.00000000,0.00063407,4.27678766,0.00188182,6.35112848,
10.00000000,19.00000000,0.00407237,27.48034056,0.00528879,17.83378484,
10.00000000,2.00000000,0.00330393,22.28829372,0.00652578,22.01796743,
10.00000000,20.00000000,0.00125530,8.46823098,0.00220603,7.44316026,
10.00000000,3.00000000,0.01077143,72.68562221,0.02158214,72.77496765,
10.00000000,4.00000000,0.00771635,52.07764745,0.02509419,84.59251319,
10.00000000,5.00000000,0.00712477,48.07085218,0.01572905,53.05407997,
10.00000000,6.00000000,0.00504491,34.03799201,0.02043985,68.94361963,
10.00000000,7.00000000,0.00933795,63.02181937,0.03057106,103.05504196,
10.00000000,8.00000000,0.00372270,25.11333956,0.01255117,42.34764593,
10.00000000,9.00000000,0.00525728,35.47087027,0.01106390,37.31852642,
1.00000000,1.00000000,0.07869973,530.98707617,0.70862339,2390.18668088,
1.00000000,10.00000000,0.07722142,521.01292800,0.39582417,1335.11493430,
1.00000000,11.00000000,0.02014306,135.88507312,0.54510678,1839.19026573,
1.00000000,12.00000000,0.07252309,489.45834019,0.94416949,3182.79534674,
1.00000000,13.00000000,0.05428095,366.34212636,0.72359642,2439.24354427,
1.00000000,14.00000000,0.02670270,180.10973783,0.82540241,2785.73312080,
1.00000000,15.00000000,0.03355516,226.32956969,0.99976516,3374.20741476,
1.00000000,16.00000000,0.07126588,480.75965358,0.36608814,1235.18139768,
1.00000000,17.00000000,0.02460469,165.98324715,0.35722135,1205.26483209,
1.00000000,18.00000000,0.02217039,149.53925573,0.85517754,2886.22420094,
1.00000000,19.00000000,0.03334280,224.99718307,0.44446565,1498.73816489,
1.00000000,2.00000000,0.03851459,259.81944274,0.58506044,1973.99393537,
1.00000000,20.00000000,0.02802902,189.08375726,0.30443665,1027.16925939,
1.00000000,3.00000000,0.07210208,486.54486691,0.58970228,1988.47609772,
1.00000000,4.00000000,0.05829929,393.46189298,0.57635482,1942.89209427,
1.00000000,5.00000000,0.06267434,422.86373946,0.99429570,3353.75940103,
1.00000000,6.00000000,0.05600042,377.83485601,0.95184241,3210.56446534,
1.00000000,7.00000000,0.05170033,348.92553055,0.92715681,3125.44560278,
1.00000000,8.00000000,0.02511354,169.41596565,0.75850222,2559.18648352,
1.00000000,9.00000000,0.04280197,288.78489921,0.30590433,1031.81529640,
20.00000000,1.00000000,0.00429834,29.00087464,0.00675149,22.77276552,
20.00000000,10.00000000,0.00382631,25.81612126,0.00758234,25.57524536,
20.00000000,11.00000000,0.00095354,6.43260462,0.00212964,7.18539760,
20.00000000,12.00000000,0.00327041,22.07198402,0.00689190,23.23260875,
20.00000000,13.00000000,0.00073529,4.96247995,0.00151633,5.11155050,
20.00000000,14.00000000,0.00203481,13.72479142,0.00344310,11.62047900,
20.00000000,15.00000000,0.00135934,9.16871699,0.00476011,16.06536319,
20.00000000,16.00000000,0.00200454,13.52265308,0.00410380,13.84623433,
20.00000000,17.00000000,0.00092604,6.24707498,0.00204848,6.91156983,
20.00000000,18.00000000,0.00028844,1.94554961,0.00061121,2.06282691,
20.00000000,19.00000000,0.00226072,15.25532398,0.00339389,11.44419202,
20.00000000,2.00000000,0.00171561,11.57353804,0.00372607,12.57176913,
20.00000000,20.00000000,0.00060918,4.10955128,0.00107787,3.63672719,
20.00000000,3.00000000,0.00402030,27.12900301,0.00780488,26.31804752,
20.00000000,4.00000000,0.00351354,23.71289916,0.00907224,30.58252014,
20.00000000,5.00000000,0.00231450,15.61596003,0.00464391,15.66390374,
20.00000000,6.00000000,0.00167174,11.27926126,0.00369700,12.46996461,
20.00000000,7.00000000,0.00387574,26.15739950,0.01000722,33.73434824,
20.00000000,8.00000000,0.00215754,14.55478146,0.00467157,15.76186316,
20.00000000,9.00000000,0.00221194,14.92396058,0.00413721,13.95480671,
2.00000000,1.00000000,0.06291947,424.51763598,0.29861723,1007.23592808,
2.00000000,10.00000000,0.06106645,412.01532517,0.17276185,582.72572320,
2.00000000,11.00000000,0.01125363,75.91700416,0.19378559,653.83259554,
2.00000000,12.00000000,0.05769311,389.37077599,0.45914418,1547.77504532,
2.00000000,13.00000000,0.03367380,227.26446427,0.50582786,1705.14570179,
2.00000000,14.00000000,0.01883955,127.07275997,0.44879631,1514.68753355,
2.00000000,15.00000000,0.02285593,154.16324592,0.97060204,3275.78188867,
2.00000000,16.00000000,0.04978586,335.85544266,0.23401178,789.55573901,
2.00000000,17.00000000,0.01180738,79.65259050,0.16190217,546.25791723,
2.00000000,18.00000000,0.00977401,65.92572775,0.32678999,1102.91622261,
2.00000000,19.00000000,0.02167902,146.29004529,0.07112222,239.82413298,
2.00000000,2.00000000,0.02550241,172.03925517,0.11110608,374.87191746,
2.00000000,20.00000000,0.01387009,93.56763996,0.18272712,616.52131388,
2.00000000,3.00000000,0.05860192,395.44574363,0.16956403,571.76990923,
2.00000000,4.00000000,0.04483037,302.56020063,0.21824043,735.68849417,
2.00000000,5.00000000,0.04615641,311.41729671,0.83964499,2832.12253866,
2.00000000,6.00000000,0.04076462,275.03888843,0.79480687,2680.88355565,
2.00000000,7.00000000,0.04095377,276.39700583,0.56504813,1904.77724132,
2.00000000,8.00000000,0.01513416,102.09501639,0.34214887,1154.41027554,
2.00000000,9.00000000,0.03003300,202.63265246,0.15152858,511.10589016,
50.00000000,1.00000000,0.00167842,11.32428147,0.00290991,9.81512948,
50.00000000,10.00000000,0.00151069,10.19265815,0.00328502,11.08037807,
50.00000000,11.00000000,0.00066531,4.48816801,0.00136344,4.60025439,
50.00000000,12.00000000,0.00134745,9.09395382,0.00270166,9.10728676,
50.00000000,13.00000000,0.00030409,2.05233699,0.00059313,1.99942963,
50.00000000,14.00000000,0.00112381,7.58010980,0.00200835,6.77817421,
50.00000000,15.00000000,0.00057131,3.85348429,0.00130685,4.41063295,
50.00000000,16.00000000,0.00083776,5.65150878,0.00162964,5.49842087,
50.00000000,17.00000000,0.00061676,4.16069046,0.00122619,4.13716432,
50.00000000,18.00000000,0.00020958,1.41362320,0.00042144,1.42234600,
50.00000000,19.00000000,0.00128327,8.65952769,0.00240314,8.10338343,
50.00000000,2.00000000,0.00111608,7.52905753,0.00230209,7.76723673,
50.00000000,20.00000000,0.00040948,2.76237969,0.00078679,2.65463159,
50.00000000,3.00000000,0.00154228,10.40729707,0.00306064,10.32047399,
50.00000000,4.00000000,0.00159723,10.77968107,0.00344899,11.62653814,
50.00000000,5.00000000,0.00085306,5.75557749,0.00170600,5.75435095,
50.00000000,6.00000000,0.00064610,4.35926701,0.00125656,4.23837113,
50.00000000,7.00000000,0.00166282,11.22238789,0.00383112,12.91471874,
50.00000000,8.00000000,0.00120631,8.13776956,0.00241023,8.13213199,
50.00000000,9.00000000,0.00093006,6.27512148,0.00180354,6.08333656,
5.00000000,1.00000000,0.03116036,210.23895009,0.07667066,258.61013691,
5.00000000,10.00000000,0.02822210,190.41448877,0.03926209,132.43101314,
5.00000000,11.00000000,0.00347450,23.43900338,0.02458913,82.96371941,
5.00000000,12.00000000,0.02505654,169.10662017,0.05343298,180.12256994,
5.00000000,13.00000000,0.01066152,71.95458244,0.12017679,405.11597264,
5.00000000,14.00000000,0.00758397,51.15386374,0.06306935,212.85904075,
5.00000000,15.00000000,0.00917946,61.91545447,0.46780660,1578.84728718,
5.00000000,16.00000000,0.01639932,110.62982958,0.07880731,265.89586398,
5.00000000,17.00000000,0.00345151,23.28387446,0.01958288,66.07262096,
5.00000000,18.00000000,0.00223117,15.04926280,0.01698165,57.31306970,
5.00000000,19.00000000,0.00803709,54.23429574,0.01297576,43.75427784,
5.00000000,2.00000000,0.00933084,62.94582853,0.01607449,54.23534370,
5.00000000,20.00000000,0.00341583,23.04318112,0.01602195,54.05806088,
5.00000000,3.00000000,0.02838377,191.53368443,0.06675285,225.09060197,
5.00000000,4.00000000,0.01932413,130.41852096,0.07410893,249.82118942,
5.00000000,5.00000000,0.02070434,139.69218407,0.10659427,359.54247870,
5.00000000,6.00000000,0.01625600,109.67923144,0.20550638,693.17303172,
5.00000000,7.00000000,0.02175628,146.83311093,0.14310970,482.42280001,
5.00000000,8.00000000,0.00659155,44.46660682,0.06598851,222.64522418,
5.00000000,9.00000000,0.01219982,82.31218796,0.04149988,139.97908465,