alpha,seed,time,niter,nfail,train_lossf,test_lossf,train_lossf[0],test_lossf[0],errorf[0][0],errorf[0][1],errorf1[0][0],errorf1[0][1],errorf2[0][0],errorf2[0][1],train_Srel[0],test_Srel[0],
0.00000000,1.00000000,397.65828061,837.00000000,1.00000000,2216.33554455,8236.56521252,2216.33554455,8236.56521252,565.14396304,1651.19158151,15.47116652,1.09319987,126.03249346,8093.96835267,0.00000000,0.00000000,
0.00000000,10.00000000,309.75137854,838.00000000,1.00000000,6740.34638835,2272.47401144,6740.34638835,2272.47401144,162.91095584,6577.43543251,38.37798936,6.99860430,571.75928409,1655.33813369,-131072.00000000,0.00000000,
0.00000000,11.00000000,222.85577226,838.00000000,1.00000000,56242.27468885,2254.77818935,56242.27468885,2254.77818935,69.42447306,56172.85021579,541.61906387,1630.29489424,56.17070098,26.69353025,0.00000000,-8192.00000000,
inf,1.00000000,0.00000000,0.00000000,0.00000000,3555.24410115,4407.47248718,3555.24410115,4407.47248718,127.80171260,3427.44238854,19.22292286,899.01769445,128.73264088,3360.49922899,0.00000000,0.00000000,
0.01000000,1.00000000,178.80824113,9281.00000000,0.00000000,48.11149630,7468.68123749,48.11149630,7468.68123749,47.07990450,0.96980989,53.95481386,4190.29917494,70.42964915,3153.91636396,-6.17819174,-8.12355784,alpha,seed,time,niter,nfail,train_lossf,test_lossf,train_lossf[0],test_lossf[0],errorf[0][0],errorf[0][1],errorf1[0][0],errorf1[0][1],errorf2[0][0],errorf2[0][1],train_Srel[0],test_Srel[0],
inf,10.00000000,0.00000000,0.00000000,0.00000000,4320.26533795,4287.97538503,4320.26533795,4287.97538503,125.53348968,4194.73184827,21.75484259,196.55120304,125.67169839,3943.99764102,0.00000000,0.00000000,
0.01000000,10.00000000,196.61953998,9411.00000000,0.00000000,45.78443253,85349.58994623,45.78443253,85349.58994623,45.32570570,0.39683032,66.10942426,84846.39075312,196.14272151,240.86740483,-6.18965046,-7.96425073,alpha,seed,time,niter,nfail,train_lossf,test_lossf,train_lossf[0],test_lossf[0],errorf[0][0],errorf[0][1],errorf1[0][0],errorf1[0][1],errorf2[0][0],errorf2[0][1],train_Srel[0],test_Srel[0],
inf,11.00000000,0.00000000,0.00000000,0.00000000,2880.91160659,4424.53078766,2880.91160659,4424.53078766,44.52794110,2836.38366549,102.62826786,1483.06850889,45.06733820,2793.76667271,0.00000000,-0.00000000,
0.01000000,11.00000000,71.84760642,4567.00000000,0.00000000,22.70879220,20509.05821765,22.70879220,20509.05821765,22.60809586,0.04691842,206.31119631,6498.82007506,232.79950272,13571.04620502,-5.37779325,-8.12385426,alpha,seed,time,niter,nfail,train_lossf,test_lossf,train_lossf[0],test_lossf[0],errorf[0][0],errorf[0][1],errorf1[0][0],errorf1[0][1],errorf2[0][0],errorf2[0][1],train_Srel[0],test_Srel[0],
inf,12.00000000,0.00000000,0.00000000,0.00000000,3367.34853955,4389.07198687,3367.34853955,4389.07198687,134.92663386,3232.42190569,12.08763987,1105.95149048,135.88798206,3135.14487446,-0.00000000,-0.00000000,
0.01000000,12.00000000,315.41817021,13690.00000000,1.00000000,53.67968367,615.29335870,53.67968367,615.29335870,52.14658953,1.47357658,22.00794480,50.91647221,164.78539057,377.50232148,-5.95175679,-8.12296472,alpha,seed,time,niter,nfail,train_lossf,test_lossf,train_lossf[0],test_lossf[0],errorf[0][0],errorf[0][1],errorf1[0][0],errorf1[0][1],errorf2[0][0],errorf2[0][1],train_Srel[0],test_Srel[0],
inf,13.00000000,0.00000000,0.00000000,0.00000000,785.76736859,4435.24854697,785.76736859,4435.24854697,130.42790491,655.33946369,16.62053727,3661.39332670,131.30358016,625.93110284,-0.00000000,-0.00000000,
0.01000000,13.00000000,62.52420592,2395.00000000,0.00000000,45.28613171,18288.53393580,45.28613171,18288.53393580,45.21307305,0.01337573,119.05460778,1282.65943319,218.25667318,16668.48199200,-5.96829304,-8.12296472,alpha,seed,time,niter,nfail,train_lossf,test_lossf,train_lossf[0],test_lossf[0],errorf[0][0],errorf[0][1],errorf1[0][0],errorf1[0][1],errorf2[0][0],errorf2[0][1],train_Srel[0],test_Srel[0],
inf,14.00000000,0.00000000,0.00000000,0.00000000,3931.05171314,4560.05036596,3931.05171314,4560.05036596,51.85208548,3879.19962766,95.55980351,374.13322088,51.61954891,4038.73779266,-0.00000000,-0.00000000,
0.01000000,14.00000000,144.61564326,6373.00000000,0.00000000,24.84762876,3498.29666338,24.84762876,3498.29666338,24.71068708,0.08337892,141.73056534,1.50490841,159.18622791,3195.79372021,-5.35627624,-8.12415060,alpha,seed,time,niter,nfail,train_lossf,test_lossf,train_lossf[0],test_lossf[0],errorf[0][0],errorf[0][1],errorf1[0][0],errorf1[0][1],errorf2[0][0],errorf2[0][1],train_Srel[0],test_Srel[0],
inf,15.00000000,0.00000000,0.00000000,0.00000000,2543.45680842,4656.38189458,2543.45680842,4656.38189458,127.66898098,2415.78782745,19.55607252,1791.68911280,128.00192797,2717.13478129,-0.00000000,-0.00000000,
0.01000000,15.00000000,123.58612490,4262.00000000,0.00000000,50.78318872,272.10444494,50.78318872,272.10444494,50.57134317,0.15661257,31.65939024,144.98965185,85.57737763,9.79678370,-5.52329782,-8.12415060,alpha,seed,time,niter,nfail,train_lossf,test_lossf,train_lossf[0],test_lossf[0],errorf[0][0],errorf[0][1],errorf1[0][0],errorf1[0][1],errorf2[0][0],errorf2[0][1],train_Srel[0],test_Srel[0],
inf,16.00000000,0.00000000,0.00000000,0.00000000,2859.43922693,4433.42762669,2859.43922693,4433.42762669,126.61902106,2732.82020588,20.97023435,1584.15464108,125.87061183,2702.43213943,0.00000000,-0.00000000,
0.01000000,16.00000000,62.20596433,3390.00000000,0.00000000,46.58442588,1474.85080265,46.58442588,1474.85080265,46.45143632,0.07213872,37.15709597,862.36080111,163.41545716,411.83620986,-6.08508403,-8.12385426,alpha,seed,time,niter,nfail,train_lossf,test_lossf,train_lossf[0],test_lossf[0],errorf[0][0],errorf[0][1],errorf1[0][0],errorf1[0][1],errorf2[0][0],errorf2[0][1],train_Srel[0],test_Srel[0],
inf,17.00000000,0.00000000,0.00000000,0.00000000,2841.03430667,4436.69985295,2841.03430667,4436.69985295,44.80474448,2796.22956219,102.61118658,1515.05744693,44.55493793,2774.47628150,0.00000000,-0.00000000,
0.01000000,17.00000000,77.45695400,3088.00000000,0.00000000,23.21235228,230055.23148931,23.21235228,230055.23148931,23.11328992,0.04404174,214.42777273,444.30079553,222.11602527,229174.30565724,-5.50206176,-8.12385426,alpha,seed,time,niter,nfail,train_lossf,test_lossf,train_lossf[0],test_lossf[0],errorf[0][0],errorf[0][1],errorf1[0][0],errorf1[0][1],errorf2[0][0],errorf2[0][1],train_Srel[0],test_Srel[0],
inf,18.00000000,0.00000000,0.00000000,0.00000000,1096.43944732,4761.57828950,1096.43944732,4761.57828950,51.86360190,1044.57584542,95.46284116,3124.86589167,51.88387196,1489.36568471,-0.00000000,-0.00000000,
0.01000000,18.00000000,48.52565646,2138.00000000,0.00000000,25.24395565,75715.28450838,25.24395565,75715.28450838,25.09352217,0.09800740,65.26711110,492.28292018,78.18965280,75079.46358280,-5.24260751,-8.12415060,alpha,seed,time,niter,nfail,train_lossf,test_lossf,train_lossf[0],test_lossf[0],errorf[0][0],errorf[0][1],errorf1[0][0],errorf1[0][1],errorf2[0][0],errorf2[0][1],train_Srel[0],test_Srel[0],
inf,19.00000000,0.00000000,0.00000000,0.00000000,4304.20745528,4425.43750222,4304.20745528,4425.43750222,41.04300032,4263.16445496,106.39430301,57.93273517,40.73970411,4220.37075993,-0.00000000,-0.00000000,
0.01000000,19.00000000,124.74875450,7211.00000000,0.00000000,22.80436314,28546.13251925,22.80436314,28546.13251925,22.06319267,0.68507492,192.55484140,4010.67447904,180.54227616,24162.27969005,-5.60955462,-8.12326132,
0.00000000,12.00000000,307.84894896,838.00000000,1.00000000,2234.19568759,103674.41939917,2234.19568759,103674.41939917,578.85755390,1655.33813369,18.93221096,1.65029080,336.05800875,103317.77888866,0.00000000,8192.00000000,alpha,seed,time,niter,nfail,train_lossf,test_lossf,train_lossf[0],test_lossf[0],errorf[0][0],errorf[0][1],errorf1[0][0],errorf1[0][1],errorf2[0][0],errorf2[0][1],train_Srel[0],test_Srel[0],
inf,2.00000000,0.00000000,0.00000000,0.00000000,3988.27268489,4261.65423716,3988.27268489,4261.65423716,44.75744953,3943.51523536,102.26668544,457.20505763,45.70400005,3656.47849405,0.00000000,-0.00000000,
0.01000000,2.00000000,193.53193045,10982.00000000,0.00000000,23.78806945,794.04114970,23.78806945,794.04114970,23.58312773,0.14966117,93.04556825,68.44536681,81.54302488,550.92595121,-5.52805504,-8.12385426,alpha,seed,time,niter,nfail,train_lossf,test_lossf,train_lossf[0],test_lossf[0],errorf[0][0],errorf[0][1],errorf1[0][0],errorf1[0][1],errorf2[0][0],errorf2[0][1],train_Srel[0],test_Srel[0],
inf,20.00000000,0.00000000,0.00000000,0.00000000,2528.71917894,4539.41131615,2528.71917894,4539.41131615,47.74678645,2480.97239248,99.57350858,1780.81214522,47.79606865,2611.22959370,0.00000000,-0.00000000,
0.01000000,20.00000000,81.38398480,2702.00000000,0.00000000,26.96460781,62815.27340035,26.96460781,62815.27340035,23.59602476,3.31208880,207.06105065,14.78474552,81.32577005,62512.02059559,-5.64942548,-8.12385426,
0.00000000,13.00000000,321.35018444,838.00000000,1.00000000,104.48014921,6785.72298201,104.48014921,6785.72298201,104.48014921,0.00000000,29.05067542,6001.57592355,172.23826978,582.85811326,256.00000000,0.00000000,alpha,seed,time,niter,nfail,train_lossf,test_lossf,train_lossf[0],test_lossf[0],errorf[0][0],errorf[0][1],errorf1[0][0],errorf1[0][1],errorf2[0][0],errorf2[0][1],train_Srel[0],test_Srel[0],
inf,3.00000000,0.00000000,0.00000000,0.00000000,4016.04159882,4153.57980537,4016.04159882,4153.57980537,130.40500557,3885.63659324,17.02858885,578.10422941,130.11081933,3428.33616778,-0.00000000,-0.00000000,
0.01000000,3.00000000,180.51952314,10437.00000000,0.00000000,49.58981378,18288.53393877,49.58981378,18288.53393877,49.21131088,0.31742725,41.27502933,10243.22045358,296.03625164,7707.92097161,-6.10756494,-8.12326132,
0.00000000,14.00000000,386.02842236,839.00000000,1.00000000,174.50214955,995.93045658,174.50214955,995.93045658,133.38262090,41.11952865,142.38752312,0.00000000,78.94151278,774.60142067,-281474976710656.00000000,-281474976710656.00000000,alpha,seed,time,niter,nfail,train_lossf,test_lossf,train_lossf[0],test_lossf[0],errorf[0][0],errorf[0][1],errorf1[0][0],errorf1[0][1],errorf2[0][0],errorf2[0][1],train_Srel[0],test_Srel[0],
inf,4.00000000,0.00000000,0.00000000,0.00000000,4155.76007735,4495.38546817,4155.76007735,4495.38546817,118.92935567,4036.83072167,28.42009064,246.26072573,118.88599298,4101.81865882,-0.00000000,-0.00000000,
0.01000000,4.00000000,174.60631037,7816.00000000,0.00000000,46.15605637,615.29335870,46.15605637,615.29335870,45.61858702,0.47833711,37.67177454,35.79185317,149.12156082,392.62694053,-5.91322382,-8.12296472,
0.00000000,15.00000000,297.15711188,837.00000000,1.00000000,665400.53608646,682110.16155740,665400.53608646,682110.16155740,103.40945663,665297.12662983,27.56731454,21278.13567653,128.74284371,660675.71572262,0.00000000,281474976710656.00000000,alpha,seed,time,niter,nfail,train_lossf,test_lossf,train_lossf[0],test_lossf[0],errorf[0][0],errorf[0][1],errorf1[0][0],errorf1[0][1],errorf2[0][0],errorf2[0][1],train_Srel[0],test_Srel[0],
inf,5.00000000,0.00000000,0.00000000,0.00000000,1964.48153143,4599.99856374,1964.48153143,4599.99856374,137.59961412,1826.88191731,9.74395845,2405.05273280,137.57493680,2047.62693568,0.00000000,0.00000000,
0.01000000,5.00000000,132.66447735,6052.00000000,0.00000000,49.96065714,303912.90561309,49.96065714,303912.90561309,49.73338567,0.16680529,11.86724864,267562.08127737,72.35488515,36266.52096635,-6.04661808,-8.12355784,
0.00000000,16.00000000,243.42659116,837.00000000,1.00000000,1492.14164135,7284.59612471,1492.14164135,7284.59612471,147.84333541,1344.29830594,53.44560979,5240.13573087,326.56292276,1664.45186129,18446744073709551616.00000000,-9223372036854775808.00000000,alpha,seed,time,niter,nfail,train_lossf,test_lossf,train_lossf[0],test_lossf[0],errorf[0][0],errorf[0][1],errorf1[0][0],errorf1[0][1],errorf2[0][0],errorf2[0][1],train_Srel[0],test_Srel[0],
inf,6.00000000,0.00000000,0.00000000,0.00000000,2741.61259549,4611.56376233,2741.61259549,4611.56376233,122.49304326,2619.11955223,24.06798278,1630.41340001,124.83497986,2832.24739968,0.00000000,0.00000000,
0.01000000,6.00000000,65.71530080,4873.00000000,0.00000000,43.10711271,272.10443901,43.10711271,272.10443901,42.91675219,0.13195397,26.85408807,84.52045180,90.38267981,70.26598375,-5.84065481,-8.12355784,
0.00000000,17.00000000,239.33209395,837.00000000,1.00000000,6794.72550593,8236.56521252,6794.72550593,8236.56521252,77.55620675,6717.16929918,66.25722252,8093.95329735,75.24643746,1.10825519,-72057594037927936.00000000,0.00000000,alpha,seed,time,niter,nfail,train_lossf,test_lossf,train_lossf[0],test_lossf[0],errorf[0][0],errorf[0][1],errorf1[0][0],errorf1[0][1],errorf2[0][0],errorf2[0][1],train_Srel[0],test_Srel[0],
inf,7.00000000,0.00000000,0.00000000,0.00000000,4398.01559395,4432.24960215,4398.01559395,4432.24960215,132.79523178,4265.22036217,15.47899321,54.67532104,129.98302072,4232.11226717,-0.00000000,-0.00000000,
0.01000000,7.00000000,150.06064343,8216.00000000,0.00000000,54.04930792,1640.00024453,54.04930792,1640.00024453,52.95794637,1.03288707,29.67203070,271.79508744,97.39805763,1241.05383911,-5.84744809,-8.12296472,
0.00000000,18.00000000,209.61831641,838.00000000,1.00000000,646521.84862177,10786.67897236,646521.84862177,10786.67897236,89.14640352,646432.70221825,86.40138912,6706.45685900,95.29223172,3898.52849251,562949953421312.00000000,-281474976710656.00000000,alpha,seed,time,niter,nfail,train_lossf,test_lossf,train_lossf[0],test_lossf[0],errorf[0][0],errorf[0][1],errorf1[0][0],errorf1[0][1],errorf2[0][0],errorf2[0][1],train_Srel[0],test_Srel[0],
inf,8.00000000,0.00000000,0.00000000,0.00000000,4201.28351435,4379.50635094,4201.28351435,4379.50635094,50.61895641,4150.66455794,96.65885880,191.16529930,50.80962255,4040.87257029,0.00000000,-0.00000000,
0.01000000,8.00000000,117.16937637,6274.00000000,0.00000000,28.90723131,389810.07370658,28.90723131,389810.07370658,28.70611856,0.14655808,139.27161703,389025.25623116,64.06400947,581.40061038,-5.45546659,-8.12385426,
0.00000000,19.00000000,157.88917518,837.00000000,1.00000000,1485.05205167,6785.72298201,1485.05205167,6785.72298201,63.54835352,1421.50369815,121.03797565,2790.17054977,80.25096955,3794.26348704,0.00000000,0.00000000,alpha,seed,time,niter,nfail,train_lossf,test_lossf,train_lossf[0],test_lossf[0],errorf[0][0],errorf[0][1],errorf1[0][0],errorf1[0][1],errorf2[0][0],errorf2[0][1],train_Srel[0],test_Srel[0],
inf,9.00000000,0.00000000,0.00000000,0.00000000,2867.53781307,4606.85233648,2867.53781307,4606.85233648,126.59552817,2740.94228490,20.43775670,1489.20872718,127.50231433,2969.70353827,0.00000000,0.00000000,
0.01000000,9.00000000,77.49099731,3216.00000000,0.00000000,47.58536126,20140.46615826,47.58536126,20140.46615826,47.36650636,0.16074008,21.30021260,9611.01853663,214.31633707,10293.74983637,-5.81148189,-8.12355784,
0.00000000,2.00000000,232.25037456,837.00000000,1.00000000,649259.78636388,2254.77818935,649259.78636388,2254.77818935,83.56060899,649176.22575488,44.89896288,0.00000000,552.89080198,1656.98842449,-8796093022208.00000000,0.00000000,
0.00000000,20.00000000,181.54616141,837.00000000,1.00000000,8157.78398088,648538.82707981,8157.78398088,648538.82707981,62.73748366,8095.04649722,78.76617632,0.01505532,89.17861118,648370.86723698,0.00000000,562949953421312.00000000,
0.00000000,3.00000000,212.03739023,837.00000000,1.00000000,682648.45259634,272416.92332671,682648.45259634,272416.92332671,95.86034590,682552.59225044,29.01068773,26275.90382641,137.93225796,245974.07655461,0.00000000,0.00000000,
0.00000000,4.00000000,287.89871311,838.00000000,1.00000000,114705.36496268,169953.37416720,114705.36496268,169953.37416720,266.15356829,114439.21139439,107.80793947,90386.46572770,236.66503566,79222.43546437,0.00000000,4503599627370496.00000000,
0.00000000,5.00000000,356.85264683,837.00000000,1.00000000,123.21129156,6785.72298201,123.21129156,6785.72298201,92.37120913,30.84008243,43.40180005,2442.85423623,157.88714514,4141.57980059,0.00000000,0.00000000,
0.00000000,6.00000000,396.13177109,838.00000000,1.00000000,1958.15083262,586.03436424,1958.15083262,586.03436424,567.48721691,1390.66361572,30.30254795,266.32480878,248.28747886,41.11952865,0.00000000,-64.00000000,
0.00000000,7.00000000,242.57054329,837.00000000,1.00000000,23256.27806514,6785.72298201,23256.27806514,6785.72298201,205.99902504,23050.27904010,24.30635348,685.11682897,176.98259171,5899.31720785,-131072.00000000,0.00000000,
0.00000000,8.00000000,256.09374976,837.00000000,1.00000000,160776.35839528,88739.14369777,160776.35839528,88739.14369777,71.73241942,160704.62597586,145.87751161,110.32625722,134.79142175,88348.14850720,288230376151711744.00000000,0.00000000,
0.00000000,9.00000000,307.39338899,838.00000000,1.00000000,682932.01397576,205199.63862985,682932.01397576,205199.63862985,98.84094888,682833.17302689,27.02601925,1703.69128786,346.93548851,203121.98583423,-524288.00000000,0.00000000,
0.10000000,1.00000000,66.63499331,1643.00000000,0.00000000,48.56050314,7469.41235768,48.56050314,7469.41235768,47.18124735,0.76309662,53.95481386,4190.29917493,70.42964915,3153.91636395,-6.16159176,-8.12355784,
0.10000000,10.00000000,69.64816308,2674.00000000,0.00000000,46.30334836,792.52129902,46.30334836,792.52129902,45.40476795,0.28116402,109.44948062,235.04714353,94.57619712,352.66081577,-6.17416394,-7.87661978,
0.10000000,11.00000000,23.17926717,1367.00000000,0.00000000,23.17229506,20509.66776495,23.17229506,20509.66776495,22.61963337,0.02658955,206.31083230,6498.78097617,232.79869814,13570.96487682,-5.26072147,-8.12381527,
0.10000000,12.00000000,118.12702870,4119.00000000,0.00000000,53.47815480,616.02442553,53.47815480,616.02442553,52.48813128,0.39736939,22.00794480,50.91647221,164.78539057,377.50232148,-5.92654127,-8.12296472,
0.10000000,13.00000000,23.69326496,825.00000000,0.00000000,45.81079873,18289.26500260,45.81079873,18289.26500260,45.21641658,0.00154216,119.05460778,1282.65943319,218.25667318,16668.48199198,-5.92839987,-8.12296472,
0.10000000,14.00000000,51.65336466,1878.00000000,0.00000000,25.29522417,3499.02740570,25.29522417,3499.02740570,24.72892356,0.03772997,141.73055773,1.50490727,159.18621093,3195.79331481,-5.28570638,-8.12414961,
0.10000000,15.00000000,27.91377878,1340.00000000,0.00000000,51.23432637,272.83561849,51.23432637,272.83561849,50.61150481,0.07145997,31.65939024,144.98965185,85.57737763,9.79678370,-5.51361590,-8.12415060,
0.10000000,16.00000000,37.29065561,1243.00000000,0.00000000,47.10431051,1473.74969707,47.10431051,1473.74969707,46.44063619,0.06096787,37.12020003,861.32671174,163.24767395,411.24329430,-6.02706453,-8.11817043,
0.10000000,17.00000000,18.13304567,1248.00000000,0.00000000,23.69569548,213130.76331583,23.69569548,213130.76331583,23.12723683,0.02557468,209.14882790,401.01074816,208.12481080,212311.68246521,-5.42883971,-7.96463767,
0.10000000,18.00000000,18.05685759,891.00000000,0.00000000,25.63266572,75716.01567850,25.63266572,75716.01567850,25.10461611,0.01150360,65.26711110,492.28292016,78.18965279,75079.46357938,-5.16546002,-8.12415060,
0.10000000,19.00000000,41.30953622,2533.00000000,0.00000000,22.83905964,28546.86361277,22.83905964,28546.86361277,22.22743951,0.05997310,192.55484140,4010.67447904,180.54227616,24162.27969004,-5.51647033,-8.12326132,
0.10000000,2.00000000,41.39433551,2274.00000000,0.00000000,24.27753892,794.77229617,24.27753892,794.77229617,23.61762333,0.11375315,93.04556825,68.44536675,81.54302486,550.92595089,-5.46162447,-8.12385426,
0.10000000,20.00000000,35.89624476,1506.00000000,0.00000000,24.22101909,59572.46506877,24.22101909,59572.46506877,23.65437451,0.00937764,204.35265756,12.80622926,77.35591667,59277.14972660,-5.57266941,-8.00538676,
0.10000000,3.00000000,51.90627599,2417.00000000,0.00000000,50.07879453,18289.26503229,50.07879453,18289.26503229,49.27434451,0.19687857,41.27502933,10243.22045358,296.03625164,7707.92097161,-6.07571451,-8.12326132,
0.10000000,4.00000000,28.63275361,1258.00000000,0.00000000,46.66714750,615.83135582,46.66714750,615.83135582,45.63437897,0.44299608,37.66823590,35.77131084,149.10017046,392.47948921,-5.89772449,-8.12149399,
0.10000000,5.00000000,37.60264635,1519.00000000,0.00000000,50.47521421,303913.63673330,50.47521421,303913.63673330,49.76237377,0.11101080,11.86724864,267562.08127737,72.35488515,36266.52096635,-6.01829649,-8.12355784,
0.10000000,6.00000000,45.88897014,1611.00000000,0.00000000,43.61707654,272.83555893,43.61707654,272.83555893,42.92261376,0.11401010,26.85408806,84.52045190,90.38267969,70.26598350,-5.80452693,-8.12355781,
0.10000000,7.00000000,76.67975950,2743.00000000,0.00000000,54.26612313,1640.73131135,54.26612313,1640.73131135,53.16221732,0.51998411,29.67203070,271.79508744,97.39805763,1241.05383911,-5.83921697,-8.12296472,
0.10000000,8.00000000,34.28675246,1733.00000000,0.00000000,29.39060879,389808.62402910,29.39060879,389808.62402910,28.71480158,0.13648488,139.27149402,389023.07806109,64.06376548,581.39832693,-5.39322337,-8.12381579,
0.10000000,9.00000000,19.23293352,847.00000000,0.00000000,48.06603580,20141.17612539,48.06603580,20141.17612539,47.40680961,0.08369779,21.30020723,9611.00848469,214.31615958,10293.73891886,-5.75528408,-8.12355012,
1000000.00000000,1.00000000,54.90586734,2480.00000000,0.00000000,3524.54472987,4380.34956978,3524.54472987,4380.34956978,127.80908940,3368.19438765,19.22318174,903.02612615,128.73933256,3300.19277636,-0.00002854,-0.00002917,
1000000.00000000,10.00000000,45.15519118,1389.00000000,0.00000000,4265.51037394,4245.05769880,4265.51037394,4245.05769880,125.55101133,4108.73741206,21.75419246,196.27515984,125.67363487,3873.52834723,-0.00003122,-0.00002783,
1000000.00000000,11.00000000,25.78644681,1502.00000000,0.00000000,2849.24774234,4400.87147358,2849.24774234,4400.87147358,44.51937426,2788.57893752,102.61912099,1486.48647515,45.05746766,2751.22545826,-0.00001615,-0.00001548,
1000000.00000000,12.00000000,58.49722886,2120.00000000,0.00000000,3333.92644277,4368.24948135,3333.92644277,4368.24948135,134.92684810,3170.33774370,12.09113731,1111.11667025,135.89160770,3085.11863645,-0.00002866,-0.00002403,
1000000.00000000,13.00000000,32.40902138,1249.00000000,0.00000000,780.37664963,4433.16280970,780.37664963,4433.16280970,130.41213298,644.92343384,16.62065276,3664.36799952,131.28687523,616.03745786,-0.00000504,-0.00000485,
1000000.00000000,14.00000000,45.72381449,2206.00000000,0.00000000,3880.84874006,4493.43963848,3880.84874006,4493.43963848,51.84741901,3779.39637302,95.59378391,374.76143364,51.61984785,3913.14952596,-0.00004960,-0.00005832,
1000000.00000000,15.00000000,65.15697885,2652.00000000,0.00000000,2499.30044078,4595.94580402,2499.30044078,4595.94580402,127.71479453,2323.60438752,19.55659085,1792.58755896,128.05793180,2596.51058696,-0.00004798,-0.00005923,
1000000.00000000,16.00000000,64.57837176,3091.00000000,0.00000000,2820.24813954,4397.88492443,2820.24813954,4397.88492443,126.59998345,2662.57941226,20.96358640,1589.23750587,125.86318395,2630.45042554,-0.00003107,-0.00003137,
1000000.00000000,17.00000000,42.45030475,2252.00000000,0.00000000,2804.57587138,4403.41450722,2804.57587138,4403.41450722,44.79243208,2737.78254023,102.60766084,1520.67047041,44.53990320,2712.99847407,-0.00002200,-0.00002260,
1000000.00000000,18.00000000,62.27671695,2696.00000000,0.00000000,1075.23173051,4717.23066716,1075.23173051,4717.23066716,51.86529761,1009.85218891,95.45636744,3129.55271665,51.88493021,1420.22259262,-0.00001351,-0.00002011,
1000000.00000000,19.00000000,35.71352625,2051.00000000,0.00000000,4250.02902147,4365.00935361,4250.02902147,4365.00935361,41.03902005,4153.13460915,106.43300735,57.88412697,40.74034767,4102.75879177,-0.00005586,-0.00005719,
1000000.00000000,2.00000000,34.30396891,2372.00000000,0.00000000,3930.33018634,4215.88982962,3930.33018634,4215.88982962,44.75979547,3817.03160048,102.31051771,458.41684017,45.70380687,3548.24988890,-0.00006854,-0.00006121,
1000000.00000000,20.00000000,35.21283913,2117.00000000,0.00000000,2482.74121817,4488.55419335,2482.74121817,4488.55419335,47.75343368,2397.49379550,99.62022881,1780.74878190,47.79982778,2521.63372104,-0.00003749,-0.00003875,
1000000.00000000,3.00000000,41.66866088,2798.00000000,0.00000000,3953.88282988,4112.23141226,3953.88282988,4112.23141226,130.44843870,3765.71363240,17.03042322,579.49085018,130.13858914,3335.88803717,-0.00005772,-0.00004968,
1000000.00000000,4.00000000,61.43996167,2110.00000000,0.00000000,4100.75964473,4442.52335975,4100.75964473,4442.52335975,118.95877124,3933.19673832,28.42383642,247.07737909,118.92091059,4000.88852082,-0.00004860,-0.00004721,
1000000.00000000,5.00000000,16.14530277,692.00000000,0.00000000,1955.70513826,4590.23231027,1955.70513826,4590.23231027,137.56697049,1809.49721838,9.74312015,2405.90822241,137.53865137,2027.66563510,-0.00000864,-0.00000938,
1000000.00000000,6.00000000,46.33262801,2102.00000000,0.00000000,2701.17796045,4542.96239417,2701.17796045,4542.96239417,122.53975736,2540.20928043,24.06696529,1630.45108797,124.88275050,2714.03937094,-0.00003843,-0.00004952,
1000000.00000000,7.00000000,51.21181846,1555.00000000,0.00000000,4338.30466460,4380.35895309,4338.30466460,4380.35895309,132.82444950,4154.67478367,15.47935357,54.83337337,129.99471725,4131.00279588,-0.00005081,-0.00004905,
1000000.00000000,8.00000000,36.71979761,1797.00000000,0.00000000,4146.89522406,4322.95180918,4146.89522406,4322.95180918,50.62383290,4043.20620038,96.68536895,190.80076404,50.81663509,3928.30469907,-0.00005307,-0.00005634,
1000000.00000000,9.00000000,68.97755623,1564.00000000,0.00000000,2832.22076561,4562.84758043,2832.22076561,4562.84758043,126.57069090,2667.21946593,20.44139231,1494.85046970,127.47162421,2875.60951258,-0.00003843,-0.00004447,
100000.00000000,1.00000000,69.40663767,2643.00000000,0.00000000,3297.04359505,4183.91614328,3297.04359505,4183.91614328,127.82767409,2947.42090261,19.22091645,933.84031520,128.74581752,2878.89038897,-0.00221795,-0.00223219,
100000.00000000,10.00000000,77.01117802,3429.00000000,0.00000000,3851.35204769,3913.67956311,3851.35204769,3913.67956311,125.71004383,3379.57073179,21.75824323,192.97030884,125.70108501,3263.27820747,-0.00346071,-0.00309972,
100000.00000000,11.00000000,61.11463618,2836.00000000,0.00000000,2570.84457921,4196.88413248,2570.84457921,4196.88413248,44.45731298,2318.01808225,102.58871292,1522.44178117,44.98942820,2333.34039442,-0.00208369,-0.00193524,
100000.00000000,12.00000000,70.87348008,2996.00000000,0.00000000,3092.48945464,4211.79222037,3092.48945464,4211.79222037,134.88840690,2728.55928448,12.11804453,1150.65447079,135.88184469,2714.73371104,-0.00229042,-0.00198404,
100000.00000000,13.00000000,45.23963237,1559.00000000,0.00000000,737.44363416,4414.99710887,737.44363416,4414.99710887,130.28821720,569.04793669,16.62158480,3686.89339350,131.15904940,543.33279735,-0.00038107,-0.00036990,
100000.00000000,14.00000000,63.22667241,2807.00000000,0.00000000,3533.57239023,4071.63589868,3533.57239023,4071.63589868,51.80014142,3155.20605524,95.77902373,378.35367428,51.59869317,3184.34105867,-0.00326566,-0.00361563,
100000.00000000,15.00000000,65.60506439,3302.00000000,0.00000000,2207.74921885,4229.40493406,2207.74921885,4229.40493406,127.93834208,1835.32550441,19.55816546,1797.16652036,128.31847535,2002.04117659,-0.00244485,-0.00282321,
100000.00000000,16.00000000,46.08344769,2737.00000000,0.00000000,2566.89174845,4178.13755836,2566.89174845,4178.13755836,126.40188007,2214.83156391,20.91198057,1629.83626287,125.74818835,2173.34798666,-0.00225658,-0.00228293,
100000.00000000,17.00000000,36.98365760,2203.00000000,0.00000000,2541.88226239,4176.41410520,2541.88226239,4176.41410520,44.69241657,2296.25776041,102.59295349,1567.92638957,44.41872881,2254.17338227,-0.00200932,-0.00207303,
100000.00000000,18.00000000,88.37857008,3684.00000000,0.00000000,927.58078847,4441.34873361,927.58078847,4441.34873361,51.88339274,751.78174948,95.43486694,3167.97446516,51.89597837,946.41773783,-0.00123916,-0.00179626,
100000.00000000,19.00000000,62.55488586,4023.00000000,0.00000000,3871.68114793,3966.99234836,3871.68114793,3966.99234836,41.01754431,3489.99736655,106.61575213,57.52700935,40.74504657,3422.19436750,-0.00340666,-0.00339910,
100000.00000000,2.00000000,43.38458514,2652.00000000,0.00000000,3546.74951152,3900.88987796,3546.74951152,3900.88987796,44.77272048,3167.13139370,102.50722625,468.62195650,45.70113350,2977.84357745,-0.00334845,-0.00306216,
100000.00000000,20.00000000,61.69790339,3974.00000000,0.00000000,2182.54982552,4153.53644316,2182.54982552,4153.53644316,47.79897714,1887.31830794,99.94057159,1778.50798018,47.82670117,1960.53680268,-0.00247433,-0.00266724,
100000.00000000,3.00000000,57.49228525,4141.00000000,0.00000000,3554.88485457,3824.52260546,3554.88485457,3824.52260546,130.67583691,3070.58975964,17.04452189,586.51182258,130.26440134,2784.92515999,-0.00353619,-0.00305777,
100000.00000000,4.00000000,75.58037734,3287.00000000,0.00000000,3723.60398166,4075.78165777,3723.60398166,4075.78165777,119.11231811,3280.32998682,28.43752324,250.53260456,119.10497638,3357.51925746,-0.00324162,-0.00320187,
100000.00000000,5.00000000,29.70600939,1318.00000000,0.00000000,1882.12647637,4509.12633247,1882.12647637,4509.12633247,137.27685938,1668.86522765,9.73704043,2413.31066824,137.21941054,1866.38133555,-0.00075984,-0.00082478,
100000.00000000,6.00000000,99.05680251,4034.00000000,0.00000000,2419.59146358,4114.05206250,2419.59146358,4114.05206250,122.81338633,2055.60206381,24.05658868,1630.68466368,125.15761454,2038.39673008,-0.00241176,-0.00295756,
100000.00000000,7.00000000,54.97877574,2439.00000000,0.00000000,3940.34690161,4017.99606490,3940.34690161,4017.99606490,132.94493663,3475.57042179,15.48964604,55.41512629,130.00037520,3490.58512105,-0.00331832,-0.00326506,
100000.00000000,8.00000000,73.91919613,3874.00000000,0.00000000,3768.39096582,3942.67172874,3768.39096582,3942.67172874,50.64722389,3368.59853564,96.79950282,187.36276485,50.84975322,3252.91540677,-0.00349145,-0.00354744,
100000.00000000,9.00000000,74.34702516,2377.00000000,0.00000000,2601.34129179,4302.41750945,2601.34129179,4302.41750945,126.34735891,2239.51146553,20.45875397,1533.79587404,127.21684700,2357.69245164,-0.00235482,-0.00263254,
10000.00000000,1.00000000,47.96801138,2523.00000000,0.00000000,2324.56422354,3344.97606950,2324.56422354,3344.97606950,127.08724496,1578.62878301,19.11011830,1047.95418257,127.86939824,1528.89653429,-0.06188482,-0.06211458,
10000.00000000,10.00000000,39.47010803,3112.00000000,0.00000000,2520.87188494,2691.79534359,2520.87188494,2691.79534359,125.06816988,1645.15022032,21.72303236,189.35566668,124.92195854,1638.60907017,-0.07506535,-0.07171856,
10000.00000000,11.00000000,50.39768004,2625.00000000,0.00000000,1722.16976278,3518.38458769,1722.16976278,3518.38458769,44.02165742,1201.89214710,101.73941643,1669.87584807,44.45104255,1225.13391050,-0.04762560,-0.04771844,
10000.00000000,12.00000000,65.43783116,3501.00000000,0.00000000,2143.54517164,3444.13630798,2143.54517164,3444.13630798,133.81471977,1436.41632342,12.20238459,1260.56678319,134.99265258,1482.41612686,-0.05733141,-0.05539584,
10000.00000000,13.00000000,38.67274451,1886.00000000,0.00000000,524.10586807,4357.76060297,524.10586807,4357.76060297,129.36573043,257.44302231,16.62893166,3832.57090612,130.27293148,245.13454445,-0.01372971,-0.01331533,
10000.00000000,14.00000000,68.21971369,3053.00000000,0.00000000,2314.56395092,2799.80428671,2314.56395092,2799.80428671,51.36790649,1567.27149744,95.81787625,395.75592081,51.23254335,1551.13932771,-0.06959245,-0.07058586,
10000.00000000,15.00000000,72.27131176,2917.00000000,0.00000000,1340.99655399,3264.14934456,1340.99655399,3264.14934456,128.24449431,767.76181959,19.55765814,1812.97345312,128.60751034,826.10695388,-0.04449902,-0.04769038,
10000.00000000,16.00000000,54.49245238,3481.00000000,0.00000000,1729.34896779,3517.39619040,1729.34896779,3517.39619040,124.42711680,1120.36451560,20.72121362,1796.84810573,124.01815378,1099.31558571,-0.04845573,-0.04764931,
10000.00000000,17.00000000,74.00004077,3829.00000000,0.00000000,1678.57123277,3538.25148381,1678.57123277,3538.25148381,44.12833702,1142.14689567,101.81966524,1783.26567803,43.82129915,1120.75694467,-0.04922960,-0.04885879,
10000.00000000,18.00000000,70.69269133,3101.00000000,0.00000000,525.46780606,4043.05635853,525.46780606,4043.05635853,51.98575872,271.98605997,94.82095095,3356.34686708,51.97977439,310.16772733,-0.02014960,-0.02297410,
10000.00000000,19.00000000,36.06509924,2741.00000000,0.00000000,2542.12610656,2675.57846782,2542.12610656,2675.57846782,40.87303923,1731.47228148,106.55428475,54.65064580,40.71120749,1727.02479419,-0.07697808,-0.07466375,
10000.00000000,2.00000000,58.61490774,3037.00000000,0.00000000,2317.78120878,2807.37846874,2317.78120878,2807.37846874,44.71580635,1591.48915803,102.44826308,484.94483426,45.63080065,1532.88743513,-0.06815762,-0.06414671,
10000.00000000,20.00000000,59.41315365,3121.00000000,0.00000000,1315.78479530,3201.57095768,1315.78479530,3201.57095768,47.96052896,829.88859490,100.89621356,1769.62133965,47.93683331,810.27992948,-0.04379357,-0.04728366,
10000.00000000,3.00000000,92.26022339,4652.00000000,0.00000000,2320.11018458,2778.97658005,2320.11018458,2778.97658005,130.39335689,1510.83624088,17.15837425,595.51362276,129.77900727,1403.19585855,-0.06788806,-0.06333297,
10000.00000000,4.00000000,79.10423732,3356.00000000,0.00000000,2471.63563317,2808.03048008,2471.63563317,2808.03048008,118.69807193,1638.55550543,28.48290661,256.29341290,118.74180106,1673.63657573,-0.07143821,-0.07308758,
10000.00000000,5.00000000,38.26978183,1655.00000000,0.00000000,1446.51899438,4040.80470177,1446.51899438,4040.80470177,135.36324791,989.72849187,9.70012563,2453.17591067,135.04676853,1096.22537523,-0.03214273,-0.03466565,
10000.00000000,6.00000000,78.29726720,3486.00000000,0.00000000,1500.55746024,3090.40520658,1500.55746024,3090.40520658,123.39874881,891.69252786,23.99072093,1630.99645942,125.64259693,820.30775451,-0.04854662,-0.04894677,
10000.00000000,7.00000000,70.30564499,3341.00000000,0.00000000,2620.18053869,2699.17067955,2620.18053869,2699.17067955,132.17907890,1734.04498485,15.53027706,57.12071146,128.81498207,1728.73569701,-0.07539565,-0.07689690,
10000.00000000,8.00000000,67.21575308,3482.00000000,0.00000000,2463.82175966,2677.90832533,2463.82175966,2677.90832533,50.62724180,1668.99581777,96.44014904,179.55410559,50.81781591,1620.95878427,-0.07441987,-0.07301375,
10000.00000000,9.00000000,81.94841599,3482.00000000,0.00000000,1788.07159650,3569.61654108,1788.07159650,3569.61654108,124.32297900,1176.09587866,20.37850489,1697.14742289,125.16249523,1224.85068075,-0.04876527,-0.05020774,
1000.00000000,1.00000000,56.56132817,2327.00000000,0.00000000,930.93764215,2137.95684834,930.93764215,2137.95684834,121.71381149,330.11172921,18.61069779,1208.24855679,121.68368193,305.36626222,-0.47911210,-0.48404765,
1000.00000000,10.00000000,106.00804043,4050.00000000,0.00000000,942.19099137,1182.84186899,942.19099137,1182.84186899,118.64420161,318.73905275,21.76004766,211.62173652,118.69632152,337.23940294,-0.50480774,-0.49352436,
1000.00000000,11.00000000,65.99422073,3815.00000000,0.00000000,644.37354250,2704.21400869,644.37354250,2704.21400869,42.57216150,243.53026712,98.67386369,1953.33060570,42.76903865,241.48446576,-0.35827111,-0.36795603,
1000.00000000,12.00000000,74.20777631,2628.00000000,0.00000000,861.22589959,2197.37591863,861.22589959,2197.37591863,127.44059172,299.39671082,12.25309008,1294.49079093,129.43329613,327.12414017,-0.43438860,-0.43407460,
1000.00000000,13.00000000,35.82496786,1516.00000000,0.00000000,241.62380749,4426.25470316,241.62380749,4426.25470316,125.06604779,31.41464139,16.65708487,4168.91926456,126.33720255,32.97897105,-0.08514312,-0.08136218,
1000.00000000,14.00000000,61.72367859,2954.00000000,0.00000000,845.97556102,1319.05583955,845.97556102,1319.05583955,49.59289424,321.16211293,94.15526803,380.47364224,49.72214537,320.10935846,-0.47522055,-0.47459543,
1000.00000000,15.00000000,79.43019009,3104.00000000,0.00000000,509.72674868,2361.79755657,509.72674868,2361.79755657,125.19770618,137.23082883,19.54345006,1808.18929844,124.99854527,150.18704967,-0.24729821,-0.25887921,
1000.00000000,16.00000000,89.95305562,3847.00000000,0.00000000,677.00502706,2825.79286461,677.00502706,2825.79286461,116.97794915,217.63703719,20.39241313,2128.17038964,117.23059373,223.09140584,-0.34239004,-0.33690806,
1000.00000000,17.00000000,50.62865472,2583.00000000,0.00000000,617.27090481,2862.48561464,617.27090481,2862.48561464,42.64536978,230.10563051,98.98452524,2152.21621231,42.42242856,223.55042911,-0.34451990,-0.34531202,
1000.00000000,18.00000000,49.86146259,2255.00000000,0.00000000,180.84191300,4029.72411595,180.84191300,4029.72411595,52.06630523,36.10092639,93.25084664,3743.17141368,52.05582225,45.05695233,-0.09267468,-0.09618908,
1000.00000000,19.00000000,66.99221826,4423.00000000,0.00000000,914.51564056,1076.51673886,914.51564056,1076.51673886,40.42012270,345.33723743,103.95711959,42.59718755,40.46536274,366.91636367,-0.52875828,-0.52258071,
1000.00000000,2.00000000,63.70585632,3321.00000000,0.00000000,859.61201573,1322.13246557,859.61201573,1322.13246557,44.06184578,332.61853397,99.90590732,370.56097856,45.08797574,346.66583116,-0.48293164,-0.45991177,
1000.00000000,20.00000000,67.72963405,4244.00000000,0.00000000,455.88980769,2304.07674781,455.88980769,2304.07674781,47.95552997,149.33716610,101.78095451,1751.09317866,47.86452535,141.78781543,-0.25859711,-0.26155027,
1000.00000000,3.00000000,58.30891562,3972.00000000,0.00000000,908.22456543,1340.89430281,908.22456543,1340.89430281,124.52240966,317.87368844,17.24524932,455.50220843,124.42707111,300.21294187,-0.46582847,-0.44350683,
1000.00000000,4.00000000,88.38429761,4061.00000000,0.00000000,947.53442608,1215.79116870,947.53442608,1215.79116870,113.48025593,331.68716325,28.19567927,234.51166222,112.82831660,322.54974074,-0.50236701,-0.51770577,
1000.00000000,5.00000000,37.35724139,1819.00000000,0.00000000,642.99189632,3205.36256477,642.99189632,3205.36256477,128.34672899,219.75288242,9.62072319,2519.70389530,127.30872947,232.72310109,-0.29489228,-0.31600612,
1000.00000000,6.00000000,89.96834803,4023.00000000,0.00000000,553.60456270,2196.20026462,553.60456270,2196.20026462,120.75223111,152.35175789,23.87629907,1633.61114936,122.52860276,149.22051376,-0.28050057,-0.26696370,
1000.00000000,7.00000000,91.86226153,3279.00000000,0.00000000,994.32714875,1102.17742315,994.32714875,1102.17742315,125.46998967,335.60673882,15.82957256,90.13364168,121.33333674,338.82306895,-0.53325042,-0.53605780,
1000.00000000,8.00000000,60.58344436,3159.00000000,0.00000000,891.58831802,1131.76334914,891.58831802,1131.76334914,50.02898911,335.04315699,93.65162555,163.18155553,50.08825072,323.45408690,-0.50651617,-0.50138783,
1000.00000000,9.00000000,62.15437126,2375.00000000,0.00000000,713.19735703,2802.53632447,713.19735703,2802.53632447,117.07083048,237.48663178,19.78461001,2044.53813867,118.67476583,257.95459933,-0.35863989,-0.36158421,
100.00000000,1.00000000,65.31692362,2904.00000000,0.00000000,263.44709599,1677.28326763,263.44709599,1677.28326763,99.18017329,25.35986755,17.93454511,1385.57565699,99.19462760,36.73354840,-1.38907055,-1.37844890,
100.00000000,10.00000000,60.69120431,2298.00000000,0.00000000,257.84765479,626.31441562,257.84765479,626.31441562,95.85921407,23.90260571,22.04181717,328.03599865,94.84430386,41.75258248,-1.38085835,-1.39639713,
100.00000000,11.00000000,32.05449653,2428.00000000,0.00000000,154.79625895,2403.68334306,154.79625895,2403.68334306,39.20486849,19.07302501,95.91706294,2150.69131484,39.14398435,19.08974450,-0.96518365,-0.98841236,
100.00000000,12.00000000,65.47024488,2839.00000000,0.00000000,252.63271295,1672.50876971,252.63271295,1672.50876971,103.40814473,22.16743891,12.20364985,1355.53903261,106.32240873,71.45565363,-1.27057129,-1.26988025,
100.00000000,13.00000000,35.38894677,1440.00000000,0.00000000,131.05140102,4789.32454019,131.05140102,4789.32454019,104.03754357,1.10937427,16.67617151,4634.46897294,106.00321118,7.60573559,-0.25904483,-0.24570449,
100.00000000,14.00000000,84.87043715,3123.00000000,0.00000000,198.04414990,632.63016844,198.04414990,632.63016844,44.82261118,25.40119981,91.89264432,334.03612512,45.67108653,36.59368841,-1.27820339,-1.24436624,
100.00000000,15.00000000,59.91544819,2376.00000000,0.00000000,181.35660123,1921.46241044,181.35660123,1921.46241044,104.81774618,8.95060170,19.40977408,1715.06231615,101.52153195,14.41664280,-0.67588253,-0.71052145,
100.00000000,16.00000000,38.90055728,2175.00000000,0.00000000,209.89094560,2746.08066460,209.89094560,2746.08066460,95.01264203,17.18201595,19.97146935,2502.14013336,96.97399618,30.69010142,-0.97696288,-0.96304964,
100.00000000,17.00000000,40.70303369,2045.00000000,0.00000000,150.71700122,2715.28424598,150.71700122,2715.28424598,39.85423918,19.22555331,95.72971512,2466.20291144,39.68584163,22.37801829,-0.91637209,-0.91287760,
100.00000000,18.00000000,49.54214168,2198.00000000,0.00000000,69.64111849,4154.45522465,69.64111849,4154.45522465,49.41798871,1.42495299,92.27012388,3988.68438500,49.36748761,5.08032375,-0.18798177,-0.19052904,
100.00000000,19.00000000,60.52291441,3802.00000000,0.00000000,202.83895896,414.45194552,202.83895896,414.45194552,38.36078821,27.02116042,101.25369330,24.93124878,38.84949834,112.19375643,-1.37457010,-1.37223749,
100.00000000,2.00000000,36.02373815,2144.00000000,0.00000000,197.66607035,565.17102738,197.66607035,565.17102738,41.03045709,25.67212876,96.50931484,256.90611417,42.00898414,40.73066996,-1.30963484,-1.29015944,
100.00000000,20.00000000,38.68978882,2488.00000000,0.00000000,118.19934694,1908.57662350,118.19934694,1908.57662350,45.33720278,10.05507192,102.59032014,1686.80337392,45.53665492,11.82670089,-0.62807072,-0.61819574,
100.00000000,3.00000000,45.74616528,3059.00000000,0.00000000,260.95279219,603.92737793,260.95279219,603.92737793,100.63257922,24.80925689,17.09302444,322.30645472,100.88293543,32.96883341,-1.35510956,-1.30676130,
100.00000000,4.00000000,66.66135502,2884.00000000,0.00000000,258.29081188,523.71178257,258.29081188,523.71178257,91.68030283,25.53781566,27.28783422,223.80235066,90.09928617,38.11378753,-1.41072693,-1.44408524,
100.00000000,5.00000000,36.82221437,1620.00000000,0.00000000,216.40464967,3177.01589255,216.40464967,3177.01589255,104.57101401,17.15842039,9.75226811,2943.73271557,104.91133700,21.63334739,-0.94675215,-0.96986224,
100.00000000,6.00000000,39.19022393,1745.00000000,0.00000000,184.26320158,1778.17835079,184.26320158,1778.17835079,99.61921387,10.14776633,23.69594473,1565.89242689,101.07618575,15.01721449,-0.74496221,-0.72496579,
100.00000000,7.00000000,86.55686617,2943.00000000,0.00000000,272.29756219,563.21362014,272.29756219,563.21362014,102.11746086,24.83363252,16.70552727,245.53101315,97.11023756,54.40300985,-1.45346469,-1.49463832,
100.00000000,8.00000000,42.21385407,2294.00000000,0.00000000,207.18583565,447.73868057,207.18583565,447.73868057,46.79535126,26.98970972,90.58073283,147.53787277,45.90319307,29.69511977,-1.33400775,-1.34021762,
100.00000000,9.00000000,45.91978741,1815.00000000,0.00000000,216.98636515,2794.55832269,216.98636515,2794.55832269,95.55216836,18.15654695,19.22883583,2545.49446139,97.72806575,28.66470617,-1.03277650,-1.03442254,
10.00000000,1.00000000,32.38564396,1487.00000000,0.00000000,93.85956963,1704.16288963,93.85956963,1704.16288963,58.69576937,1.05113515,17.86119968,1465.41648134,59.53098212,126.83967306,-3.41126651,-3.45145534,
10.00000000,10.00000000,27.04017377,1194.00000000,0.00000000,91.22611137,1148.07515399,91.22611137,1148.07515399,57.05510226,0.84821018,22.93870566,800.60739343,58.35717145,233.46333849,-3.33227989,-3.27085450,
10.00000000,11.00000000,21.20036149,1006.00000000,0.00000000,49.45438844,2688.68348964,49.45438844,2688.68348964,31.89179816,0.54137679,92.66793260,2544.47067958,30.89441407,2.11133321,-1.70212135,-1.85391302,
10.00000000,12.00000000,24.08181262,1265.00000000,0.00000000,96.75809504,2002.61861180,96.75809504,2002.61861180,64.20963185,0.73450156,11.84301194,1590.96597746,65.23370994,301.07832578,-3.18139616,-3.34975867,
10.00000000,13.00000000,10.07976961,414.00000000,0.00000000,80.34929452,5796.05855010,80.34929452,5796.05855010,60.83936639,0.01935488,17.12599487,5486.55360294,59.93989748,211.53437527,-1.94905732,-2.09046795,
10.00000000,14.00000000,28.06471348,1404.00000000,0.00000000,57.31574667,445.88071022,57.31574667,445.88071022,33.81457957,0.61886176,91.56121645,282.52256350,33.49496928,15.06862626,-2.28823053,-2.32333347,
10.00000000,15.00000000,25.75874782,997.00000000,0.00000000,87.45213701,1307.70233572,87.45213701,1307.70233572,62.86175771,0.28577700,18.90558754,1201.42103592,53.90077984,0.22158355,-2.43046023,-3.32533489,
10.00000000,16.00000000,19.39236021,1041.00000000,0.00000000,86.34896469,5032.67403778,86.34896469,5032.67403778,58.82772989,0.54238941,18.80020821,4742.92262945,59.59122958,182.81385455,-2.69788454,-2.85461160,
10.00000000,17.00000000,15.97753644,798.00000000,0.00000000,49.60390553,3417.72991967,49.60390553,3417.72991967,32.22404144,0.59730863,91.35131937,3231.94823704,30.58177997,45.54315126,-1.67825555,-1.83054320,
10.00000000,18.00000000,22.69340706,711.00000000,0.00000000,45.45530389,3817.45256261,45.45530389,3817.45256261,37.76684750,0.03103542,91.97080314,3545.25642313,36.54809134,134.91739735,-0.76574210,-0.87598476,
10.00000000,19.00000000,33.20904803,1874.00000000,0.00000000,54.63933677,361.94533501,54.63933677,361.94533501,31.14049511,0.70080235,106.10649489,12.40239853,33.19221862,188.99674413,-2.27980393,-2.12474788,
10.00000000,2.00000000,23.90736461,1459.00000000,0.00000000,55.78155346,471.81660529,55.78155346,471.81660529,32.71157187,0.77480403,96.80015207,234.85417178,34.36474823,83.11770860,-2.22951776,-2.26798246,
10.00000000,20.00000000,34.38259983,1386.00000000,0.00000000,48.56350558,1209.69277857,48.56350558,1209.69277857,35.33655609,0.24037693,102.31388588,1032.97577226,35.94979533,25.94162566,-1.29865726,-1.25116994,
10.00000000,3.00000000,26.07831168,1715.00000000,0.00000000,94.86828197,1956.99399981,94.86828197,1956.99399981,60.46416699,0.80003207,18.03343293,1170.41869793,59.65458203,675.13061742,-3.36040829,-3.37566695,
10.00000000,4.00000000,40.41228724,1664.00000000,0.00000000,89.45466208,2721.93125902,89.45466208,2721.93125902,55.98312660,0.96799885,26.60258731,293.53268236,53.74916377,2311.69762079,-3.25035366,-3.63492048,
10.00000000,5.00000000,15.82319093,938.00000000,0.00000000,91.88682979,5215.03332344,91.88682979,5215.03332344,62.49039604,0.43297006,11.33429857,4828.77031621,64.93410022,280.03921879,-2.89634637,-2.99553896,
10.00000000,6.00000000,32.19516706,1358.00000000,0.00000000,82.40537582,1757.07541992,82.40537582,1757.07541992,56.04388991,0.29878507,22.95413851,1334.68372087,55.75269266,315.93148062,-2.60627008,-2.77533873,
10.00000000,7.00000000,25.59737611,1389.00000000,0.00000000,98.56659560,4198.77543982,98.56659560,4198.77543982,63.18299983,1.04435018,19.50946424,1420.92896489,62.59890242,2657.81745720,-3.43392456,-3.79206511,
10.00000000,8.00000000,26.79718447,1283.00000000,0.00000000,61.26134948,701.77481480,61.26134948,701.77481480,37.18201080,0.81188249,88.46342104,509.25638137,33.25642651,44.36477067,-2.32674562,-2.64338152,
10.00000000,9.00000000,16.51010704,909.00000000,0.00000000,87.16377641,5191.90120548,87.16377641,5191.90120548,58.78534744,0.47411905,19.97371900,4937.55192240,57.69785647,148.07651655,-2.79043099,-2.86011911,
1.00000000,1.00000000,37.05981040,1209.00000000,0.00000000,53.92446562,5038.51946574,53.92446562,5038.51946574,47.39914624,0.68605306,45.13448976,2798.62328127,62.79516190,2124.43505033,-5.83926632,-7.53148247,
1.00000000,10.00000000,30.94220233,1333.00000000,0.00000000,51.73365852,8903.07090132,51.73365852,8903.07090132,45.55208311,0.30893216,65.48234143,8607.07614279,75.17768695,148.46220472,-5.87264325,-6.87252542,
1.00000000,11.00000000,10.57852364,619.00000000,0.00000000,27.53613748,10031.66080230,27.53613748,10031.66080230,23.04254062,0.02392150,164.82511300,3053.52800145,154.95317233,6651.25685104,-4.46967536,-7.09766449,
1.00000000,12.00000000,37.26818180,1630.00000000,0.00000000,58.70729130,589.43810250,58.70729130,589.43810250,52.65713890,0.35910190,21.36429815,45.91245247,158.28214684,355.91169674,-5.69105051,-7.96750830,
1.00000000,13.00000000,8.59027243,390.00000000,0.00000000,50.93870619,12430.92782663,50.93870619,12430.92782663,45.51634518,0.00134938,86.85515374,954.24821497,161.54433103,11220.60621352,-5.42101163,-7.67391337,
1.00000000,14.00000000,9.49885321,677.00000000,0.00000000,29.81014340,2835.09180750,29.81014340,2835.09180750,25.01052119,0.04213476,129.59957532,0.38475250,132.96678721,2564.41759798,-4.75748745,-7.72309449,
1.00000000,15.00000000,20.41337705,808.00000000,0.00000000,56.03041271,280.11204278,56.03041271,280.11204278,50.82391988,0.08669009,31.65577206,144.97484463,85.56695497,9.79161310,-5.11980274,-8.12285803,
1.00000000,16.00000000,11.36639929,734.00000000,0.00000000,52.35518446,5156.86086683,52.35518446,5156.86086683,46.67400678,0.07191504,22.90700821,3057.12104352,80.59557034,1989.34049725,-5.60926263,-6.89674752,
1.00000000,17.00000000,10.24709225,551.00000000,0.00000000,28.18548482,57340.41746552,28.18548482,57340.41746552,23.68749968,0.04132245,156.04498550,189.10829937,87.11222415,56901.31279641,-4.45666269,-6.83916008,
1.00000000,18.00000000,10.58001709,456.00000000,0.00000000,29.85151030,64373.34903935,29.85151030,64373.34903935,25.67139914,0.00937452,67.40910070,419.97007613,68.41028682,63809.82352506,-4.17073664,-7.73605065,
1.00000000,19.00000000,19.90843654,1018.00000000,0.00000000,27.54504261,11451.80856639,27.54504261,11451.80856639,22.55258659,0.07307403,153.82559489,1157.32519363,88.78540050,10045.21385978,-4.91938199,-6.65851759,
1.00000000,2.00000000,14.16051745,712.00000000,0.00000000,28.91051479,674.35923917,28.91051479,674.35923917,23.96100960,0.11700879,87.02169390,190.74934337,54.88547815,334.62301506,-4.83249640,-7.07970869,
1.00000000,20.00000000,13.00194120,580.00000000,0.00000000,28.76767596,11740.26525026,28.76767596,11740.26525026,24.21346148,0.01029782,128.54593926,6.15942967,36.61310937,11562.21225968,-4.54391666,-6.73451227,
1.00000000,3.00000000,22.01088405,1142.00000000,0.00000000,55.42750846,25896.60289499,55.42750846,25896.60289499,49.40725678,0.21209495,30.99321282,20815.59012158,186.21870272,4856.58231101,-5.80815674,-7.21854685,
1.00000000,4.00000000,23.04885840,1032.00000000,0.00000000,51.85286749,335.39195928,51.85286749,335.39195928,45.80097113,0.44972426,34.24932517,8.04179743,114.04427241,171.68906107,-5.60217210,-7.36750321,
1.00000000,5.00000000,8.01629758,744.00000000,0.00000000,55.73349597,302012.47448189,55.73349597,302012.47448189,49.97508763,0.11712860,11.82992567,265868.54315209,72.20865578,36051.79143994,-5.64127974,-8.10130841,
1.00000000,6.00000000,7.47516918,689.00000000,0.00000000,48.65117315,294.96869832,48.65117315,294.96869832,43.19052066,0.06776408,26.65978133,97.30455957,87.41807935,75.59593541,-5.39288841,-7.99034267,
1.00000000,7.00000000,29.31221700,1313.00000000,0.00000000,59.36683356,1504.55173423,59.36683356,1504.55173423,53.29210178,0.52662423,27.80455809,254.24337677,93.62926177,1120.92025491,-5.54810755,-7.95428269,
1.00000000,8.00000000,19.26279354,1015.00000000,0.00000000,33.90352779,297229.63008407,33.90352779,297229.63008407,29.10492969,0.13370911,130.50176467,295046.84912779,53.10881620,1991.57659186,-4.66488899,-7.59378355,
1.00000000,9.00000000,12.67081022,581.00000000,0.00000000,53.07549529,21078.10190689,53.07549529,21078.10190689,47.61959620,0.08580563,21.11824021,15094.32278482,60.21084802,5895.82298699,-5.37009346,-6.62704685,
20.00000000,1.00000000,58.87614226,1957.00000000,0.00000000,122.95280783,1707.44185542,122.95280783,1707.44185542,69.54137156,2.43323893,17.70754730,1546.65286054,70.99612971,22.60183366,-2.54890987,-2.47417421,
20.00000000,10.00000000,43.32821417,1798.00000000,0.00000000,119.65298937,830.28186182,119.65298937,830.28186182,67.54312633,2.29985420,22.79024506,555.89364194,66.32690761,133.78876346,-2.49050044,-2.57411519,
20.00000000,11.00000000,22.51912832,1302.00000000,0.00000000,64.73068486,2555.54287315,64.73068486,2555.54287315,34.75625791,1.71665786,94.15779279,2394.67736390,34.07774049,3.31578788,-1.41288845,-1.46570940,
20.00000000,12.00000000,25.40477562,1704.00000000,0.00000000,123.72329100,1865.51095711,123.72329100,1865.51095711,74.70323531,1.94288845,12.03907807,1566.05427001,75.89263771,162.88504995,-2.35385836,-2.43199607,
20.00000000,13.00000000,14.19284153,574.00000000,0.00000000,94.43000551,5451.30669251,94.43000551,5451.30669251,73.35806112,0.05496359,16.89980581,5276.68483742,74.47162959,62.41125613,-1.05084904,-1.04195818,
20.00000000,14.00000000,29.67336702,1855.00000000,0.00000000,77.89497069,484.70135762,77.89497069,484.70135762,37.86539127,2.07423525,91.70701721,298.94039473,38.91576563,19.16570575,-1.89776721,-1.79862372,
20.00000000,15.00000000,38.40199447,1411.00000000,0.00000000,106.87234358,1601.97689208,106.87234358,1601.97689208,74.18233868,0.74247391,18.97710107,1475.10451445,67.29812654,3.74107669,-1.59737655,-1.84280367,
20.00000000,16.00000000,21.38096261,1267.00000000,0.00000000,108.84927058,3776.75104604,108.84927058,3776.75104604,68.59763480,1.65719259,19.38455518,3584.02152038,70.29467837,64.51374357,-1.92972216,-1.92682743,
20.00000000,17.00000000,22.57104325,1222.00000000,0.00000000,64.55346102,3087.99164107,64.55346102,3087.99164107,35.32426499,1.83516791,93.34486723,2915.88154406,34.44291661,16.49082226,-1.36970141,-1.39157455,
20.00000000,18.00000000,21.35260201,1110.00000000,0.00000000,50.76694045,4021.08518467,50.76694045,4021.08518467,42.76779340,0.08830928,92.12195577,3871.63644363,42.36677937,6.66194516,-0.39554189,-0.41490304,
20.00000000,19.00000000,43.62852764,2561.00000000,0.00000000,75.51941024,301.19388076,75.51941024,301.19388076,34.10318671,2.37856638,103.34506322,14.29418153,35.63528857,110.30300606,-1.95188286,-1.88081707,
20.00000000,2.00000000,29.13782978,1728.00000000,0.00000000,75.97968522,465.57924401,75.97968522,465.57924401,36.05385394,2.37785491,96.51746700,247.01931432,37.18758345,46.71643713,-1.87739882,-1.90692211,
20.00000000,20.00000000,28.83574343,1569.00000000,0.00000000,59.45983873,1536.46133936,59.45983873,1536.46133936,39.48860866,0.76067790,103.24819545,1368.33609957,40.25722727,6.29675904,-0.96052761,-0.91615290,
20.00000000,3.00000000,31.22859883,1694.00000000,0.00000000,123.53401505,891.74266264,123.53401505,891.74266264,71.10090243,2.38946380,17.56145534,459.27483331,70.37750275,294.99520405,-2.50218244,-2.47668336,
20.00000000,4.00000000,42.66435385,1860.00000000,0.00000000,117.56813041,1137.59130418,117.56813041,1137.59130418,65.13677738,2.62244732,27.13335430,252.95710981,63.08847099,741.09544553,-2.49044529,-2.66584618,
20.00000000,5.00000000,23.50268531,1073.00000000,0.00000000,115.61995837,4067.04527861,115.61995837,4067.04527861,74.00414599,1.42017426,10.54893666,3900.27337574,76.08377978,39.85889776,-2.00978191,-2.01401443,
20.00000000,6.00000000,37.85796475,1238.00000000,0.00000000,103.21443561,1605.76420765,103.21443561,1605.76420765,68.14872382,0.80032074,23.31354578,1419.19858559,69.05335367,60.17729394,-1.71326955,-1.70107143,
20.00000000,7.00000000,26.13472152,1151.00000000,0.00000000,127.92375562,1492.15821836,127.92375562,1492.15821836,73.84867347,2.59394839,18.59140752,609.03796892,70.17763763,738.77382951,-2.57405669,-2.77886874,
20.00000000,8.00000000,33.20588756,1679.00000000,0.00000000,82.35988664,406.01218162,82.35988664,406.01218162,40.78717750,2.46930017,89.59476204,189.01104745,38.24084870,48.28892946,-1.95517045,-2.04382970,
20.00000000,9.00000000,24.00404692,1074.00000000,0.00000000,110.55075151,3969.37676668,110.55075151,3969.37676668,68.59310209,1.62439703,19.60696398,3803.19924947,69.65104529,36.92746469,-2.01666262,-1.99960216,
2.00000000,1.00000000,28.35160875,1064.00000000,0.00000000,59.59170431,2639.74095445,59.59170431,2639.74095445,47.98397067,0.62695842,29.46016192,1602.23871563,55.74086231,939.17691831,-5.49038761,-6.56214814,
2.00000000,10.00000000,44.45577645,1262.00000000,0.00000000,57.42792275,4444.04929949,57.42792275,4444.04929949,46.13201016,0.28152598,32.24642985,3930.57008092,61.71257745,407.86858705,-5.50719331,-5.82581211,
2.00000000,11.00000000,15.09417605,709.00000000,0.00000000,31.54018403,3655.98275980,31.54018403,3655.98275980,24.37707996,0.03693160,104.39996516,1541.78238671,66.95427826,1932.22833305,-3.56308624,-5.30889831,
2.00000000,12.00000000,32.96316051,1115.00000000,0.00000000,64.22876034,438.04132001,64.22876034,438.04132001,53.18989065,0.37231190,15.57716000,37.55623860,100.71284050,270.50741031,-5.33327889,-6.84383530,
2.00000000,13.00000000,7.21795487,343.00000000,0.00000000,56.01599609,5729.08413334,56.01599609,5729.08413334,46.52271547,0.00308016,49.49793776,562.13912276,101.96881894,5000.73265328,-4.74510023,-7.37280030,
2.00000000,14.00000000,16.73424315,793.00000000,0.00000000,34.26752281,1404.95243814,34.26752281,1404.95243814,25.90370317,0.06024790,104.64170314,1.65917341,78.92461044,1206.26661434,-4.15178587,-6.73016841,
2.00000000,15.00000000,21.39216733,704.00000000,0.00000000,60.90946947,284.03187027,60.90946947,284.03187027,51.51514066,0.11397540,31.16841358,143.35329761,84.24694066,9.20955064,-4.64017670,-8.02683389,
2.00000000,16.00000000,12.86766005,761.00000000,0.00000000,57.69615427,8270.41837476,57.69615427,8270.41837476,47.46778621,0.09066818,19.92020645,4361.69671991,64.07458321,3811.92243179,-5.06884994,-6.40221670,
2.00000000,17.00000000,11.62569714,574.00000000,0.00000000,32.09748858,4847.70436373,32.09748858,4847.70436373,25.15503468,0.06131611,98.22404306,1444.86191269,41.88385996,3252.30665776,-3.44056890,-5.21394513,
2.00000000,18.00000000,5.21480250,457.00000000,0.00000000,33.47952989,25088.40902441,33.47952989,25088.40902441,27.21544824,0.00904440,79.51907735,633.31870847,39.36339780,24324.29719459,-3.12751862,-5.95532310,
2.00000000,19.00000000,21.15146804,1199.00000000,0.00000000,32.07599478,1627.81847728,32.07599478,1627.81847728,23.72455288,0.07383462,118.11380041,172.33979217,29.18064108,1299.42511639,-4.13880364,-4.37956361,
2.00000000,2.00000000,15.23513556,936.00000000,0.00000000,33.35169642,738.34917928,33.35169642,738.34917928,25.09544751,0.11735074,92.94290491,182.43851660,27.99782387,424.92280223,-4.06944909,-5.02356584,
2.00000000,20.00000000,10.58641362,623.00000000,0.00000000,32.81134143,1426.57346682,32.81134143,1426.57346682,25.63890646,0.02350993,90.23431203,35.49163206,35.68017199,1253.66562180,-3.57446252,-5.75086447,
2.00000000,3.00000000,23.79071760,1252.00000000,0.00000000,61.06592610,64977.12772860,61.06592610,64977.12772860,49.90321743,0.24665553,20.73943740,60149.78283881,60.43044171,4734.37494776,-5.45802658,-5.90003146,
2.00000000,4.00000000,21.34267759,974.00000000,0.00000000,57.25503082,5800.50893204,57.25503082,5800.50893204,46.45145691,0.39321611,26.22863439,300.56560627,63.14446132,5397.88065049,-5.20517890,-6.34478979,
2.00000000,5.00000000,18.05389380,729.00000000,0.00000000,61.14222275,216128.92757898,61.14222275,216128.92757898,50.64273388,0.13185917,10.66250508,185883.01569429,68.44375800,30151.48757047,-5.18381485,-7.65902557,
2.00000000,6.00000000,20.77707577,892.00000000,0.00000000,53.82760035,624.65582862,53.82760035,624.65582862,43.81442494,0.08069830,25.54504871,192.44149545,78.45064767,313.03532998,-4.96623856,-7.59165340,
2.00000000,7.00000000,22.89054203,1051.00000000,0.00000000,64.76567268,4990.82106024,64.76567268,4990.82106024,53.72140345,0.56962689,19.48996110,2469.72259533,74.15959554,2412.77334693,-5.23732117,-7.33778066,
2.00000000,8.00000000,19.95153475,1037.00000000,0.00000000,38.23310932,125198.48885337,38.23310932,125198.48885337,30.03496866,0.14752578,104.02969499,122580.11412280,37.21926113,2463.77732735,-4.02530744,-6.67422355,
2.00000000,9.00000000,15.30547762,577.00000000,0.00000000,58.22063216,16690.14457573,58.22063216,16690.14457573,48.27683341,0.09809834,25.46570004,10859.53187426,49.46286085,5744.01554838,-4.92285021,-5.83429610,
50.00000000,1.00000000,51.44847226,2333.00000000,0.00000000,185.51877681,1677.79092943,185.51877681,1677.79092943,86.58275295,9.57745334,17.81872063,1451.04297800,87.62694730,33.86170389,-1.78717141,-1.74881159,
50.00000000,10.00000000,57.32351351,2351.00000000,0.00000000,180.90628843,628.43668523,180.90628843,628.43668523,83.96613269,9.14612684,22.37778879,400.54627964,82.24508217,32.93183473,-1.75588058,-1.80671400,
50.00000000,11.00000000,35.91802359,1911.00000000,0.00000000,102.44161824,2426.49550504,102.44161824,2426.49550504,37.57421477,7.36815013,95.35446529,2226.09134183,37.32591681,9.00412758,-1.14998507,-1.17439307,
50.00000000,12.00000000,55.68691468,2490.00000000,0.00000000,181.25067514,1694.99899918,181.25067514,1694.99899918,91.08549732,8.08535958,12.16022157,1426.44864864,93.70357230,80.31144082,-1.64159636,-1.64750232,
50.00000000,13.00000000,23.49136877,963.00000000,0.00000000,114.41200852,5030.05533929,114.41200852,5030.05533929,91.40775361,0.31510863,16.70963476,4883.78523920,93.37145507,14.46129427,-0.45378293,-0.43455432,
50.00000000,14.00000000,29.99792242,2192.00000000,0.00000000,128.37410032,555.30072234,128.37410032,555.30072234,42.35406798,9.47688978,91.74892498,322.42511088,43.38728147,24.19079970,-1.53086285,-1.47097211,
50.00000000,15.00000000,48.41065335,1846.00000000,0.00000000,142.29852544,1808.16076967,142.29852544,1808.16076967,92.23826233,3.12068671,19.26481650,1640.61541347,87.47828450,10.21721094,-0.93879153,-1.01170089,
50.00000000,16.00000000,21.26767063,1566.00000000,0.00000000,154.74101736,2985.38608893,154.74101736,2985.38608893,83.87587477,6.64827329,19.79803562,2788.89112484,86.01150744,27.63196244,-1.28433739,-1.26106917,
50.00000000,17.00000000,23.53046894,1359.00000000,0.00000000,100.81003959,2810.06317503,100.81003959,2810.06317503,38.34386608,7.52666917,94.88628507,2609.22283543,38.02990408,13.28563953,-1.09879009,-1.09277022,
50.00000000,18.00000000,28.30505610,1160.00000000,0.00000000,59.35218144,4145.48580927,59.35218144,4145.48580927,47.24536042,0.41705647,92.21386614,3990.59203042,47.14224691,3.65604468,-0.23379529,-0.23763242,
50.00000000,19.00000000,48.46113443,2875.00000000,0.00000000,128.42342324,345.33755528,128.42342324,345.33755528,36.93003577,10.11298083,101.51012308,20.80638414,37.80160958,104.42258032,-1.62760813,-1.61593716,
50.00000000,2.00000000,40.27081490,2327.00000000,0.00000000,126.66549044,497.38141397,126.66549044,497.38141397,39.23315525,9.66396409,96.18508783,251.39300053,40.20378646,32.07994515,-1.55536742,-1.55039188,
50.00000000,20.00000000,23.05305505,1794.00000000,0.00000000,84.21174879,1795.62998029,84.21174879,1795.62998029,43.38591325,3.56106806,102.98955588,1606.26830734,43.79409844,6.24059286,-0.74529535,-0.72674852,
50.00000000,3.00000000,34.48972654,2114.00000000,0.00000000,184.83205848,574.79415774,184.83205848,574.79415774,88.12649423,9.02699239,17.15534717,334.32776094,87.90468438,49.73598469,-1.75357144,-1.71340761,
50.00000000,4.00000000,64.35942936,2768.00000000,0.00000000,179.61629563,524.97926897,179.61629563,524.97926897,80.22572875,9.94239183,27.17387084,227.38633025,78.45416825,99.30517420,-1.78896350,-1.85319451,
50.00000000,5.00000000,42.23580098,1882.00000000,0.00000000,162.27060033,3460.69125415,162.27060033,3460.69125415,91.84011708,6.51039077,9.95966023,3273.54056671,93.02924096,19.72482742,-1.27840185,-1.28873918,
50.00000000,6.00000000,72.03245044,2336.00000000,0.00000000,141.41984234,1679.00038989,141.41984234,1679.00038989,86.81148339,3.64025177,23.56427990,1506.16082340,88.23592181,11.25227075,-1.01936214,-0.99574188,
50.00000000,7.00000000,46.36996722,2117.00000000,0.00000000,191.58746220,684.11660643,191.58746220,684.11660643,90.27226175,9.64971516,17.32971425,347.92403339,85.01498893,137.41270956,-1.83330971,-1.92870321,
50.00000000,8.00000000,47.43602180,2825.00000000,0.00000000,134.61796973,389.18146035,134.61796973,389.18146035,44.74695317,10.20659134,90.19301355,151.91595937,43.29659727,23.09593831,-1.59328850,-1.61359904,
50.00000000,9.00000000,31.22710323,1402.00000000,0.00000000,158.71155933,3085.57666465,158.71155933,3085.57666465,84.25562375,6.92358101,19.28358753,2890.37466566,86.32901324,22.32962491,-1.35064709,-1.34519547,
5.00000000,1.00000000,27.52680874,1295.00000000,0.00000000,74.48837373,2038.88427955,74.48837373,2038.88427955,51.48427573,0.66767979,19.10518860,1225.02976117,53.59894919,716.69586590,-4.46728364,-4.89090294,
5.00000000,10.00000000,31.60863471,1332.00000000,0.00000000,72.22994329,1927.59204513,72.22994329,1927.59204513,49.84117981,0.39657163,23.33603753,1421.60333155,54.73617838,406.76263292,-4.39843837,-4.23077295,
5.00000000,11.00000000,12.19759989,817.00000000,0.00000000,39.86170009,2862.56420174,39.86170009,2862.56420174,28.42385750,0.15414673,91.12466149,2597.85709910,30.06193072,129.57867137,-2.25673917,-2.78836781,
5.00000000,12.00000000,19.69054222,875.00000000,0.00000000,78.53888142,1701.51895381,78.53888142,1701.51895381,56.99097991,0.34431085,11.74903031,1211.37695520,59.85243944,395.73595639,-4.24071813,-4.56091449,
5.00000000,13.00000000,7.85787392,316.00000000,0.00000000,67.80469790,4070.27199931,67.80469790,4070.27199931,51.58997492,0.00569550,17.87667074,3494.44072522,53.01792068,482.36400053,-3.24180550,-4.51453643,
5.00000000,14.00000000,16.24670100,918.00000000,0.00000000,44.58955414,345.40956481,44.58955414,345.40956481,29.77450603,0.17542152,90.44805594,152.31572707,30.45886470,52.93765251,-2.92792532,-3.84985292,
5.00000000,15.00000000,21.53905606,896.00000000,0.00000000,72.99249952,519.81000793,72.99249952,519.81000793,55.41411492,0.13386816,22.67065960,400.17389913,62.68722057,2.73611342,-3.48890329,-6.30842304,
5.00000000,16.00000000,16.08826137,639.00000000,0.00000000,70.70026111,5656.08921473,70.70026111,5656.08921473,51.90802365,0.18603618,18.28671948,4314.18957394,54.48093409,1246.12501331,-3.72124026,-4.60139478,
5.00000000,17.00000000,19.15642715,749.00000000,0.00000000,40.14946409,3668.49443632,40.14946409,3668.49443632,28.91623276,0.18571160,88.45879684,3304.51886446,27.60827211,234.02634463,-2.20950394,-2.77643166,
5.00000000,18.00000000,9.78372335,527.00000000,0.00000000,40.06457092,4899.02282680,40.06457092,4899.02282680,32.26847426,0.01160657,91.76301702,2951.87703561,29.65298961,1814.68577459,-1.55689802,-2.20880199,
5.00000000,19.00000000,31.54860210,1842.00000000,0.00000000,42.13011300,651.64675297,42.13011300,651.64675297,27.71673909,0.21503286,109.75825426,43.36765824,30.33690990,454.83995815,-2.83966821,-2.66879448,
5.00000000,2.00000000,19.32003689,1096.00000000,0.00000000,43.39163238,521.25880419,43.39163238,521.25880419,28.87037652,0.27605564,96.55404239,197.15977706,31.14939326,181.90704063,-2.84904004,-2.89771017,
5.00000000,20.00000000,17.30455661,687.00000000,0.00000000,40.71309742,853.55375063,40.71309742,853.55375063,30.65845043,0.06689077,98.46349971,568.60711995,29.67606349,144.84295901,-1.99755125,-2.39282169,
5.00000000,3.00000000,19.37015224,1404.00000000,0.00000000,75.78777071,8599.00060367,75.78777071,8599.00060367,53.42561302,0.38654432,18.14336391,6699.05647038,54.31984532,1804.48414010,-4.39512267,-4.59935679,
5.00000000,4.00000000,37.27138305,1159.00000000,0.00000000,71.20163421,5814.96967147,71.20163421,5814.96967147,49.82233515,0.53091486,24.87027103,383.82710109,48.28338038,5333.35754385,-4.16967684,-4.92627502,
5.00000000,5.00000000,15.27664423,755.00000000,0.00000000,74.91357806,13392.10365645,74.91357806,13392.10365645,54.53897749,0.17186846,12.39987919,10348.10613720,57.02479402,2951.25974726,-4.04054642,-4.66261975,
5.00000000,6.00000000,22.12275815,955.00000000,0.00000000,66.86246566,1506.66904093,66.86246566,1506.66904093,47.91036408,0.11276384,22.41225453,1028.47404592,52.48831852,378.37652535,-3.76786755,-4.98357932,
5.00000000,7.00000000,30.14256024,1356.00000000,0.00000000,79.19623001,12675.00965745,79.19623001,12675.00965745,56.52386838,0.64385233,17.37502062,4765.38806985,59.70757412,7805.68435308,-4.40570186,-5.37092796,
5.00000000,8.00000000,26.56826758,1338.00000000,0.00000000,48.39885142,6470.84395040,48.39885142,6470.84395040,33.46852187,0.28679163,84.71564532,6117.17111677,30.12920664,217.78878905,-2.92870758,-4.20783852,
5.00000000,9.00000000,13.49638844,615.00000000,0.00000000,71.13089148,6468.50158184,71.13089148,6468.50158184,52.13078881,0.18732895,21.94700113,5177.14728760,48.89682444,1199.24038436,-3.76255474,-4.25401686,