alpha,seed,time,niter,nfail,train_lossf,test_lossf,train_lossf[0],test_lossf[0],errorf[0][0],errorf[0][1],errorf1[0][0],errorf1[0][1],errorf2[0][0],errorf2[0][1],train_Srel[0],test_Srel[0],
0.00000000,1.00000000,99.44885731,852.00000000,1.00000000,320.38119107,11446.73370239,320.38119107,11446.73370239,40.51964647,279.86154459,69.72823430,131.89959583,58.70804622,11186.39782603,0.00000000,0.00000000,
0.00000000,10.00000000,72.39467478,849.00000000,1.00000000,1076.27008566,405318.03973353,1076.27008566,405318.03973353,51.18382052,1025.08626514,114.81309407,54.04074779,70.53042329,405078.65546838,-549755813888.00000000,1099511627776.00000000,
0.00000000,11.00000000,61.31766462,848.00000000,1.00000000,487.75642571,670.65378730,487.75642571,670.65378730,175.33787145,312.41855426,27.37587320,194.54503864,77.73003605,371.00283941,18014398509481984.00000000,0.00000000,
inf,1.00000000,0.00000000,0.00000000,0.00000000,608.19939312,699.07943211,608.19939312,699.07943211,15.07032809,593.12906504,6.60625534,27.05029781,15.02297015,650.39990882,0.00000000,0.00000000,
0.01000000,1.00000000,6.00202274,767.00000000,0.00000000,0.13830381,26490.17610730,0.13830381,26490.17610730,0.08304676,0.00004500,56.18345891,11587.80916216,62.74730477,14783.35679569,-5.52120412,-7.93857749,alpha,seed,time,niter,nfail,train_lossf,test_lossf,train_lossf[0],test_lossf[0],errorf[0][0],errorf[0][1],errorf1[0][0],errorf1[0][1],errorf2[0][0],errorf2[0][1],train_Srel[0],test_Srel[0],
inf,10.00000000,0.00000000,0.00000000,0.00000000,248.53664531,673.07326556,248.53664531,673.07326556,13.51907111,235.01757420,8.22296224,397.25905337,13.28500862,254.30624132,-0.00000000,-0.00000000,
0.01000000,10.00000000,4.97897148,854.00000000,0.00000000,0.44617908,7199.61897901,0.44617908,7199.61897901,0.39097597,0.00060148,16.11956250,140.05009175,69.28645919,6974.08334801,-5.46016308,-7.95175572,alpha,seed,time,niter,nfail,train_lossf,test_lossf,train_lossf[0],test_lossf[0],errorf[0][0],errorf[0][1],errorf1[0][0],errorf1[0][1],errorf2[0][0],errorf2[0][1],train_Srel[0],test_Srel[0],
inf,11.00000000,0.00000000,0.00000000,0.00000000,644.18127425,666.73989109,644.18127425,666.73989109,19.69856964,624.48270460,2.72462987,11.77985928,17.51755366,634.71784829,0.00000000,0.00000000,
0.01000000,11.00000000,4.21879458,939.00000000,0.00000000,0.46458938,670.73301716,0.46458938,670.73301716,0.40924422,0.00059451,27.37587320,194.54503864,77.73003605,371.00283941,-5.47506461,-7.92298596,alpha,seed,time,niter,nfail,train_lossf,test_lossf,train_lossf[0],test_lossf[0],errorf[0][0],errorf[0][1],errorf1[0][0],errorf1[0][1],errorf2[0][0],errorf2[0][1],train_Srel[0],test_Srel[0],
inf,12.00000000,0.00000000,0.00000000,0.00000000,443.64954517,645.88648401,443.64954517,645.88648401,9.75571986,433.89382532,11.75960482,212.50062574,10.21512954,411.41112392,0.00000000,0.00000000,
0.01000000,12.00000000,3.25211906,721.00000000,0.00000000,0.37108055,4790.77945295,0.37108055,4790.77945295,0.31664535,0.00025056,24.96846417,3064.58348550,11.10536821,1690.04998356,-5.41846367,-7.21514980,alpha,seed,time,niter,nfail,train_lossf,test_lossf,train_lossf[0],test_lossf[0],errorf[0][0],errorf[0][1],errorf1[0][0],errorf1[0][1],errorf2[0][0],errorf2[0][1],train_Srel[0],test_Srel[0],
inf,13.00000000,0.00000000,0.00000000,0.00000000,537.35331623,642.02873042,537.35331623,642.02873042,16.79105793,520.56225830,5.24448717,126.96388357,15.69859651,494.12176317,0.00000000,0.00000000,
0.01000000,13.00000000,3.79977083,711.00000000,0.00000000,0.24277953,909.94159189,0.24277953,909.94159189,0.18623784,0.00053432,42.67429389,588.44058075,198.87471363,79.87267580,-5.60073744,-7.93278200,alpha,seed,time,niter,nfail,train_lossf,test_lossf,train_lossf[0],test_lossf[0],errorf[0][0],errorf[0][1],errorf1[0][0],errorf1[0][1],errorf2[0][0],errorf2[0][1],train_Srel[0],test_Srel[0],
inf,14.00000000,0.00000000,0.00000000,0.00000000,546.15014109,586.68407160,546.15014109,586.68407160,16.21634284,529.93379825,5.45979680,146.35459338,16.17022379,418.69945763,0.00000000,-0.00000000,
0.01000000,14.00000000,4.04652905,596.00000000,0.00000000,0.46368431,74653.26212939,0.46368431,74653.26212939,0.40655668,0.00043175,16.00827906,3727.17901011,48.15679796,70861.83905820,-5.66958725,-7.89840659,alpha,seed,time,niter,nfail,train_lossf,test_lossf,train_lossf[0],test_lossf[0],errorf[0][0],errorf[0][1],errorf1[0][0],errorf1[0][1],errorf2[0][0],errorf2[0][1],train_Srel[0],test_Srel[0],
inf,15.00000000,0.00000000,0.00000000,0.00000000,540.57911315,603.01182159,540.57911315,603.01182159,15.50296891,525.07614424,6.15320784,145.29585146,15.51893005,436.04383224,0.00000000,-0.00000000,
0.01000000,15.00000000,4.56882620,865.00000000,0.00000000,0.60770006,670.73302440,0.60770006,670.73302440,0.55142420,0.00020533,43.74263815,4.23373005,61.36327110,561.31414800,-5.60705309,-7.92371033,alpha,seed,time,niter,nfail,train_lossf,test_lossf,train_lossf[0],test_lossf[0],errorf[0][0],errorf[0][1],errorf1[0][0],errorf1[0][1],errorf2[0][0],errorf2[0][1],train_Srel[0],test_Srel[0],
inf,16.00000000,0.00000000,0.00000000,0.00000000,341.36910237,622.54077844,341.36910237,622.54077844,16.48651157,324.88259081,5.01352405,334.47787527,16.96677174,266.08260738,0.00000000,0.00000000,
0.01000000,16.00000000,4.56926489,847.00000000,0.00000000,0.70344235,670.73316461,0.70344235,670.73316461,0.64781364,0.00025554,26.03500560,371.00283941,79.07090365,194.54503864,-5.53731661,-7.93773178,alpha,seed,time,niter,nfail,train_lossf,test_lossf,train_lossf[0],test_lossf[0],errorf[0][0],errorf[0][1],errorf1[0][0],errorf1[0][1],errorf2[0][0],errorf2[0][1],train_Srel[0],test_Srel[0],
inf,17.00000000,0.00000000,0.00000000,0.00000000,504.63283391,684.92084573,504.63283391,684.92084573,18.77596494,485.85686897,3.30280917,145.01296305,17.54735535,519.05771816,0.00000000,-0.00000000,
0.01000000,17.00000000,7.79624510,916.00000000,0.00000000,0.40129184,13860.89203350,0.40129184,13860.89203350,0.34519693,0.00108528,28.36354413,57.66347069,28.34224793,13746.44354614,-5.50096402,-7.92246163,alpha,seed,time,niter,nfail,train_lossf,test_lossf,train_lossf[0],test_lossf[0],errorf[0][0],errorf[0][1],errorf1[0][0],errorf1[0][1],errorf2[0][0],errorf2[0][1],train_Srel[0],test_Srel[0],
inf,18.00000000,0.00000000,0.00000000,0.00000000,617.48512167,622.10747737,617.48512167,622.10747737,15.96202421,601.52309745,5.84922659,57.00903558,15.51224726,543.73696794,-0.00000000,-0.00000000,
0.01000000,18.00000000,8.86268568,1511.00000000,0.00000000,0.69247104,657.99655447,0.69247104,657.99655447,0.63279969,0.00060150,21.93482548,4.44682735,631.53559598,0.00000000,-5.90698462,-7.93056585,alpha,seed,time,niter,nfail,train_lossf,test_lossf,train_lossf[0],test_lossf[0],errorf[0][0],errorf[0][1],errorf1[0][0],errorf1[0][1],errorf2[0][0],errorf2[0][1],train_Srel[0],test_Srel[0],
inf,19.00000000,0.00000000,0.00000000,0.00000000,531.81707670,640.08285505,531.81707670,640.08285505,13.58715521,518.22992149,8.02239251,130.47878520,13.75426263,487.82741470,0.00000000,0.00000000,
0.01000000,19.00000000,4.65740967,911.00000000,0.00000000,0.82801512,16620.44358507,0.82801512,16620.44358507,0.77157109,0.00042197,16.87746450,8985.82433937,341.27565413,7276.38708742,-5.60220596,-7.90396563,
0.00000000,12.00000000,81.48495054,850.00000000,1.00000000,1078.13273781,625.67178465,1078.13273781,625.67178465,55.23607931,1022.89665850,63.28324746,148.30461577,142.87873202,271.20518940,-562949953421312.00000000,0.00000000,alpha,seed,time,niter,nfail,train_lossf,test_lossf,train_lossf[0],test_lossf[0],errorf[0][0],errorf[0][1],errorf1[0][0],errorf1[0][1],errorf2[0][0],errorf2[0][1],train_Srel[0],test_Srel[0],
inf,2.00000000,0.00000000,0.00000000,0.00000000,503.06485065,688.80372747,503.06485065,688.80372747,18.33597981,484.72887084,3.29941747,140.05975344,18.41500353,527.02955302,0.00000000,-0.00000000,
0.01000000,2.00000000,3.58510113,641.00000000,0.00000000,0.24624580,7211.89961693,0.24624580,7211.89961693,0.19163749,0.00005334,30.29685983,3558.70488374,55.23212308,3567.58632311,-5.45549843,-7.94271754,alpha,seed,time,niter,nfail,train_lossf,test_lossf,train_lossf[0],test_lossf[0],errorf[0][0],errorf[0][1],errorf1[0][0],errorf1[0][1],errorf2[0][0],errorf2[0][1],train_Srel[0],test_Srel[0],
inf,20.00000000,0.00000000,0.00000000,0.00000000,542.51826075,660.19148194,542.51826075,660.19148194,16.37111124,526.14714951,5.38204765,114.57120217,16.09273510,524.14549703,0.00000000,0.00000000,
0.01000000,20.00000000,5.84900880,1133.00000000,0.00000000,0.35230932,72567.81730635,0.35230932,72567.81730635,0.29648415,0.00066148,33.24805913,61977.58174693,103.39171575,10453.51645732,-5.51636881,-7.93272102,
0.00000000,13.00000000,78.16132236,850.00000000,1.00000000,20084.43397685,909.98729085,20084.43397685,909.98729085,64.39208088,20020.04189597,42.67617028,588.52387208,198.90167636,79.88557213,0.00000000,0.00000000,alpha,seed,time,niter,nfail,train_lossf,test_lossf,train_lossf[0],test_lossf[0],errorf[0][0],errorf[0][1],errorf1[0][0],errorf1[0][1],errorf2[0][0],errorf2[0][1],train_Srel[0],test_Srel[0],
inf,3.00000000,0.00000000,0.00000000,0.00000000,530.00833566,702.73208366,530.00833566,702.73208366,16.11275570,513.89557996,5.40322184,106.52877594,16.55943074,574.24065513,0.00000000,0.00000000,
0.01000000,3.00000000,2.34650517,502.00000000,0.00000000,0.43170238,16620.44386185,0.43170238,16620.44386185,0.37732825,0.00016484,30.74633136,4562.65116969,327.40678727,11699.56025710,-5.42092934,-7.93164402,
0.00000000,14.00000000,78.75319409,843.00000000,1.00000000,64.94952345,72567.73805501,64.94952345,72567.73805501,36.60211531,28.34740814,14.54068358,15063.59064173,122.09909145,57367.50763825,0.00000000,0.00000000,alpha,seed,time,niter,nfail,train_lossf,test_lossf,train_lossf[0],test_lossf[0],errorf[0][0],errorf[0][1],errorf1[0][0],errorf1[0][1],errorf2[0][0],errorf2[0][1],train_Srel[0],test_Srel[0],
inf,4.00000000,0.00000000,0.00000000,0.00000000,433.02056297,642.21043961,433.02056297,642.21043961,16.08647090,416.93409207,5.46993659,233.12327510,16.42192301,387.19530491,0.00000000,0.00000000,
0.01000000,4.00000000,7.25201821,1296.00000000,0.00000000,0.53554568,670.73287852,0.53554568,670.73287852,0.47948718,0.00148473,40.42289409,0.00000000,64.68301516,565.54787805,-5.45737724,-7.90912218,
0.00000000,15.00000000,63.30024362,847.00000000,1.00000000,356.86868731,670.65378730,356.86868731,670.65378730,82.36578938,274.50289793,43.74263815,4.23373005,61.36327110,561.31414800,-17592186044416.00000000,-35184372088832.00000000,alpha,seed,time,niter,nfail,train_lossf,test_lossf,train_lossf[0],test_lossf[0],errorf[0][0],errorf[0][1],errorf1[0][0],errorf1[0][1],errorf2[0][0],errorf2[0][1],train_Srel[0],test_Srel[0],
inf,5.00000000,0.00000000,0.00000000,0.00000000,313.07631566,637.68315845,313.07631566,637.68315845,14.94040310,298.13591256,6.51306418,352.93508035,15.56195262,262.67306130,-0.00000000,-0.00000000,
0.01000000,5.00000000,4.66229463,841.00000000,0.00000000,0.42534711,670.73323572,0.42534711,670.73323572,0.37057668,0.00008011,34.30465382,371.00283939,70.80125543,194.54503862,-5.46903242,-7.94484671,
0.00000000,16.00000000,0.57055044,14.00000000,1.00000000,94.14844388,670.65378730,94.14844388,670.65378730,26.07480551,68.07363837,26.03500560,371.00283941,79.07090365,194.54503864,1099511627776.00000000,-1099511627776.00000000,alpha,seed,time,niter,nfail,train_lossf,test_lossf,train_lossf[0],test_lossf[0],errorf[0][0],errorf[0][1],errorf1[0][0],errorf1[0][1],errorf2[0][0],errorf2[0][1],train_Srel[0],test_Srel[0],
inf,6.00000000,0.00000000,0.00000000,0.00000000,309.37317158,654.29950688,309.37317158,654.29950688,11.95527482,297.41789677,9.94607016,344.38868127,11.29213011,288.67262534,0.00000000,0.00000000,
0.01000000,6.00000000,3.14428806,533.00000000,0.00000000,0.47902821,625.14070371,0.47902821,625.14070371,0.42229608,0.00046714,23.48466520,142.66645757,43.01042312,415.90123147,-5.62649849,-7.79263424,
0.00000000,17.00000000,69.07215762,850.00000000,1.00000000,337.16653539,86.42287187,337.16653539,86.42287187,40.86831449,296.29822090,17.23730934,0.00000000,40.36965779,28.81590474,0.00000000,0.00000000,alpha,seed,time,niter,nfail,train_lossf,test_lossf,train_lossf[0],test_lossf[0],errorf[0][0],errorf[0][1],errorf1[0][0],errorf1[0][1],errorf2[0][0],errorf2[0][1],train_Srel[0],test_Srel[0],
inf,7.00000000,0.00000000,0.00000000,0.00000000,318.63383284,651.02183962,318.63383284,651.02183962,11.05257664,307.58125619,10.61922713,336.23146808,11.01698676,293.15415765,0.00000000,0.00000000,
0.01000000,7.00000000,3.75082397,730.00000000,0.00000000,0.78264104,72567.81752826,0.78264104,72567.81752826,0.72308979,0.00020258,39.43049075,70758.28388703,97.20928428,1672.81439295,-5.93486723,-7.94732503,
0.00000000,18.00000000,60.29710865,849.00000000,1.00000000,449.48545726,657.91724881,449.48545726,657.91724881,74.24888781,375.23656945,21.93482548,4.44682735,631.53559598,0.00000000,-17592186044416.00000000,0.00000000,alpha,seed,time,niter,nfail,train_lossf,test_lossf,train_lossf[0],test_lossf[0],errorf[0][0],errorf[0][1],errorf1[0][0],errorf1[0][1],errorf2[0][0],errorf2[0][1],train_Srel[0],test_Srel[0],
inf,8.00000000,0.00000000,0.00000000,0.00000000,481.61087417,687.22149765,481.61087417,687.22149765,18.82389843,462.78697574,2.99167759,164.10610019,18.37713921,501.74658066,0.00000000,0.00000000,
0.01000000,8.00000000,11.19542646,1074.00000000,0.00000000,0.52084259,7211.89958847,0.52084259,7211.89958847,0.46410393,0.00004132,37.41406141,10.44525041,48.11492151,7115.84595643,-5.66973433,-7.93987158,
0.00000000,19.00000000,62.52737117,848.00000000,1.00000000,744.34234136,16620.36454541,744.34234136,16620.36454541,60.98573547,683.35660589,16.87746450,8985.82433937,341.27565413,7276.38708742,0.00000000,0.00000000,alpha,seed,time,niter,nfail,train_lossf,test_lossf,train_lossf[0],test_lossf[0],errorf[0][0],errorf[0][1],errorf1[0][0],errorf1[0][1],errorf2[0][0],errorf2[0][1],train_Srel[0],test_Srel[0],
inf,9.00000000,0.00000000,0.00000000,0.00000000,260.27911685,633.87877363,260.27911685,633.87877363,10.73736400,249.54175285,10.98377436,403.69901685,10.55270094,208.64328148,0.00000000,0.00000000,
0.01000000,9.00000000,2.88633180,654.00000000,0.00000000,0.53717434,357.65634647,0.53717434,357.65634647,0.48243058,0.00047269,25.14700768,25.51850435,32.09101784,274.82045301,-5.42710740,-7.93635889,
0.00000000,2.00000000,76.15354896,849.00000000,1.00000000,12204.95881558,405318.03973353,12204.95881558,405318.03973353,330.67959979,11874.27921580,30.75329600,52446.29393235,154.59022137,352686.40228381,-17592186044416.00000000,-17592186044416.00000000,
0.00000000,20.00000000,0.69636250,23.00000000,1.00000000,414.26820281,72567.73805501,414.26820281,72567.73805501,158.62794645,255.64025637,33.24805917,61977.58181141,103.39171586,10453.51646857,0.00000000,0.00000000,
0.00000000,3.00000000,61.51750684,853.00000000,1.00000000,6920.56667751,16620.36454541,6920.56667751,16620.36454541,32.14073396,6888.42594355,30.74633136,4562.65116969,327.40678727,11699.56025710,0.00000000,0.00000000,
0.00000000,4.00000000,60.64416814,847.00000000,1.00000000,3992.39860081,670.65378730,3992.39860081,670.65378730,3270.30476692,722.09383389,40.42289409,0.00000000,64.68301516,565.54787805,0.00000000,0.00000000,
0.00000000,5.00000000,146.86399961,855.00000000,1.00000000,830.23902640,670.65378730,830.23902640,670.65378730,204.40556120,625.83346521,34.30465382,371.00283941,70.80125543,194.54503864,0.00000000,-41538374868278621028243970633760768.00000000,
0.00000000,6.00000000,85.32996440,845.00000000,1.00000000,965.09264522,4062.40290995,965.09264522,4062.40290995,36.57747273,928.51517249,22.26021238,973.04553430,34.67275319,3032.42441008,-4503599627370496.00000000,0.00000000,
0.00000000,7.00000000,64.68444228,845.00000000,1.00000000,38.58129985,72567.73805501,38.58129985,72567.73805501,38.58129985,0.00000000,39.43049075,70758.28388703,97.20928428,1672.81439295,0.00000000,-18014398509481984.00000000,
0.00000000,8.00000000,78.79600811,847.00000000,1.00000000,146.87324294,72567.73805501,146.87324294,72567.73805501,43.00053261,103.87271032,27.67680868,15114.20196287,108.96296635,57316.89631711,-1125899906842624.00000000,0.00000000,
0.00000000,9.00000000,47.29405618,843.00000000,1.00000000,77.39583575,11446.73370239,77.39583575,11446.73370239,49.48378948,27.91204627,72.20847539,370.55297201,56.22780514,10947.74444985,0.00000000,68719476736.00000000,
0.10000000,1.00000000,0.84707284,187.00000000,0.00000000,0.58391319,20007.45952586,0.58391319,20007.45952586,0.14481302,0.00011325,49.85654582,8497.29512556,54.59933602,11404.96550290,-4.38986922,-7.43015551,
0.10000000,10.00000000,1.40222526,264.00000000,0.00000000,0.91488600,15013.17638520,0.91488600,15013.17638520,0.42008139,0.00046087,44.75166659,2.03703187,30.67185396,14935.02238400,-4.94343743,-6.93448774,
0.10000000,11.00000000,1.57701230,347.00000000,0.00000000,0.92335857,544.73643520,0.92335857,544.73643520,0.43975332,0.00041877,23.88307935,148.10907490,65.93284067,306.05854568,-4.83186478,-7.52894602,
0.10000000,12.00000000,2.03443909,218.00000000,0.00000000,0.82291271,2632.81796124,0.82291271,2632.81796124,0.36245749,0.00034583,19.32189912,2264.35475975,9.42520297,339.12534117,-4.60109392,-5.90758224,
0.10000000,13.00000000,0.98087955,214.00000000,0.00000000,0.71147205,464.06329483,0.71147205,464.06329483,0.23393706,0.00024976,32.48552232,262.37071124,114.42145870,54.09548580,-4.77285232,-6.90116761,
0.10000000,14.00000000,2.49525762,195.00000000,0.00000000,0.94512806,33490.54586995,0.94512806,33490.54586995,0.44604495,0.00029289,8.87868742,1821.71928628,23.40652795,31635.90014115,-4.98790211,-6.41227163,
0.10000000,15.00000000,1.18031216,182.00000000,0.00000000,1.08995067,670.86154436,1.08995067,670.86154436,0.57797949,0.00007727,43.68800600,4.21417068,61.24804788,560.91964106,-5.11893914,-7.91678746,
0.10000000,16.00000000,1.13769817,212.00000000,0.00000000,1.18279000,671.37028768,1.18279000,671.37028768,0.67941390,0.00020617,26.02993350,370.96767728,79.06483651,194.51415483,-5.03169930,-7.93685563,
0.10000000,17.00000000,1.54816890,308.00000000,0.00000000,0.87085547,975.67231794,0.87085547,975.67231794,0.37308862,0.00136757,12.11931610,192.50669224,7.28149701,763.17838696,-4.96399269,-5.86425638,
0.10000000,18.00000000,2.02482986,362.00000000,0.00000000,1.21171624,431.31575466,1.21171624,431.31575466,0.65586249,0.00033640,12.89898929,0.03007318,370.28641905,47.39415906,-5.55517361,-7.06114068,
0.10000000,19.00000000,1.29972100,266.00000000,0.00000000,1.31338645,16621.15494198,1.31338645,16621.15494198,0.80074395,0.00044285,16.87746450,8985.82433937,341.27565413,7276.38708742,-5.12199651,-7.90396563,
0.10000000,2.00000000,1.24242711,226.00000000,0.00000000,0.70058960,7005.09337080,0.70058960,7005.09337080,0.23049991,0.00001973,29.36839001,3444.65697917,53.85156966,3476.43044195,-4.70069950,-7.85990016,
0.10000000,20.00000000,4.59957862,334.00000000,0.00000000,0.81900638,33078.66939550,0.81900638,33078.66939550,0.33550137,0.00031029,21.22236387,25985.43720853,62.03581012,7009.27999898,-4.83194713,-6.94013989,
0.10000000,3.00000000,0.63831258,148.00000000,0.00000000,0.89394815,16621.15770982,0.89394815,16621.15770982,0.41434218,0.00009626,30.74633136,4562.65116969,327.40678727,11699.56025710,-4.79509717,-7.93164402,
0.10000000,4.00000000,1.73714781,336.00000000,0.00000000,0.99646777,671.42835789,0.99646777,671.42835789,0.51538041,0.00064490,40.42199779,0.00000000,64.68214816,565.53331710,-4.80442464,-7.90894842,
0.10000000,5.00000000,1.32595563,249.00000000,0.00000000,0.88369663,606.74488132,0.88369663,606.74488132,0.40885547,0.00004745,33.87078681,350.29874480,61.39652428,160.41664621,-4.74793715,-7.62179220,
0.10000000,6.00000000,0.93313479,155.00000000,0.00000000,0.95740814,2835.32646339,0.95740814,2835.32646339,0.45411655,0.00039147,4.40742668,1342.59227400,29.56646341,1458.10618386,-5.02900124,-6.54115446,
0.10000000,7.00000000,2.25443864,276.00000000,0.00000000,1.29388633,72568.51115854,1.29388633,72568.51115854,0.76230779,0.00026738,39.43048569,70758.26285669,97.20926654,1672.81381737,-5.31311167,-7.94732258,
0.10000000,8.00000000,2.64852214,310.00000000,0.00000000,1.00686616,7500.23519354,1.00686616,7500.23519354,0.49394386,0.00024186,37.02210426,12.64054347,41.80284453,7407.99855895,-5.12680443,-7.71142325,
0.10000000,9.00000000,0.73830962,166.00000000,0.00000000,0.98602050,1338.38242208,0.98602050,1338.38242208,0.53064350,0.00013044,33.26450987,29.78439368,15.20161431,1259.43981511,-4.55246567,-6.92089112,
1000000.00000000,1.00000000,1.47915053,186.00000000,0.00000000,604.35592550,694.47789723,604.35592550,694.47789723,15.08670368,585.55425580,6.61284986,27.13028651,15.04114505,641.70197516,-0.00000371,-0.00000399,
1000000.00000000,10.00000000,0.73472619,160.00000000,0.00000000,247.42485342,670.46650638,247.42485342,670.46650638,13.52990327,232.78914012,8.22734024,395.85286609,13.29464554,251.98495649,-0.00000111,-0.00000111,
1000000.00000000,11.00000000,1.35269427,214.00000000,0.00000000,640.07276370,662.71044887,640.07276370,662.71044887,19.72993627,616.36388600,2.71857255,11.85157933,17.54281598,626.80978133,-0.00000398,-0.00000379,
1000000.00000000,12.00000000,0.72395182,202.00000000,0.00000000,441.50099408,642.71509655,441.50099408,642.71509655,9.75748911,429.63949962,11.77711934,211.18211007,10.21617445,407.51278651,-0.00000210,-0.00000203,
1000000.00000000,13.00000000,2.26512766,217.00000000,0.00000000,534.44907525,638.43842204,534.44907525,638.43842204,16.80819203,514.75515852,5.24490842,126.15261292,15.71428649,488.40660627,-0.00000289,-0.00000292,
1000000.00000000,14.00000000,0.88404608,151.00000000,0.00000000,542.26676727,584.14131266,542.26676727,584.14131266,16.22894223,522.23846120,5.47312801,146.37946341,16.18540417,412.70275057,-0.00000380,-0.00000340,
1000000.00000000,15.00000000,1.41826987,197.00000000,0.00000000,536.32260795,600.31820634,536.32260795,600.31820634,15.52850504,516.55156024,6.15709564,145.49393351,15.54199633,429.39544349,-0.00000424,-0.00000373,
1000000.00000000,16.00000000,2.15334988,162.00000000,0.00000000,339.93364015,620.05387864,339.93364015,620.05387864,16.49304960,322.02644094,5.02057728,332.92209166,16.97234012,263.91972468,-0.00000141,-0.00000122,
1000000.00000000,17.00000000,1.16852045,168.00000000,0.00000000,501.95854174,681.04698039,501.95854174,681.04698039,18.78887145,480.50343327,3.30683660,144.12229215,17.56130907,513.45927007,-0.00000267,-0.00000260,
1000000.00000000,18.00000000,1.65892291,239.00000000,0.00000000,613.77356193,618.48746137,613.77356193,618.48746137,15.96926333,594.16854691,5.86549492,56.59300618,15.51950507,536.85201831,-0.00000364,-0.00000366,
1000000.00000000,19.00000000,1.29031682,231.00000000,0.00000000,529.40430224,636.66605303,529.40430224,636.66605303,13.59989171,513.45495153,8.02534087,129.31400142,13.76891212,483.23753601,-0.00000235,-0.00000232,
1000000.00000000,2.00000000,1.21700668,187.00000000,0.00000000,500.23014871,684.88886052,500.23014871,684.88886052,18.34762711,479.06615076,3.30556733,139.32962835,18.42509670,520.87788006,-0.00000282,-0.00000295,
1000000.00000000,20.00000000,1.52659082,167.00000000,0.00000000,538.77560777,656.88795430,538.77560777,656.88795430,16.38989776,518.65231934,5.39032712,114.76124044,16.10894637,517.13141795,-0.00000373,-0.00000350,
1000000.00000000,3.00000000,0.94592047,192.00000000,0.00000000,526.73377859,698.72881658,526.73377859,698.72881658,16.12736726,507.33774966,5.41228426,106.31535387,16.57457440,566.99872161,-0.00000327,-0.00000343,
1000000.00000000,4.00000000,1.02060390,191.00000000,0.00000000,431.24405977,639.31588280,431.24405977,639.31588280,16.09248470,413.37879406,5.47550978,231.76837351,16.42807489,383.93988221,-0.00000177,-0.00000170,
1000000.00000000,5.00000000,1.48359990,163.00000000,0.00000000,311.99630839,636.00176352,311.99630839,636.00176352,14.94080605,295.91154298,6.51656389,352.11250620,15.56255299,260.74169938,-0.00000114,-0.00000107,
1000000.00000000,6.00000000,0.79674864,138.00000000,0.00000000,308.39250129,652.36748707,308.39250129,652.36748707,11.95835047,295.46761418,9.94717712,343.39658580,11.29520829,286.74984388,-0.00000097,-0.00000098,
1000000.00000000,7.00000000,0.82063198,166.00000000,0.00000000,317.31055813,648.41247759,317.31055813,648.41247759,11.05711489,305.02188684,10.62876883,334.77637096,11.02144303,290.82858069,-0.00000123,-0.00000116,
1000000.00000000,8.00000000,1.04413557,213.00000000,0.00000000,479.10001498,683.44285832,479.10001498,683.44285832,18.84317081,457.80794519,2.99127968,163.03775893,18.39483509,496.52756091,-0.00000245,-0.00000249,
1000000.00000000,9.00000000,0.48426461,110.00000000,0.00000000,259.11156709,631.96664883,259.11156709,631.96664883,10.74590904,247.22911288,10.98423631,402.68223175,10.56059608,206.67122941,-0.00000114,-0.00000107,
100000.00000000,1.00000000,1.66724300,229.00000000,0.00000000,572.67479603,656.91372920,572.67479603,656.91372920,15.22126285,524.76959134,6.66823534,27.83386246,15.19162822,572.22486299,-0.00032684,-0.00034995,
100000.00000000,10.00000000,1.28106570,135.00000000,0.00000000,238.07453531,648.59745993,238.07453531,648.59745993,13.62210457,214.50021802,8.26391188,384.09089245,13.37670289,232.90173818,-0.00009952,-0.00009964,
100000.00000000,11.00000000,1.10000134,236.00000000,0.00000000,606.37861833,629.57107654,606.37861833,629.57107654,19.98484250,552.13619772,2.67058005,12.45354169,17.74822508,563.95138399,-0.00034258,-0.00032747,
100000.00000000,12.00000000,1.59366632,235.00000000,0.00000000,423.60704182,616.36412401,423.60704182,616.36412401,9.77316300,395.04596128,11.92322628,200.29895481,10.22587496,375.84609777,-0.00018788,-0.00018070,
100000.00000000,13.00000000,1.97010946,231.00000000,0.00000000,510.22251506,608.67834023,510.22251506,608.67834023,16.95207662,467.71025606,5.24905451,119.55374156,15.84594745,442.19625227,-0.00025560,-0.00025833,
100000.00000000,14.00000000,1.16778827,203.00000000,0.00000000,510.77921591,563.31540704,510.77921591,563.31540704,16.33122650,462.24567744,5.58290065,146.61818745,16.30811252,365.93866038,-0.00032202,-0.00028868,
100000.00000000,15.00000000,1.28276062,242.00000000,0.00000000,501.92496718,577.86854009,501.92496718,577.86854009,15.73313182,451.89857472,6.18804344,146.94067802,15.72602436,378.80250361,-0.00034293,-0.00030211,
100000.00000000,16.00000000,0.92719769,188.00000000,0.00000000,327.87356430,599.22529792,327.87356430,599.22529792,16.54534516,298.68332268,5.08006227,320.00093791,17.01623991,246.21613876,-0.00012645,-0.00010912,
100000.00000000,17.00000000,2.00694060,276.00000000,0.00000000,479.66019691,648.90983966,479.66019691,648.90983966,18.89531509,437.61436881,3.34098496,136.85980396,17.67713595,468.40010008,-0.00023151,-0.00022632,
100000.00000000,18.00000000,1.05921125,235.00000000,0.00000000,583.24824884,588.75559211,583.24824884,588.75559211,16.02881120,535.59682704,6.00099807,53.22880342,15.57929224,482.20394141,-0.00031623,-0.00031743,
100000.00000000,19.00000000,1.87768316,283.00000000,0.00000000,509.16269759,608.15568251,509.16269759,608.15568251,13.70829961,474.06659108,8.04935929,119.67730979,13.89362502,445.42070214,-0.00021388,-0.00021115,
100000.00000000,2.00000000,1.38464475,249.00000000,0.00000000,476.60219804,652.57300709,476.60219804,652.57300709,18.44340080,433.61197971,3.35662299,133.48206087,18.50824023,471.51009620,-0.00024547,-0.00025716,
100000.00000000,20.00000000,1.24421024,227.00000000,0.00000000,508.44149817,629.85002473,508.44149817,629.85002473,16.53994652,461.08359713,5.45755704,116.24890403,16.23855272,462.84683302,-0.00030818,-0.00029058,
100000.00000000,3.00000000,1.40525985,254.00000000,0.00000000,499.96486986,666.11169240,499.96486986,666.11169240,16.24276643,456.44235222,5.48546812,104.52474339,16.69415069,510.85647528,-0.00027280,-0.00028551,
100000.00000000,4.00000000,1.25083876,250.00000000,0.00000000,416.24422738,615.06415077,416.24422738,615.06415077,16.14265129,384.26155188,5.52255630,220.55398636,16.47910411,357.30233060,-0.00015840,-0.00015206,
100000.00000000,5.00000000,1.84749317,249.00000000,0.00000000,302.78545524,621.49022593,302.78545524,621.49022593,14.94598793,278.16537709,6.54562402,344.96452602,15.56932022,245.36531832,-0.00009674,-0.00009045,
100000.00000000,6.00000000,0.98222876,172.00000000,0.00000000,300.00942649,635.83745750,300.00942649,635.83745750,11.98469818,279.12246543,9.95670222,334.90285510,11.32159451,270.64887861,-0.00008902,-0.00009007,
100000.00000000,7.00000000,0.91217709,193.00000000,0.00000000,306.16010632,626.11710678,306.16010632,626.11710678,11.09753410,283.33781708,10.71279289,322.23027970,11.06106241,271.08654138,-0.00011725,-0.00011026,
100000.00000000,8.00000000,3.47073388,277.00000000,0.00000000,458.19621579,652.06144921,458.19621579,652.06144921,19.00350327,417.54037437,2.98823807,154.31702978,18.54207739,454.12897858,-0.00021652,-0.00022085,
100000.00000000,9.00000000,0.73674250,132.00000000,0.00000000,249.19887389,615.55496464,249.19887389,615.55496464,10.82050872,227.96434218,10.98858403,393.89440952,10.62950880,190.25763670,-0.00010414,-0.00009785,
10000.00000000,1.00000000,1.92143583,257.00000000,0.00000000,397.61295651,460.45346096,397.61295651,460.45346096,15.84087079,261.13258114,6.97926571,32.69600324,15.92566603,278.40224986,-0.01206395,-0.01264503,
10000.00000000,10.00000000,1.31661105,202.00000000,0.00000000,180.66019186,518.64679365,180.66019186,518.64679365,14.19794667,123.69923983,8.46338940,316.44954761,13.89030593,136.78577716,-0.00427630,-0.00430578,
10000.00000000,11.00000000,1.92593551,287.00000000,0.00000000,424.37704758,449.20939122,424.37704758,449.20939122,21.14962453,279.92982313,2.46977008,16.07656809,18.68852646,291.97255626,-0.01232976,-0.01200020,
10000.00000000,12.00000000,1.76267719,297.00000000,0.00000000,318.87547273,467.75605399,318.87547273,467.75605399,9.88320280,233.49828283,12.69408136,144.50740403,10.30422797,228.03364199,-0.00754940,-0.00722167,
10000.00000000,13.00000000,1.26310873,268.00000000,0.00000000,369.08580392,443.64929521,369.08580392,443.64929521,17.66436416,250.92377883,5.29317772,88.91873287,16.48682300,231.93150583,-0.01004977,-0.01010191,
10000.00000000,14.00000000,1.11989021,224.00000000,0.00000000,350.68192886,448.74063606,350.68192886,448.74063606,16.75202776,230.49015120,6.14885536,147.20123591,16.81054733,184.88712958,-0.01034397,-0.00936929,
10000.00000000,15.00000000,0.89272165,249.00000000,0.00000000,329.88348787,449.81790835,329.88348787,449.81790835,16.72760687,203.64108835,6.34103135,148.75121976,16.59437119,180.40882399,-0.01095148,-0.00977225,
10000.00000000,16.00000000,2.06552696,220.00000000,0.00000000,253.92724359,474.93568473,253.92724359,474.93568473,16.75869835,181.94991296,5.43450244,247.59830386,17.17591677,156.71898787,-0.00552186,-0.00480080,
10000.00000000,17.00000000,2.13401818,274.00000000,0.00000000,349.98222808,470.65917596,349.98222808,470.65917596,19.39551291,238.32726015,3.54220834,100.69575218,18.26890110,257.72907283,-0.00922595,-0.00904232,
10000.00000000,18.00000000,1.15292048,287.00000000,0.00000000,415.32001325,425.11458026,415.32001325,425.11458026,16.21861214,283.10399623,6.73743990,37.04412091,15.79419522,250.02773642,-0.01159974,-0.01155111,
10000.00000000,19.00000000,1.54138637,289.00000000,0.00000000,386.28074020,445.88150623,386.28074020,445.88150623,14.34751692,280.91583645,8.14900813,71.83064901,14.62608694,262.12979605,-0.00910174,-0.00891460,
10000.00000000,2.00000000,1.52849436,265.00000000,0.00000000,339.18547671,473.32799128,339.18547671,473.32799128,18.92205831,222.78143936,3.65252574,106.18006989,18.92207955,242.13306391,-0.00974820,-0.01024403,
10000.00000000,20.00000000,1.26754236,239.00000000,0.00000000,354.37345497,486.24576467,354.37345497,486.24576467,17.18477702,237.45286664,5.79855625,121.49594549,16.79034946,246.72352516,-0.00997358,-0.00954374,
10000.00000000,3.00000000,1.11605883,236.00000000,0.00000000,357.66017187,492.24816878,357.66017187,492.24816878,16.72893117,245.63650640,5.86464712,92.22529350,17.19614834,277.58261078,-0.00952947,-0.00993795,
10000.00000000,4.00000000,2.17113304,233.00000000,0.00000000,322.18844585,470.27418881,322.18844585,470.27418881,16.35562516,234.68233173,5.80375722,159.45547180,16.68892362,220.19477956,-0.00711505,-0.00681313,
10000.00000000,5.00000000,3.37591982,251.00000000,0.00000000,242.44500004,526.68296700,242.44500004,526.68296700,14.91550896,180.47139382,6.73600261,299.56048382,15.54315400,160.70305688,-0.00470581,-0.00441403,
10000.00000000,6.00000000,1.26061440,224.00000000,0.00000000,243.28661157,521.07662886,243.28661157,521.07662886,12.17598455,185.38223417,10.04513073,274.76932961,11.50897841,178.82894402,-0.00457284,-0.00459242,
10000.00000000,7.00000000,0.97599339,237.00000000,0.00000000,237.14137572,492.76607716,237.14137572,492.76607716,11.35512706,173.73211798,11.17427870,251.50012729,11.31155143,169.20897641,-0.00520541,-0.00495711,
10000.00000000,8.00000000,1.72698927,254.00000000,0.00000000,336.86389531,475.44556596,336.86389531,475.44556596,19.82082867,230.56569258,2.98101110,111.29481741,19.28779501,252.51755745,-0.00864774,-0.00893644,
10000.00000000,9.00000000,0.70026374,150.00000000,0.00000000,185.53397158,508.96186530,185.53397158,508.96186530,11.34393146,125.50103275,11.02103039,337.68851484,11.11165764,103.55185869,-0.00486890,-0.00455888,
1000.00000000,1.00000000,2.41029549,259.00000000,0.00000000,137.12015471,188.55217561,137.12015471,188.55217561,15.24808229,41.78228075,7.42243916,38.93427231,15.57340480,45.84626662,-0.08008979,-0.08077579,
1000.00000000,10.00000000,1.00542903,178.00000000,0.00000000,77.48095897,293.67983429,77.48095897,293.67983429,15.14899788,26.87284785,8.51560172,204.21322757,14.72857684,30.34942982,-0.03545911,-0.03587300,
1000.00000000,11.00000000,0.99199343,237.00000000,0.00000000,156.93737585,181.60834744,156.93737585,181.60834744,20.62323580,51.76219390,2.32965802,22.06168753,18.38000380,53.94085721,-0.08455195,-0.08489614,
1000.00000000,12.00000000,2.56072831,216.00000000,0.00000000,135.14485830,226.81566222,135.14485830,226.81566222,9.93506878,58.40676168,13.40021178,75.50174773,10.28552541,63.37207987,-0.06680303,-0.06425610,
1000.00000000,13.00000000,1.65243030,288.00000000,0.00000000,144.29016620,196.05863377,144.29016620,196.05863377,16.94737775,54.92693635,5.36848614,54.17154035,15.91924211,48.11259109,-0.07241585,-0.07248677,
1000.00000000,14.00000000,1.32886839,217.00000000,0.00000000,135.83539663,262.75593145,135.83539663,262.75593145,15.62724475,52.46285365,6.78239706,133.15963029,15.78365693,44.15129114,-0.06774530,-0.06287896,
1000.00000000,15.00000000,1.45429587,243.00000000,0.00000000,112.87040182,247.43456625,112.87040182,247.43456625,16.59620974,34.47617090,6.46220924,132.13772539,16.30738256,35.56951623,-0.06179802,-0.05695773,
1000.00000000,16.00000000,1.25625515,173.00000000,0.00000000,114.15227273,254.30994689,114.15227273,254.30994689,15.70036482,46.27627827,5.91968967,139.07809133,15.94231281,46.02301594,-0.05217563,-0.04734684,
1000.00000000,17.00000000,1.81066179,284.00000000,0.00000000,141.66040468,202.70626818,141.66040468,202.70626818,18.41344292,55.02198171,3.79297281,54.91086455,17.75823081,59.38052042,-0.06822498,-0.06686368,
1000.00000000,18.00000000,1.58817029,272.00000000,0.00000000,153.93200574,176.74200770,153.93200574,176.74200770,14.93483093,52.89188243,7.66433102,23.40748114,14.76272680,47.07178292,-0.08610529,-0.08383569,
1000.00000000,19.00000000,1.61801648,253.00000000,0.00000000,162.28553567,188.70461662,162.28553567,188.70461662,14.94489286,66.52894212,7.90706885,23.42008512,15.34687917,63.98449344,-0.08081170,-0.07804609,
1000.00000000,2.00000000,1.39875984,251.00000000,0.00000000,122.48325161,210.41536956,122.48325161,210.41536956,18.13608982,37.11686982,4.12659903,76.79549943,18.03171582,40.53142097,-0.06723029,-0.07093013,
1000.00000000,20.00000000,2.80016661,245.00000000,0.00000000,143.47902613,267.37863918,143.47902613,267.37863918,16.16473917,58.10685818,6.10081751,114.73953746,15.80270493,62.14655429,-0.06920743,-0.06858902,
1000.00000000,3.00000000,1.01472902,220.00000000,0.00000000,145.61819012,234.00488851,145.61819012,234.00488851,15.52906657,58.25199399,6.29156465,70.34451648,15.85311063,67.20988117,-0.07183713,-0.07430582,
1000.00000000,4.00000000,1.21690941,230.00000000,0.00000000,142.08437760,221.33700936,142.08437760,221.33700936,15.32818782,59.72089889,6.12439407,75.88378991,15.55614339,59.74352035,-0.06703529,-0.06402916,
1000.00000000,5.00000000,1.39700270,257.00000000,0.00000000,114.35323555,343.08225500,114.35323555,343.08225500,13.56811142,49.58586241,7.07581830,226.44620679,14.14507900,47.14594737,-0.05119926,-0.04826920,
1000.00000000,6.00000000,1.59054708,217.00000000,0.00000000,115.95115185,270.95920717,115.95115185,270.95920717,12.46489320,52.13048799,10.04310191,148.11661759,11.77639435,50.20257707,-0.05135577,-0.05082052,
1000.00000000,7.00000000,0.82427168,177.00000000,0.00000000,103.23558153,255.39022558,103.23558153,255.39022558,11.75675940,40.96831500,11.53037730,142.72387979,11.70394231,40.36936545,-0.05051051,-0.04906266,
1000.00000000,8.00000000,1.54977179,260.00000000,0.00000000,139.01552848,205.05141811,139.01552848,205.05141811,19.40826025,53.76222557,3.01634540,58.34295249,18.76741613,56.48459454,-0.06584504,-0.06844011,
1000.00000000,9.00000000,0.84058738,170.00000000,0.00000000,67.44682066,309.90400394,67.44682066,309.90400394,12.48251309,16.22927834,11.00851040,237.78329276,12.15623983,12.43214751,-0.03873503,-0.03652381,
100.00000000,1.00000000,1.67155623,179.00000000,0.00000000,33.36121389,74.45882929,33.36121389,74.45882929,11.07681679,2.48549107,7.28027032,32.66568170,11.18357317,3.40122919,-0.19798906,-0.19928075,
100.00000000,10.00000000,1.79096675,130.00000000,0.00000000,27.66228483,189.74792095,27.66228483,189.74792095,13.91951203,2.64403090,7.21686265,154.56300806,13.51076008,3.31125479,-0.11098742,-0.11146035,
100.00000000,11.00000000,0.84512615,169.00000000,0.00000000,41.73980067,64.21309047,41.73980067,64.21309047,15.01144531,3.17431177,2.52889110,20.23180166,14.32008024,3.90392584,-0.23554044,-0.23228392,
100.00000000,12.00000000,2.06140447,177.00000000,0.00000000,36.12130520,122.68339626,36.12130520,122.68339626,9.00640354,5.12095439,12.44612708,71.98505733,9.21877197,7.25658697,-0.21993947,-0.21776853,
100.00000000,13.00000000,0.65127778,176.00000000,0.00000000,40.85105981,84.36753133,40.85105981,84.36753133,11.53264472,5.57499488,5.37351867,39.98498512,11.29957815,4.35116908,-0.23743420,-0.23358280,
100.00000000,14.00000000,0.50577283,126.00000000,0.00000000,38.03585168,166.12548090,38.03585168,166.12548090,10.95627002,4.99300532,6.44545620,122.99723958,11.10341722,4.75902908,-0.22086576,-0.20820339,
100.00000000,15.00000000,0.97371292,162.00000000,0.00000000,32.08222162,157.84255390,32.08222162,157.84255390,12.04760334,3.33405156,6.27443782,119.06213895,11.97214620,4.50619856,-0.16700567,-0.16027632,
100.00000000,16.00000000,0.59483910,113.00000000,0.00000000,34.77817897,150.97877699,34.77817897,150.97877699,11.50737578,4.47503052,5.54544779,110.17620890,11.41038391,5.70091142,-0.18795773,-0.18145825,
100.00000000,17.00000000,1.21152949,172.00000000,0.00000000,42.46962302,73.46304041,42.46962302,73.46304041,13.27201369,5.96112868,3.56198667,26.94743238,13.08148840,7.36425078,-0.23236481,-0.22507882,
100.00000000,18.00000000,0.92884231,152.00000000,0.00000000,37.40160857,65.99744816,37.40160857,65.99744816,11.16978874,3.31543087,7.11366730,22.18621980,11.18605835,2.97723468,-0.22916389,-0.22534268,
100.00000000,19.00000000,0.99496603,162.00000000,0.00000000,44.04812850,83.78464501,44.04812850,83.78464501,12.54247884,5.37958240,6.75252324,33.13234568,12.85732993,5.55495714,-0.26126067,-0.25487489,
100.00000000,2.00000000,1.68235731,171.00000000,0.00000000,34.12898190,99.85964295,34.12898190,99.85964295,13.11203775,3.07698340,4.16345955,60.54391030,12.92235442,3.18427946,-0.17939961,-0.19045639,
100.00000000,20.00000000,0.78197408,166.00000000,0.00000000,40.25148752,152.91098921,40.25148752,152.91098921,11.69163860,4.94896210,5.86991474,105.68005457,11.73263425,6.05694356,-0.23610887,-0.23571442,
100.00000000,3.00000000,0.71410227,152.00000000,0.00000000,39.44112479,139.64402771,39.44112479,139.64402771,10.52989661,4.87492671,6.19368561,91.07444862,10.62656800,7.20048833,-0.24036301,-0.24548837,
100.00000000,4.00000000,1.54559231,157.00000000,0.00000000,40.40959800,94.53453285,40.40959800,94.53453285,11.41187786,5.42261715,5.71079052,47.68120713,11.63259931,6.72601496,-0.23575103,-0.22783921,
100.00000000,5.00000000,0.76790333,132.00000000,0.00000000,33.23941067,279.48311399,33.23941067,279.48311399,9.42944292,4.24906280,7.25601821,238.47846238,9.92275509,5.09756103,-0.19560905,-0.18728317,
100.00000000,6.00000000,0.62246895,128.00000000,0.00000000,35.54773803,144.34295413,35.54773803,144.34295413,11.04735045,5.11407833,8.55607275,100.86531823,10.40425711,5.41068258,-0.19386309,-0.19106623,
100.00000000,7.00000000,0.64215469,130.00000000,0.00000000,29.66164906,143.76885729,29.66164906,143.76885729,11.11053894,2.91169660,10.54343616,103.17758406,11.09986676,3.85527550,-0.15639414,-0.15092695,
100.00000000,8.00000000,1.06628013,168.00000000,0.00000000,42.67846480,74.56392948,42.67846480,74.56392948,14.16058866,5.72458395,3.21236577,28.70181993,13.55300995,5.77123217,-0.22793292,-0.23325502,
100.00000000,9.00000000,0.59184933,110.00000000,0.00000000,20.29447505,238.35609259,20.29447505,238.35609259,11.63672924,0.60686361,10.15488767,208.86624539,11.26165393,0.30723396,-0.08050882,-0.07766072,
10.00000000,1.00000000,0.75770450,79.00000000,0.00000000,10.42584704,40.99085339,10.42584704,40.99085339,5.56382497,0.03663927,6.86407699,22.69968789,6.05979973,0.83720420,-0.48253828,-0.45300846,
10.00000000,10.00000000,0.44498181,74.00000000,0.00000000,12.33871391,199.12397259,12.33871391,199.12397259,7.76639002,0.05435365,6.59129365,149.14998864,7.21070481,31.19380019,-0.45179702,-0.49781853,
10.00000000,11.00000000,0.46178532,77.00000000,0.00000000,13.45983419,28.19298373,13.45983419,28.19298373,7.23121911,0.04404368,5.62119981,7.81898567,7.54919367,1.40944605,-0.61845714,-0.57941585,
10.00000000,12.00000000,0.49709582,78.00000000,0.00000000,10.69846122,129.80116070,10.69846122,129.80116070,5.64531867,0.11056757,11.97863407,105.94327311,6.79120061,0.85120301,-0.49425750,-0.42368499,
10.00000000,13.00000000,0.47302222,90.00000000,0.00000000,11.82983783,94.81003389,11.82983783,94.81003389,5.97594914,0.09516157,7.04970566,75.78287480,6.12474764,0.28480285,-0.57587271,-0.55679029,
10.00000000,14.00000000,0.29951668,57.00000000,0.00000000,11.29026315,189.14187599,11.29026315,189.14187599,5.87044544,0.11755186,6.30034068,171.45893766,6.19728422,0.18660071,-0.53022658,-0.49987127,
10.00000000,15.00000000,0.47839355,76.00000000,0.00000000,11.39780138,112.00730685,11.39780138,112.00730685,6.86394225,0.07044288,7.44537043,91.59943391,7.35813007,1.49608240,-0.44634163,-0.41082900,
10.00000000,16.00000000,0.33921409,56.00000000,0.00000000,11.59350869,156.11785483,11.59350869,156.11785483,6.67287297,0.10761600,5.52032689,138.66894911,6.37441677,0.59968349,-0.48130197,-0.49544786,
10.00000000,17.00000000,0.58687639,86.00000000,0.00000000,13.28378211,37.93559398,13.28378211,37.93559398,6.88861209,0.14608921,3.91669396,17.28863543,7.39760978,3.48503708,-0.62490808,-0.58476177,
10.00000000,18.00000000,0.46430492,75.00000000,0.00000000,12.08185049,32.20419005,12.08185049,32.20419005,7.42746533,0.05970665,6.19749500,13.81025505,7.61925382,0.08257904,-0.45946785,-0.44946072,
10.00000000,19.00000000,0.68369150,84.00000000,0.00000000,13.33014823,174.98975645,13.33014823,174.98975645,7.36819426,0.09097939,5.35509938,140.11001141,6.66684488,13.99592655,-0.58709746,-0.88618742,
10.00000000,2.00000000,0.36236000,79.00000000,0.00000000,11.94096214,115.53783059,11.94096214,115.53783059,6.83887393,0.06065242,4.26694640,98.93248370,7.33519404,0.29221491,-0.50414358,-0.47109915,
10.00000000,20.00000000,0.51054764,86.00000000,0.00000000,12.39588354,121.70796991,12.39588354,121.70796991,6.80320399,0.07907771,9.22252077,97.29473864,7.36167882,2.57940004,-0.55136018,-0.52496316,
10.00000000,3.00000000,0.29174471,67.00000000,0.00000000,11.01831850,174.86408290,11.01831850,174.86408290,5.58800908,0.10113683,6.39595613,134.30021761,4.63373997,21.55699721,-0.53291726,-0.79771720,
10.00000000,4.00000000,0.41285038,75.00000000,0.00000000,12.17965681,59.01614595,12.17965681,59.01614595,6.40766015,0.13358649,6.47176526,38.49990229,7.33030908,1.75619855,-0.56384102,-0.49579708,
10.00000000,5.00000000,0.29343271,61.00000000,0.00000000,10.11433335,279.44167891,10.11433335,279.44167891,5.64491128,0.07704581,7.97366987,260.00064337,6.28465440,1.19505322,-0.43923763,-0.39876580,
10.00000000,6.00000000,0.77149701,59.00000000,0.00000000,11.56945855,173.20607480,11.56945855,173.20607480,6.42561423,0.12645082,6.38859397,153.64522643,5.95713413,2.01369549,-0.50173935,-0.52014248,
10.00000000,7.00000000,0.33431721,67.00000000,0.00000000,11.47741203,115.28905883,11.47741203,115.28905883,7.56200470,0.04898142,10.60274797,92.02637460,6.67309595,1.09072342,-0.38664259,-0.48961169,
10.00000000,8.00000000,0.46824241,75.00000000,0.00000000,13.95936341,53.74061517,13.95936341,53.74061517,7.66286869,0.11193896,5.38698511,20.59972100,7.46873574,14.01384643,-0.61845558,-0.62713269,
10.00000000,9.00000000,0.22865343,52.00000000,0.00000000,9.51280869,287.60185893,9.51280869,287.60185893,6.24592647,0.01874764,8.36191208,269.92304298,5.77668351,0.12155361,-0.32481346,-0.34186667,
1.00000000,1.00000000,0.86707163,102.00000000,0.00000000,3.00603057,762.21013354,3.00603057,762.21013354,1.09483989,0.00042723,7.95377604,135.61122365,4.81394060,611.06027782,-1.91076346,-2.77091544,
1.00000000,10.00000000,5.59196019,109.00000000,0.00000000,3.89747840,32154.99936261,3.89747840,32154.99936261,1.49476753,0.00125563,67.03552862,79.07577855,11.16078334,31993.51889575,-2.40145524,-4.20837634,
1.00000000,11.00000000,0.67820644,127.00000000,0.00000000,3.88439521,487.98355253,3.88439521,487.98355253,1.45402346,0.00181212,20.30043044,8.77914020,5.43272799,450.42180081,-2.42855963,-3.04945309,
1.00000000,12.00000000,0.78549004,98.00000000,0.00000000,3.36062382,213.86998567,3.36062382,213.86998567,1.39947416,0.00242004,12.95656996,170.97174125,3.04386491,25.06578072,-1.95872962,-1.83202882,
1.00000000,13.00000000,0.70005584,118.00000000,0.00000000,3.41636357,191.46464709,3.41636357,191.46464709,1.26748375,0.00342512,12.98939082,134.99710423,4.83845499,36.16372400,-2.14545471,-2.47597304,
1.00000000,14.00000000,0.50657988,84.00000000,0.00000000,3.66194847,577.81585336,3.66194847,577.81585336,1.61748187,0.00160190,5.91660693,295.67242904,3.00705327,271.12750645,-2.04286469,-2.09225766,
1.00000000,15.00000000,0.77618957,102.00000000,0.00000000,3.99440767,24848.90722765,3.99440767,24848.90722765,1.80457367,0.00128342,40.68759028,16852.31769829,11.31322742,7939.60328410,-2.18855057,-4.98542756,
1.00000000,16.00000000,0.41550040,69.00000000,0.00000000,4.01990348,445.25849607,4.01990348,445.25849607,1.83291032,0.00122267,6.69288184,159.11230232,10.58506592,265.27223143,-2.18577049,-3.59601456,
1.00000000,17.00000000,1.05847001,143.00000000,0.00000000,3.89096273,83.04624509,3.89096273,83.04624509,1.44645421,0.00511304,5.21750844,26.69669536,3.54008608,45.23482951,-2.43939548,-2.35712568,
1.00000000,18.00000000,0.72751474,95.00000000,0.00000000,4.36758739,444.25327247,4.36758739,444.25327247,2.00145848,0.00192209,5.63220926,3.08096619,9.31917962,423.75448043,-2.36420682,-2.46643698,
1.00000000,19.00000000,0.80536079,112.00000000,0.00000000,4.43016315,16610.71535457,4.43016315,16610.71535457,1.96739454,0.00112630,16.86126692,8972.69523375,341.08821883,7272.17045062,-2.46164230,-7.90018445,
1.00000000,2.00000000,0.64249992,106.00000000,0.00000000,3.59927874,263.86630381,3.59927874,263.86630381,1.23063094,0.00084837,6.04025647,128.69355974,4.85532177,121.74219366,-2.36779943,-2.53497216,
1.00000000,20.00000000,1.47360229,120.00000000,0.00000000,3.73969981,26068.36061750,3.73969981,26068.36061750,1.37700025,0.00205191,41.74372534,450.30849346,9.17002300,25564.01707511,-2.36064766,-3.12130059,
1.00000000,3.00000000,0.31343150,65.00000000,0.00000000,3.48479157,16628.24139042,3.48479157,16628.24139042,1.51205137,0.00087823,30.74619966,4562.63264671,327.40622190,11699.52470369,-1.97186198,-7.93161845,
1.00000000,4.00000000,1.04892373,105.00000000,0.00000000,3.78235697,217.27298481,3.78235697,217.27298481,1.58221271,0.00341968,11.11238344,18.39460024,10.93143358,173.29586844,-2.19672458,-3.53869912,
1.00000000,5.00000000,0.83909607,110.00000000,0.00000000,3.45890755,649.85866332,3.45890755,649.85866332,1.58147928,0.00063318,12.53841353,151.22272597,10.99656174,471.40101024,-1.87679510,-3.69995184,
1.00000000,6.00000000,0.44873786,74.00000000,0.00000000,3.82803739,965.76005521,3.82803739,965.76005521,1.61562100,0.00246318,5.76322930,250.31077511,3.11129377,704.05840129,-2.20995321,-2.51635574,
1.00000000,7.00000000,0.69910336,105.00000000,0.00000000,4.30118654,12988.81947598,4.30118654,12988.81947598,2.00116848,0.00089847,39.70146212,8748.13184887,238.86585049,3954.65574769,-2.29911959,-7.46456681,
1.00000000,8.00000000,1.32427859,120.00000000,0.00000000,4.19289268,91210.19473591,4.19289268,91210.19473591,1.56802629,0.00095858,43.45877406,1014.85710336,14.70606309,90131.61873704,-2.62390781,-5.55405835,
1.00000000,9.00000000,0.30496860,66.00000000,0.00000000,3.44071320,363.11065017,3.44071320,363.11065017,1.59685466,0.00043509,10.37110683,278.31891241,1.91555128,70.35683765,-1.84342345,-2.14824200,
20.00000000,1.00000000,0.64571333,84.00000000,0.00000000,14.31520742,47.02893496,14.31520742,47.02893496,7.53782693,0.15281665,6.96006172,25.12953856,7.59759525,0.67920368,-0.33122819,-0.33312679,
20.00000000,10.00000000,1.57462716,83.00000000,0.00000000,15.64200486,173.73086562,15.64200486,173.73086562,10.30017212,0.20589199,5.93045369,151.57620156,9.87637012,0.98110610,-0.25679704,-0.26833671,
20.00000000,11.00000000,0.58974266,108.00000000,0.00000000,18.44994808,35.12077270,18.44994808,35.12077270,9.81714346,0.17820591,3.91755057,12.18479915,9.83318667,1.05346207,-0.42272994,-0.40658871,
20.00000000,12.00000000,1.06223965,97.00000000,0.00000000,14.79340751,119.83044140,14.79340751,119.83044140,7.24509797,0.40303863,11.91356559,92.09562232,7.71426942,1.19851351,-0.35726355,-0.34542353,
20.00000000,13.00000000,1.24083734,130.00000000,0.00000000,16.68584736,83.40279561,16.68584736,83.40279561,7.75191954,0.38448293,6.15025576,60.93803406,7.67812678,0.25883089,-0.42747224,-0.41887741,
20.00000000,14.00000000,0.40241504,70.00000000,0.00000000,15.78438220,170.50155757,15.78438220,170.50155757,7.47201787,0.41591310,6.27625760,148.53859416,7.65797633,0.54061218,-0.39482256,-0.37440587,
20.00000000,15.00000000,0.74774766,97.00000000,0.00000000,15.04184974,125.45552766,15.04184974,125.45552766,8.51879951,0.27029782,6.62243121,103.10833564,8.74157346,0.98818295,-0.31263762,-0.29975022,
20.00000000,16.00000000,0.44466019,73.00000000,0.00000000,15.59319117,147.47978484,15.59319117,147.47978484,8.27683854,0.37797033,5.43620292,126.14938780,8.00777240,0.92664404,-0.34691912,-0.34798888,
20.00000000,17.00000000,0.72772574,105.00000000,0.00000000,18.42671558,42.61850043,18.42671558,42.61850043,9.06651819,0.51019230,3.64470318,18.99739230,9.12515732,2.31531417,-0.44250025,-0.42679667,
20.00000000,18.00000000,0.49240756,96.00000000,0.00000000,15.95408847,39.64212120,15.95408847,39.64212120,8.84449951,0.21998341,6.48207537,17.27725915,8.87649816,0.16001956,-0.34448028,-0.34231345,
20.00000000,19.00000000,0.68337464,103.00000000,0.00000000,18.31833068,115.07872580,18.31833068,115.07872580,9.13386779,0.35931740,5.58670686,91.10243007,8.98817153,0.40261966,-0.44125727,-0.44993988,
20.00000000,2.00000000,1.10074210,101.00000000,0.00000000,15.94974923,99.19463226,15.94974923,99.19463226,8.97967919,0.23080594,4.15924666,78.89994527,8.97022575,0.26106295,-0.33696321,-0.34520758,
20.00000000,20.00000000,0.51951933,93.00000000,0.00000000,16.96659738,127.62703754,16.96659738,127.62703754,8.65867872,0.32712033,6.81042512,102.83165341,8.97798182,1.19967949,-0.39903992,-0.39036488,
20.00000000,3.00000000,0.52701378,115.00000000,0.00000000,15.61388316,149.15379242,15.61388316,149.15379242,7.04858634,0.36639297,6.30799353,126.21009591,6.95635631,1.21106866,-0.40994519,-0.42341390,
20.00000000,4.00000000,0.84062457,93.00000000,0.00000000,16.88941024,65.64386758,16.88941024,65.64386758,8.20870242,0.45382110,5.95585693,41.70175963,8.75235268,1.55248160,-0.41134434,-0.38407084,
20.00000000,5.00000000,0.49439025,82.00000000,0.00000000,13.82665862,285.00787204,13.82665862,285.00787204,6.94185648,0.29856497,7.65466873,262.66306971,7.36196294,1.06550252,-0.32931186,-0.31313341,
20.00000000,6.00000000,0.48247313,82.00000000,0.00000000,15.73673190,152.69984151,15.73673190,152.69984151,8.10147305,0.43143837,6.92175706,129.49118455,7.56656169,1.44030328,-0.36019102,-0.36400175,
20.00000000,7.00000000,0.35915971,81.00000000,0.00000000,14.55553380,121.44883902,14.55553380,121.44883902,9.14308933,0.18688973,10.05234281,95.96687231,9.03460556,1.20411509,-0.26127774,-0.25954516,
20.00000000,8.00000000,0.74485230,108.00000000,0.00000000,19.02375268,43.66371052,19.02375268,43.66371052,9.87781259,0.43724235,4.08362470,20.71434664,9.48595990,0.51014248,-0.43543489,-0.44348184,
20.00000000,9.00000000,0.67779350,69.00000000,0.00000000,11.90159030,263.33282212,11.90159030,263.33282212,8.16412218,0.05307456,8.70700356,243.03088890,7.69970975,0.11485975,-0.18421968,-0.18901801,
2.00000000,1.00000000,0.57176232,73.00000000,0.00000000,4.56746941,76.65200219,4.56746941,76.65200219,1.95725554,0.00117037,6.96841157,41.46622215,2.96370283,22.47026086,-1.30452175,-1.39170239,
2.00000000,10.00000000,0.55180812,73.00000000,0.00000000,5.86409814,13927.64286270,5.86409814,13927.64286270,2.59111296,0.00227487,34.61721726,120.17200057,5.13416404,13762.33550424,-1.63535516,-2.69198829,
2.00000000,11.00000000,0.45956588,102.00000000,0.00000000,5.89460067,88.34929488,5.89460067,88.34929488,2.48926634,0.00407095,16.49265622,13.38292623,3.35144808,51.57075348,-1.70063169,-1.77575543,
2.00000000,12.00000000,1.29936194,94.00000000,0.00000000,4.93337681,191.04421092,4.93337681,191.04421092,2.34504262,0.00608491,12.48392083,158.40133200,4.02924951,13.88321082,-1.29112464,-1.12324888,
2.00000000,13.00000000,0.55122972,87.00000000,0.00000000,5.16923019,115.10322144,5.16923019,115.10322144,2.23188568,0.00749855,10.67568162,89.33438218,3.23225484,8.80226278,-1.46492298,-1.52932001,
2.00000000,14.00000000,0.21804667,54.00000000,0.00000000,5.28934458,306.62062185,5.28934458,306.62062185,2.62647089,0.00510676,6.19428166,259.15842110,3.44245634,35.22615314,-1.32888347,-1.29965480,
2.00000000,15.00000000,0.40225720,79.00000000,0.00000000,5.73078686,2834.55291688,5.73078686,2834.55291688,2.90906167,0.00381187,21.85762103,1316.53538130,3.60468814,1488.45885980,-1.40895666,-2.04818331,
2.00000000,16.00000000,0.23140264,36.00000000,0.00000000,5.75806664,235.19338784,5.75806664,235.19338784,2.93951373,0.00434699,6.09438922,180.70204869,2.77694071,42.24139462,-1.40710296,-1.68930729,
2.00000000,17.00000000,1.05807137,138.00000000,0.00000000,5.87898309,48.39167551,5.87898309,48.39167551,2.55896391,0.01134229,4.87518507,20.07538818,4.22679642,16.17031041,-1.65433845,-1.52199771,
2.00000000,18.00000000,0.36415768,66.00000000,0.00000000,6.22827267,277.46188464,6.22827267,277.46188464,3.23897475,0.00436956,5.73453345,7.33778067,5.32103117,256.03055755,-1.49246418,-1.51899090,
2.00000000,19.00000000,0.53843069,78.00000000,0.00000000,6.40752158,16102.48845906,6.40752158,16102.48845906,3.17405055,0.00319038,16.39310696,8570.40721581,336.12188543,7163.93888971,-1.61514033,-7.81368058,
2.00000000,2.00000000,1.02551508,74.00000000,0.00000000,5.50386114,152.17295305,5.50386114,152.17295305,2.39321008,0.00244908,5.28494394,126.16174935,4.32898364,13.54573260,-1.55410099,-1.42577176,
2.00000000,20.00000000,0.49426341,90.00000000,0.00000000,5.65596122,4270.16061761,5.65596122,4270.16061761,2.48711758,0.00485229,28.90472081,97.87691006,4.39584158,4135.34285479,-1.58199567,-1.82014519,
2.00000000,3.00000000,0.24986577,52.00000000,0.00000000,5.07442730,16619.53131235,5.07442730,16619.53131235,2.44649502,0.00366563,30.70143763,4554.95198286,327.21041379,11690.81433537,-1.31213333,-7.92657135,
2.00000000,4.00000000,0.31418705,67.00000000,0.00000000,5.56792822,59.06224092,5.56792822,59.06224092,2.59223390,0.00940900,9.07461009,26.16252170,3.86398404,16.99813770,-1.48314266,-1.48149370,
2.00000000,5.00000000,0.32449698,99.00000000,0.00000000,4.92968953,300.45612320,4.92968953,300.45612320,2.55328095,0.00238091,9.61619369,224.26819302,3.71014020,59.68234520,-1.18701383,-1.58962554,
2.00000000,6.00000000,0.25746012,51.00000000,0.00000000,5.58189978,300.39362867,5.58189978,300.39362867,2.73900877,0.00695121,6.10700458,198.27667858,2.89234485,89.95824279,-1.41796990,-1.57967893,
2.00000000,7.00000000,0.43135262,90.00000000,0.00000000,6.09928544,10999.46147278,6.09928544,10999.46147278,3.23193654,0.00245764,32.40184973,6750.98994493,239.78998376,3962.19252175,-1.43244563,-7.04358630,
2.00000000,8.00000000,1.19219160,96.00000000,0.00000000,6.34123289,23148.92339866,6.34123289,23148.92339866,2.76440245,0.00337489,21.04828771,78.96882220,4.88610117,23037.82718780,-1.78672777,-3.09649989,
2.00000000,9.00000000,0.31501341,63.00000000,0.00000000,4.90899161,316.57985849,4.90899161,316.57985849,2.52415176,0.00127848,9.27612887,298.08416004,2.52598824,4.17505717,-1.19178068,-1.25926209,
50.00000000,1.00000000,0.94545031,141.00000000,0.00000000,22.53718440,59.98386527,22.53718440,59.98386527,9.66745720,0.80862853,7.14362341,29.54800481,9.67430749,1.41023669,-0.24122197,-0.24415386,
50.00000000,10.00000000,1.51177144,111.00000000,0.00000000,21.28707483,179.92763720,21.28707483,179.92763720,12.73554569,0.98543475,6.57581832,151.86499789,12.35425877,1.47449136,-0.15132189,-0.15316142,
50.00000000,11.00000000,0.53479552,113.00000000,0.00000000,28.70720462,49.10880326,28.70720462,49.10880326,12.94737007,1.00671462,2.85564216,17.44818473,12.59683601,1.78204481,-0.29506240,-0.28852191,
50.00000000,12.00000000,0.50412178,112.00000000,0.00000000,23.94952747,116.48346018,23.94952747,116.48346018,8.45527050,1.85236523,12.14447312,78.87840574,8.67440385,3.21330382,-0.27283783,-0.27145747,
50.00000000,13.00000000,0.92380738,153.00000000,0.00000000,27.39442139,76.50510355,27.39442139,76.50510355,9.87377039,1.99862151,5.54600632,44.56993635,9.72857017,1.44664182,-0.31044059,-0.30427898,
50.00000000,14.00000000,0.53727221,92.00000000,0.00000000,25.60903234,161.30742319,25.60903234,161.30742319,9.51166904,1.86272335,6.32507876,129.88458522,9.62507695,1.97429176,-0.28469280,-0.26996781,
50.00000000,15.00000000,0.80308509,139.00000000,0.00000000,22.66080956,143.38521362,22.66080956,143.38521362,10.52705703,1.26389977,6.30002224,113.94959661,10.55624594,2.07572109,-0.21739706,-0.21007255,
50.00000000,16.00000000,0.79073906,93.00000000,0.00000000,24.13421566,144.34944020,24.13421566,144.34944020,10.17903895,1.67511686,5.44160538,114.33898116,9.99143072,2.55638975,-0.24560120,-0.24042066,
50.00000000,17.00000000,0.73861361,129.00000000,0.00000000,29.22428298,55.78460559,29.22428298,55.78460559,11.55747726,2.26135860,3.52770761,22.35627918,11.40407841,3.56053104,-0.30810894,-0.29872019,
50.00000000,18.00000000,0.79429102,130.00000000,0.00000000,24.97003510,52.04733375,24.97003510,52.04733375,10.20301902,1.10979471,6.83422429,20.56505180,10.21017814,0.92432966,-0.27314443,-0.27027100,
50.00000000,19.00000000,0.70348978,143.00000000,0.00000000,29.50618277,86.34792275,29.50618277,86.34792275,11.19659423,1.84466930,6.23991327,50.55038078,11.43378018,2.02087115,-0.32929838,-0.32205955,
50.00000000,2.00000000,1.62253118,122.00000000,0.00000000,24.06565578,91.94152074,24.06565578,91.94152074,11.39641319,1.11558778,4.13482306,63.27628311,11.23422897,1.09712430,-0.23107310,-0.24398123,
50.00000000,20.00000000,1.42865157,128.00000000,0.00000000,27.07865360,138.96021536,27.07865360,138.96021536,10.46618607,1.70366523,5.96422021,104.92861133,10.60448300,2.63809563,-0.29817605,-0.29649610,
50.00000000,3.00000000,0.56397939,115.00000000,0.00000000,26.01174692,139.67180235,26.01174692,139.67180235,9.02920354,1.72773429,6.19918262,105.53481661,9.14011604,3.27886667,-0.30509618,-0.31037641,
50.00000000,4.00000000,0.63573527,130.00000000,0.00000000,27.19742396,78.43964910,27.19742396,78.43964910,10.14967405,1.99912863,5.68187906,44.76966736,10.45154364,3.07187268,-0.30097243,-0.28929373,
50.00000000,5.00000000,0.51421952,112.00000000,0.00000000,22.26737443,281.94396535,22.26737443,281.94396535,8.31202851,1.48155604,7.37864092,251.58023666,8.75741595,2.28136559,-0.24947580,-0.23892612,
50.00000000,6.00000000,0.46767521,99.00000000,0.00000000,24.56607290,139.70416678,24.56607290,139.70416678,9.98868617,1.89571702,7.83726895,107.45246729,9.38600679,2.46059392,-0.25363339,-0.25135660,
50.00000000,7.00000000,0.54765058,103.00000000,0.00000000,21.06921845,131.49592832,21.06921845,131.49592832,10.50786329,0.97219818,10.20696730,99.46362584,10.50590039,2.06404079,-0.19178314,-0.18510788,
50.00000000,8.00000000,1.18545556,129.00000000,0.00000000,29.65967201,56.76194855,29.65967201,56.76194855,12.37290150,2.12039430,3.42086400,23.86609429,11.83285650,2.15320515,-0.30332752,-0.30977857,
50.00000000,9.00000000,0.41594744,85.00000000,0.00000000,15.82865605,242.14439120,15.82865605,242.14439120,10.43739157,0.20770321,9.56567221,217.29986479,10.03480544,0.14243451,-0.10367123,-0.10203229,
5.00000000,1.00000000,0.68333149,87.00000000,0.00000000,7.46225591,40.30837084,7.46225591,40.30837084,3.68945427,0.00803781,6.83930426,23.99870443,4.65697233,1.48322569,-0.75295277,-0.66603283,
5.00000000,10.00000000,1.19905639,69.00000000,0.00000000,9.31754015,1097.49977344,9.31754015,1097.49977344,5.13131868,0.01369766,11.16078550,141.67733205,4.44946315,934.85727676,-0.83450476,-1.07098320,
5.00000000,11.00000000,0.48009372,65.00000000,0.00000000,9.66804165,28.00491015,9.66804165,28.00491015,4.82188829,0.01215440,8.84796665,4.69288916,5.36012949,4.58658087,-0.96679979,-0.90346880,
5.00000000,12.00000000,0.37905169,74.00000000,0.00000000,7.74452055,148.15396906,7.74452055,148.15396906,4.06949220,0.02948458,12.15000420,126.50730743,5.69464429,0.87760542,-0.72910875,-0.58488154,
5.00000000,13.00000000,1.03136635,95.00000000,0.00000000,8.41295871,105.36538162,8.41295871,105.36538162,4.15907121,0.02543159,8.36624070,86.83723455,4.62513795,1.48735854,-0.84569118,-0.80988198,
5.00000000,14.00000000,0.33194065,45.00000000,0.00000000,8.18795257,218.62794212,8.18795257,218.62794212,4.37605828,0.03010209,6.31823758,203.51227458,4.86925732,0.35178216,-0.75635844,-0.71527810,
5.00000000,15.00000000,0.46398783,75.00000000,0.00000000,8.64831992,112.98466924,8.64831992,112.98466924,5.06585810,0.01802239,9.84251331,83.67504956,5.72151858,10.46791448,-0.71288789,-0.65553466,
5.00000000,16.00000000,0.22748160,39.00000000,0.00000000,8.69666831,167.76093142,8.69666831,167.76093142,5.00598997,0.02775812,5.67449364,152.91599822,4.67691856,0.58394337,-0.73258404,-0.78191553,
5.00000000,17.00000000,0.42414927,76.00000000,0.00000000,9.52059840,36.80043500,9.52059840,36.80043500,4.76529818,0.04240331,4.33004568,16.09056520,5.84234103,6.26637315,-0.94257938,-0.85422199,
5.00000000,18.00000000,0.36960673,74.00000000,0.00000000,9.27296418,28.57940865,9.27296418,28.57940865,5.60592289,0.01658962,5.91349235,10.15617924,6.12385590,2.86690012,-0.73009033,-0.70379621,
5.00000000,19.00000000,0.44241333,70.00000000,0.00000000,9.84887981,4282.35529838,9.84887981,4282.35529838,5.47947183,0.02123221,7.34424156,1232.56300143,137.60940023,2881.08585178,-0.86963515,-4.75056068,
5.00000000,2.00000000,0.83325863,73.00000000,0.00000000,8.78805411,133.78976946,8.78805411,133.78976946,4.67037677,0.01447954,4.51343876,119.04437791,5.91659020,0.85307261,-0.82063956,-0.69245799,
5.00000000,20.00000000,0.57839203,75.00000000,0.00000000,9.04303408,224.64544263,9.04303408,224.64544263,4.75150018,0.01974142,15.48059353,89.50693596,5.46324270,110.04307014,-0.85435850,-0.83032006,
5.00000000,3.00000000,0.27167273,59.00000000,0.00000000,7.93481016,7764.97309751,7.93481016,7764.97309751,4.18338901,0.02551560,11.67197841,1066.17854308,182.70930536,6476.29764203,-0.74518111,-5.62312572,
5.00000000,4.00000000,0.92237163,66.00000000,0.00000000,8.81216606,53.59747760,8.81216606,53.59747760,4.58102132,0.03861459,7.29842863,33.86510189,5.85284186,3.06350446,-0.83850603,-0.70352015,
5.00000000,5.00000000,0.44594240,61.00000000,0.00000000,7.48955634,274.28756965,7.48955634,274.28756965,4.18895216,0.01752098,8.42113386,254.26695391,5.03967184,3.63036924,-0.65661664,-0.58588816,
5.00000000,6.00000000,0.56801844,49.00000000,0.00000000,8.56740793,192.87672446,8.56740793,192.87672446,4.77244985,0.03513254,6.17599405,173.65711549,4.39882484,4.59850544,-0.75196511,-0.80925693,
5.00000000,7.00000000,2.77748561,71.00000000,0.00000000,8.98878344,695.77403145,8.98878344,695.77403145,5.58390990,0.01327792,12.18458543,207.51809914,28.81819183,435.31543311,-0.67831912,-2.38754439,
5.00000000,8.00000000,1.03206491,74.00000000,0.00000000,10.17826059,648.76975372,10.17826059,648.76975372,5.31875084,0.02547809,8.73228226,21.91249821,5.06238516,607.68052889,-0.96680633,-1.07641184,
5.00000000,9.00000000,0.21179652,41.00000000,0.00000000,7.37254309,308.13289277,7.37254309,308.13289277,4.43444146,0.00624307,8.53482312,292.08165158,4.12917337,0.32479514,-0.58637171,-0.61248991,