
0.00000000,1.00000000,1.00000000,5556.00000000,1.00000000,2804.00000000,
0.00000000,10.00000000,1.00000000,5497.00000000,1.00000000,2863.00000000,
0.00000000,11.00000000,1.00000000,5600.00000000,1.00000000,2760.00000000,alpha,seed,kish[0],relkish[0],test_kish[0],test_relkish[0],
inf,1.00000000,0.00017999,1.00000000,0.00035663,1.00000000,
0.01000000,1.00000000,0.05923256,329.09609997,0.99996256,2803.89502852,alpha,seed,kish[0],relkish[0],test_kish[0],test_relkish[0],
inf,10.00000000,0.00018192,1.00000000,0.00034928,1.00000000,
0.01000000,10.00000000,0.05270841,289.73811928,0.99805189,2857.42254794,alpha,seed,kish[0],relkish[0],test_kish[0],test_relkish[0],
inf,11.00000000,0.00017857,1.00000000,0.00036232,1.00000000,
0.01000000,11.00000000,0.05190032,290.64176521,1.00000000,2760.00000000,alpha,seed,kish[0],relkish[0],test_kish[0],test_relkish[0],
inf,12.00000000,0.00017848,1.00000000,0.00036271,1.00000000,
0.01000000,12.00000000,0.04954479,277.59946025,0.50338590,1387.83491975,alpha,seed,kish[0],relkish[0],test_kish[0],test_relkish[0],
inf,13.00000000,0.00017950,1.00000000,0.00035855,1.00000000,
0.01000000,13.00000000,0.07005552,390.27932900,0.99987731,2788.65781586,alpha,seed,kish[0],relkish[0],test_kish[0],test_relkish[0],
inf,14.00000000,0.00017646,1.00000000,0.00037133,1.00000000,
0.01000000,14.00000000,0.06366934,360.81414395,0.99999944,2692.99849433,alpha,seed,kish[0],relkish[0],test_kish[0],test_relkish[0],
inf,15.00000000,0.00017864,1.00000000,0.00036206,1.00000000,
0.01000000,15.00000000,0.06274516,351.24741306,1.00000000,2762.00000000,alpha,seed,kish[0],relkish[0],test_kish[0],test_relkish[0],
inf,16.00000000,0.00017989,1.00000000,0.00035702,1.00000000,
0.01000000,16.00000000,0.05693454,316.49911253,1.00000000,2801.00000000,alpha,seed,kish[0],relkish[0],test_kish[0],test_relkish[0],
inf,17.00000000,0.00017864,1.00000000,0.00036206,1.00000000,
0.01000000,17.00000000,0.06014510,336.69228115,0.99974999,2761.30945924,alpha,seed,kish[0],relkish[0],test_kish[0],test_relkish[0],
inf,18.00000000,0.00017924,1.00000000,0.00035958,1.00000000,
0.01000000,18.00000000,0.08289358,462.46330785,1.00000000,2781.00000000,alpha,seed,kish[0],relkish[0],test_kish[0],test_relkish[0],
inf,19.00000000,0.00017693,1.00000000,0.00036928,1.00000000,
0.01000000,19.00000000,0.06178156,349.18935826,1.00000000,2708.00000000,
0.00000000,12.00000000,1.00000000,5603.00000000,1.00000000,2757.00000000,alpha,seed,kish[0],relkish[0],test_kish[0],test_relkish[0],
inf,2.00000000,0.00018034,1.00000000,0.00035524,1.00000000,
0.01000000,2.00000000,0.05584610,309.66660104,1.00000000,2815.00000000,alpha,seed,kish[0],relkish[0],test_kish[0],test_relkish[0],
inf,20.00000000,0.00017944,1.00000000,0.00035881,1.00000000,
0.01000000,20.00000000,0.06186195,344.75664981,1.00000000,2786.99999717,
0.00000000,13.00000000,1.00000000,5571.00000000,1.00000000,2789.00000000,alpha,seed,kish[0],relkish[0],test_kish[0],test_relkish[0],
inf,3.00000000,0.00017934,1.00000000,0.00035920,1.00000000,
0.01000000,3.00000000,0.05525920,308.12529977,1.00000000,2784.00000000,
0.00000000,14.00000000,1.00000000,5667.00000000,1.00000000,2693.00000000,alpha,seed,kish[0],relkish[0],test_kish[0],test_relkish[0],
inf,4.00000000,0.00017737,1.00000000,0.00036738,1.00000000,
0.01000000,4.00000000,0.05233284,295.05254218,1.00000000,2722.00000000,
0.00000000,15.00000000,1.00000000,5598.00000000,1.00000000,2762.00000000,alpha,seed,kish[0],relkish[0],test_kish[0],test_relkish[0],
inf,5.00000000,0.00018054,1.00000000,0.00035448,1.00000000,
0.01000000,5.00000000,0.06943527,384.60195061,1.00000000,2820.99999976,
0.00000000,16.00000000,1.00000000,5559.00000000,1.00000000,2801.00000000,alpha,seed,kish[0],relkish[0],test_kish[0],test_relkish[0],
inf,6.00000000,0.00018318,1.00000000,0.00034471,1.00000000,
0.01000000,6.00000000,0.07464640,407.49471299,0.91789278,2662.80694252,
0.00000000,17.00000000,1.00000000,5598.00000000,1.00000000,2762.00000000,alpha,seed,kish[0],relkish[0],test_kish[0],test_relkish[0],
inf,7.00000000,0.00018077,1.00000000,0.00035361,1.00000000,
0.01000000,7.00000000,0.09764635,540.17959620,1.00000000,2828.00000000,
0.00000000,18.00000000,1.00000000,5579.00000000,1.00000000,2781.00000000,alpha,seed,kish[0],relkish[0],test_kish[0],test_relkish[0],
inf,8.00000000,0.00018008,1.00000000,0.00035625,1.00000000,
0.01000000,8.00000000,0.06551016,363.77791519,1.00000000,2807.00000000,
0.00000000,19.00000000,1.00000000,5652.00000000,1.00000000,2708.00000000,alpha,seed,kish[0],relkish[0],test_kish[0],test_relkish[0],
inf,9.00000000,0.00018025,1.00000000,0.00035562,1.00000000,
0.01000000,9.00000000,0.05324671,295.41277162,0.99873548,2808.44417750,
0.00000000,2.00000000,1.00000000,5545.00000000,1.00000000,2815.00000000,
0.00000000,20.00000000,1.00000000,5573.00000000,1.00000000,2787.00000000,
0.00000000,3.00000000,1.00000000,5576.00000000,1.00000000,2784.00000000,
0.00000000,4.00000000,1.00000000,5638.00000000,1.00000000,2722.00000000,
0.00000000,5.00000000,1.00000000,5539.00000000,1.00000000,2821.00000000,
0.00000000,6.00000000,1.00000000,5459.00000000,1.00000000,2901.00000000,
0.00000000,7.00000000,1.00000000,5532.00000000,1.00000000,2828.00000000,
0.00000000,8.00000000,1.00000000,5553.00000000,1.00000000,2807.00000000,
0.00000000,9.00000000,1.00000000,5548.00000000,1.00000000,2812.00000000,
0.10000000,1.00000000,0.03262327,181.25487041,0.78552197,2202.60360834,
0.10000000,10.00000000,0.03628978,199.48493298,0.38946316,1115.03303340,
0.10000000,11.00000000,0.03230916,180.93131743,0.81583909,2251.71588474,
0.10000000,12.00000000,0.02968922,166.34870356,0.23270643,641.57161959,
0.10000000,13.00000000,0.04345609,242.09389099,0.58942550,1643.90772109,
0.10000000,14.00000000,0.04412299,250.04501055,0.40719895,1096.58677203,
0.10000000,15.00000000,0.04933836,276.19615171,0.99828373,2757.25967432,
0.10000000,16.00000000,0.04156480,231.05871486,0.99984385,2800.56261917,
0.10000000,17.00000000,0.04234350,237.03893846,0.18473580,510.24028411,
0.10000000,18.00000000,0.06854860,382.43265267,0.52253286,1453.16387780,
0.10000000,19.00000000,0.04477022,253.04129460,1.00000000,2708.00000000,
0.10000000,2.00000000,0.03420562,189.67017912,0.97583498,2746.97547798,
0.10000000,20.00000000,0.04370887,243.58951887,0.61042632,1701.25815774,
0.10000000,3.00000000,0.03664059,204.30791527,1.00000000,2784.00000000,
0.10000000,4.00000000,0.03209470,180.94992936,0.99997443,2721.93039106,
0.10000000,5.00000000,0.04268736,236.44531175,0.86385324,2436.92997929,
0.10000000,6.00000000,0.05055859,275.99932477,0.35479016,1029.24624063,
0.10000000,7.00000000,0.06577444,363.86420747,0.99999971,2827.99917889,
0.10000000,8.00000000,0.04243826,235.65968061,0.88744152,2491.04833935,
0.10000000,9.00000000,0.03002544,166.58116146,0.44095060,1239.95309643,
1000000.00000000,1.00000000,0.00017999,1.00000742,0.00035664,1.00000797,
1000000.00000000,10.00000000,0.00018192,1.00000221,0.00034928,1.00000221,
1000000.00000000,11.00000000,0.00017857,1.00000794,0.00036232,1.00000756,
1000000.00000000,12.00000000,0.00017848,1.00000420,0.00036271,1.00000405,
1000000.00000000,13.00000000,0.00017950,1.00000576,0.00035855,1.00000583,
1000000.00000000,14.00000000,0.00017646,1.00000758,0.00037134,1.00000678,
1000000.00000000,15.00000000,0.00017864,1.00000846,0.00036206,1.00000744,
1000000.00000000,16.00000000,0.00017989,1.00000282,0.00035702,1.00000243,
1000000.00000000,17.00000000,0.00017864,1.00000532,0.00036206,1.00000519,
1000000.00000000,18.00000000,0.00017924,1.00000726,0.00035959,1.00000730,
1000000.00000000,19.00000000,0.00017693,1.00000469,0.00036928,1.00000463,
1000000.00000000,2.00000000,0.00018034,1.00000562,0.00035524,1.00000589,
1000000.00000000,20.00000000,0.00017944,1.00000745,0.00035881,1.00000698,
1000000.00000000,3.00000000,0.00017934,1.00000652,0.00035920,1.00000684,
1000000.00000000,4.00000000,0.00017737,1.00000354,0.00036738,1.00000340,
1000000.00000000,5.00000000,0.00018054,1.00000228,0.00035448,1.00000213,
1000000.00000000,6.00000000,0.00018318,1.00000193,0.00034471,1.00000195,
1000000.00000000,7.00000000,0.00018077,1.00000246,0.00035361,1.00000231,
1000000.00000000,8.00000000,0.00018008,1.00000489,0.00035625,1.00000497,
1000000.00000000,9.00000000,0.00018025,1.00000227,0.00035562,1.00000213,
100000.00000000,1.00000000,0.00018010,1.00064227,0.00035688,1.00068690,
100000.00000000,10.00000000,0.00018195,1.00019618,0.00034935,1.00019650,
100000.00000000,11.00000000,0.00017869,1.00067259,0.00036255,1.00064390,
100000.00000000,12.00000000,0.00017854,1.00036925,0.00036284,1.00035497,
100000.00000000,13.00000000,0.00017959,1.00050348,0.00035873,1.00050849,
100000.00000000,14.00000000,0.00017657,1.00062971,0.00037154,1.00056485,
100000.00000000,15.00000000,0.00017876,1.00067059,0.00036227,1.00059119,
100000.00000000,16.00000000,0.00017993,1.00024934,0.00035709,1.00021525,
100000.00000000,17.00000000,0.00017872,1.00045575,0.00036222,1.00044584,
100000.00000000,18.00000000,0.00017935,1.00062066,0.00035981,1.00062212,
100000.00000000,19.00000000,0.00017700,1.00042146,0.00036943,1.00041596,
100000.00000000,2.00000000,0.00018043,1.00048358,0.00035542,1.00050665,
100000.00000000,20.00000000,0.00017954,1.00060292,0.00035901,1.00056890,
100000.00000000,3.00000000,0.00017944,1.00053477,0.00035940,1.00055958,
100000.00000000,4.00000000,0.00017742,1.00031274,0.00036749,1.00030010,
100000.00000000,5.00000000,0.00018057,1.00019120,0.00035455,1.00017886,
100000.00000000,6.00000000,0.00018322,1.00017615,0.00034477,1.00017803,
100000.00000000,7.00000000,0.00018081,1.00023122,0.00035368,1.00021761,
100000.00000000,8.00000000,0.00018016,1.00042596,0.00035641,1.00043470,
100000.00000000,9.00000000,0.00018028,1.00020583,0.00035569,1.00019327,
10000.00000000,1.00000000,0.00018392,1.02188099,0.00036477,1.02281142,
10000.00000000,10.00000000,0.00018334,1.00782927,0.00035204,1.00790383,
10000.00000000,11.00000000,0.00018255,1.02230280,0.00037023,1.02184472,
10000.00000000,12.00000000,0.00018091,1.01366004,0.00036745,1.01306286,
10000.00000000,13.00000000,0.00018279,1.01834181,0.00036514,1.01836996,
10000.00000000,14.00000000,0.00017969,1.01831964,0.00037750,1.01661836,
10000.00000000,15.00000000,0.00018210,1.01938548,0.00036834,1.01736772,
10000.00000000,16.00000000,0.00018172,1.01015622,0.00036018,1.00885738,
10000.00000000,17.00000000,0.00018163,1.01678269,0.00036803,1.01649702,
10000.00000000,18.00000000,0.00018300,1.02097948,0.00036703,1.02072269,
10000.00000000,19.00000000,0.00017988,1.01666766,0.00037529,1.01629200,
10000.00000000,2.00000000,0.00018355,1.01779897,0.00036188,1.01870455,
10000.00000000,20.00000000,0.00018262,1.01771467,0.00036492,1.01703146,
10000.00000000,3.00000000,0.00018241,1.01709518,0.00036560,1.01784100,
10000.00000000,4.00000000,0.00017970,1.01314015,0.00037199,1.01256171,
10000.00000000,5.00000000,0.00018211,1.00872561,0.00035739,1.00819698,
10000.00000000,6.00000000,0.00018475,1.00852639,0.00034764,1.00851679,
10000.00000000,7.00000000,0.00018250,1.00958523,0.00035685,1.00916120,
10000.00000000,8.00000000,0.00018291,1.01568789,0.00036204,1.01623994,
10000.00000000,9.00000000,0.00018187,1.00900432,0.00035861,1.00841193,
1000.00000000,1.00000000,0.00020350,1.13062316,0.00040358,1.13163900,
1000.00000000,10.00000000,0.00019247,1.05800184,0.00036989,1.05898312,
1000.00000000,11.00000000,0.00020368,1.14059513,0.00041343,1.14106867,
1000.00000000,12.00000000,0.00019819,1.11048271,0.00040152,1.10700135,
1000.00000000,13.00000000,0.00020094,1.11944787,0.00040114,1.11876704,
1000.00000000,14.00000000,0.00019571,1.10911156,0.00040876,1.10080181,
1000.00000000,15.00000000,0.00019602,1.09732946,0.00039480,1.09043260,
1000.00000000,16.00000000,0.00019573,1.08804524,0.00038580,1.08063247,
1000.00000000,17.00000000,0.00019865,1.11202707,0.00040183,1.10986197,
1000.00000000,18.00000000,0.00020484,1.14278541,0.00040915,1.13784954,
1000.00000000,19.00000000,0.00020097,1.13587104,0.00041771,1.13114727,
1000.00000000,2.00000000,0.00020007,1.10936556,0.00039624,1.11540711,
1000.00000000,20.00000000,0.00019989,1.11396909,0.00039957,1.11359363,
1000.00000000,3.00000000,0.00020079,1.11958575,0.00040380,1.12418866,
1000.00000000,4.00000000,0.00019767,1.11446423,0.00040764,1.10960730,
1000.00000000,5.00000000,0.00019635,1.08759519,0.00038378,1.08264230,
1000.00000000,6.00000000,0.00019914,1.08713013,0.00037423,1.08563960,
1000.00000000,7.00000000,0.00019620,1.08540166,0.00038302,1.08316941,
1000.00000000,8.00000000,0.00019943,1.10745820,0.00039606,1.11172722,
1000.00000000,9.00000000,0.00019160,1.06297427,0.00037669,1.05925230,
100.00000000,1.00000000,0.00023928,1.32942320,0.00047572,1.33392922,
100.00000000,10.00000000,0.00021614,1.18813654,0.00041577,1.19034559,
100.00000000,11.00000000,0.00025362,1.42024625,0.00051011,1.40789504,
100.00000000,12.00000000,0.00024790,1.38897542,0.00050388,1.38920648,
100.00000000,13.00000000,0.00025754,1.43475517,0.00050935,1.42057494,
100.00000000,14.00000000,0.00024439,1.38498040,0.00050583,1.36219814,
100.00000000,15.00000000,0.00022860,1.27970399,0.00046008,1.27073019,
100.00000000,16.00000000,0.00024060,1.33747157,0.00047383,1.32719985,
100.00000000,17.00000000,0.00025382,1.42089475,0.00050926,1.40656825,
100.00000000,18.00000000,0.00025037,1.39683015,0.00050027,1.39125739,
100.00000000,19.00000000,0.00026258,1.48410854,0.00054385,1.47275758,
100.00000000,2.00000000,0.00023569,1.30690700,0.00047117,1.32634348,
100.00000000,20.00000000,0.00025605,1.42696674,0.00051175,1.42623916,
100.00000000,3.00000000,0.00025830,1.44027242,0.00052122,1.45106667,
100.00000000,4.00000000,0.00025492,1.43725207,0.00052197,1.42079736,
100.00000000,5.00000000,0.00024470,1.35541201,0.00047475,1.33927690,
100.00000000,6.00000000,0.00024697,1.34821928,0.00046261,1.34203215,
100.00000000,7.00000000,0.00022955,1.26987238,0.00044567,1.26036859,
100.00000000,8.00000000,0.00025395,1.41020731,0.00050577,1.41971014,
100.00000000,9.00000000,0.00020306,1.12659569,0.00039910,1.12225878,
10.00000000,1.00000000,0.00060424,3.35714205,0.00077523,2.17375834,
10.00000000,10.00000000,0.00052784,2.90152206,0.00108965,3.11966465,
10.00000000,11.00000000,0.00059263,3.31871547,0.00099530,2.74702585,
10.00000000,12.00000000,0.00078855,4.41822771,0.00071593,1.97380861,
10.00000000,13.00000000,0.00052238,2.91017381,0.00091424,2.54980553,
10.00000000,14.00000000,0.00042841,2.42782103,0.00082542,2.22284676,
10.00000000,15.00000000,0.00042733,2.39216671,0.00075300,2.07979523,
10.00000000,16.00000000,0.00040072,2.22761416,0.00082076,2.29894848,
10.00000000,17.00000000,0.00059223,3.31527809,0.00094345,2.60579614,
10.00000000,18.00000000,0.00041630,2.32253946,0.00077880,2.16584690,
10.00000000,19.00000000,0.00048380,2.73446513,0.00779426,21.10685997,
10.00000000,2.00000000,0.00058087,3.22092116,0.00078341,2.20529095,
10.00000000,20.00000000,0.00054247,3.02317563,0.00092718,2.58404452,
10.00000000,3.00000000,0.00042368,2.36243740,0.00553417,15.40713191,
10.00000000,4.00000000,0.00052760,2.97458167,0.00082846,2.25507150,
10.00000000,5.00000000,0.00048095,2.66397256,0.00069600,1.96340971,
10.00000000,6.00000000,0.00042742,2.33328074,0.00083314,2.41693242,
10.00000000,7.00000000,0.00038106,2.10802782,0.00204128,5.77273726,
10.00000000,8.00000000,0.00060272,3.34692353,0.00111366,3.12603763,
10.00000000,9.00000000,0.00033389,1.85244393,0.00068185,1.91735471,
1.00000000,1.00000000,0.00590746,32.82182576,0.05873804,164.70147314,
1.00000000,10.00000000,0.00851953,46.83185920,0.11445996,327.69886124,
1.00000000,11.00000000,0.00752968,42.16619111,0.03851783,106.30920698,
1.00000000,12.00000000,0.00699981,39.21994741,0.00669509,18.45836011,
1.00000000,13.00000000,0.00590922,32.92024225,0.02121123,59.15813019,
1.00000000,14.00000000,0.00472230,26.76127306,0.01047721,28.21513612,
1.00000000,15.00000000,0.00867968,48.58882071,0.24817488,685.45902830,
1.00000000,16.00000000,0.00491979,27.34908947,0.08880703,248.74848437,
1.00000000,17.00000000,0.00804441,45.03263207,0.01099176,30.35924910,
1.00000000,18.00000000,0.00934396,52.12994225,0.01913038,53.20157938,
1.00000000,19.00000000,0.00671654,37.96187583,0.99945509,2706.52438782,
1.00000000,2.00000000,0.00860973,47.74096257,0.04110546,115.71188152,
1.00000000,20.00000000,0.00922486,51.41017208,0.08097909,225.68871007,
1.00000000,3.00000000,0.00413508,23.05723289,0.99999679,2783.99106368,
1.00000000,4.00000000,0.00580410,32.72349119,0.09163210,249.42257017,
1.00000000,5.00000000,0.00682142,37.78387149,0.11444063,322.83702528,
1.00000000,6.00000000,0.00612419,33.43197366,0.01371330,39.78229654,
1.00000000,7.00000000,0.00945516,52.30591810,0.79536913,2249.30389435,
1.00000000,8.00000000,0.01040313,57.76857048,0.28637291,803.84875343,
1.00000000,9.00000000,0.00394906,21.90940303,0.01531511,43.06609034,
20.00000000,1.00000000,0.00031230,1.73512135,0.00060160,1.68689668,
20.00000000,10.00000000,0.00028910,1.58920775,0.00057426,1.64411893,
20.00000000,11.00000000,0.00036203,2.02735882,0.00069829,1.92728402,
20.00000000,12.00000000,0.00033320,1.86690628,0.00061525,1.69623200,
20.00000000,13.00000000,0.00035681,1.98777273,0.00069630,1.94196992,
20.00000000,14.00000000,0.00032641,1.84977311,0.00065848,1.77328221,
20.00000000,15.00000000,0.00029482,1.65040810,0.00058239,1.60854795,
20.00000000,16.00000000,0.00031196,1.73419687,0.00062399,1.74780742,
20.00000000,17.00000000,0.00036553,2.04621917,0.00070939,1.95932247,
20.00000000,18.00000000,0.00030230,1.68652631,0.00060452,1.68115645,
20.00000000,19.00000000,0.00035982,2.03367677,0.00084015,2.27512749,
20.00000000,2.00000000,0.00031900,1.76885380,0.00061703,1.73693790,
20.00000000,20.00000000,0.00034132,1.90217839,0.00066482,1.85285951,
20.00000000,3.00000000,0.00033952,1.89314910,0.00072440,2.01673681,
20.00000000,4.00000000,0.00034641,1.95304005,0.00067014,1.82413169,
20.00000000,5.00000000,0.00030793,1.70563442,0.00058123,1.63965392,
20.00000000,6.00000000,0.00032775,1.78920229,0.00062243,1.80568062,
20.00000000,7.00000000,0.00027906,1.54373520,0.00056439,1.59610073,
20.00000000,8.00000000,0.00036377,2.02003881,0.00072087,2.02349496,
20.00000000,9.00000000,0.00024862,1.37936758,0.00049802,1.40042706,
2.00000000,1.00000000,0.00357291,19.85107541,0.00723332,20.28221852,
2.00000000,10.00000000,0.00479868,26.37834513,0.04651362,133.16849944,
2.00000000,11.00000000,0.00382355,21.41185782,0.00785096,21.66864504,
2.00000000,12.00000000,0.00379108,21.24143209,0.00288080,7.94236327,
2.00000000,13.00000000,0.00286947,15.98579931,0.00597220,16.65646639,
2.00000000,14.00000000,0.00173511,9.83285070,0.00365030,9.83025560,
2.00000000,15.00000000,0.00371942,20.82133785,0.03935530,108.69933895,
2.00000000,16.00000000,0.00200055,11.12106434,0.00685823,19.20989967,
2.00000000,17.00000000,0.00346221,19.38146499,0.00413486,11.42048291,
2.00000000,18.00000000,0.00363995,20.30729756,0.00798886,22.21701307,
2.00000000,19.00000000,0.00304157,17.19094007,0.98537219,2668.38790062,
2.00000000,2.00000000,0.00399049,22.12729051,0.00653936,18.40828989,
2.00000000,20.00000000,0.00388623,21.65796599,0.01697349,47.30511641,
2.00000000,3.00000000,0.00169635,9.45886498,0.99924867,2781.90829176,
2.00000000,4.00000000,0.00295555,16.66340356,0.00620991,16.90338412,
2.00000000,5.00000000,0.00293486,16.25618618,0.01557982,43.95066603,
2.00000000,6.00000000,0.00208502,11.38210540,0.00445743,12.93100385,
2.00000000,7.00000000,0.00334362,18.49689335,0.78732939,2226.56751598,
2.00000000,8.00000000,0.00492975,27.37492009,0.07364361,206.71762514,
2.00000000,9.00000000,0.00185257,10.27803242,0.00386604,10.87129998,
50.00000000,1.00000000,0.00025583,1.42137386,0.00050969,1.42916146,
50.00000000,10.00000000,0.00023161,1.27317501,0.00044709,1.28000951,
50.00000000,11.00000000,0.00027926,1.56387366,0.00055788,1.53973831,
50.00000000,12.00000000,0.00026836,1.50364474,0.00054533,1.50346489,
50.00000000,13.00000000,0.00028835,1.60640164,0.00056848,1.58547822,
50.00000000,14.00000000,0.00026888,1.52373873,0.00055465,1.49367767,
50.00000000,15.00000000,0.00024722,1.38393985,0.00049691,1.37247371,
50.00000000,16.00000000,0.00026280,1.46089655,0.00051916,1.45415828,
50.00000000,17.00000000,0.00028519,1.59648861,0.00057066,1.57615958,
50.00000000,18.00000000,0.00026649,1.48673161,0.00053353,1.48375521,
50.00000000,19.00000000,0.00029280,1.65493304,0.00060691,1.64350707,
50.00000000,2.00000000,0.00025636,1.42152722,0.00051268,1.44318851,
50.00000000,20.00000000,0.00028092,1.56558992,0.00056019,1.56124746,
50.00000000,3.00000000,0.00028488,1.58847989,0.00057467,1.59988922,
50.00000000,4.00000000,0.00028151,1.58714636,0.00057173,1.55625040,
50.00000000,5.00000000,0.00026532,1.46962097,0.00051327,1.44793226,
50.00000000,6.00000000,0.00027145,1.48183074,0.00050946,1.47793240,
50.00000000,7.00000000,0.00024275,1.34287251,0.00047103,1.33207260,
50.00000000,8.00000000,0.00028542,1.58495516,0.00056878,1.59655893,
50.00000000,9.00000000,0.00021174,1.17474152,0.00041738,1.17366060,
5.00000000,1.00000000,0.00168540,9.36408192,0.00124319,3.48590165,
5.00000000,10.00000000,0.00159351,8.75953613,0.00520898,14.91330930,
5.00000000,11.00000000,0.00133776,7.49147661,0.00188087,5.19119229,
5.00000000,12.00000000,0.00194194,10.88071720,0.00101653,2.80257893,
5.00000000,13.00000000,0.00105098,5.85502493,0.00151256,4.21853068,
5.00000000,14.00000000,0.00065982,3.73920366,0.00123654,3.33000965,
5.00000000,15.00000000,0.00098354,5.50583677,0.00183538,5.06933277,
5.00000000,16.00000000,0.00064364,3.57800825,0.00141221,3.95558923,
5.00000000,17.00000000,0.00129369,7.24209925,0.00149663,4.13367894,
5.00000000,18.00000000,0.00093319,5.20628874,0.00155697,4.32994320,
5.00000000,19.00000000,0.00088915,5.02546993,0.42013062,1137.71373088,
5.00000000,2.00000000,0.00161863,8.97531126,0.00119180,3.35492616,
5.00000000,20.00000000,0.00123948,6.90762849,0.00207788,5.79104139,
5.00000000,3.00000000,0.00061973,3.45560685,0.56752299,1579.98401295,
5.00000000,4.00000000,0.00109896,6.19595720,0.00123162,3.35247488,
5.00000000,5.00000000,0.00117702,6.51951919,0.00119491,3.37085083,
5.00000000,6.00000000,0.00067293,3.67352515,0.00139305,4.04124333,
5.00000000,7.00000000,0.00081228,4.49352829,0.10522049,297.56355681,
5.00000000,8.00000000,0.00153223,8.50847731,0.00407056,11.42606914,
5.00000000,9.00000000,0.00060957,3.38186791,0.00116807,3.28462241,