alpha,seed,kish[0],relkish[0],test_kish[0],test_relkish[0],
inf,1.00000000,0.00001474,1.00000000,0.00002955,1.00000000,
0.00000000,1.00000000,1.00000000,67854.00000000,1.00000000,33846.00000000,alpha,seed,kish[0],relkish[0],test_kish[0],test_relkish[0],
inf,10.00000000,0.00001486,1.00000000,0.00002908,1.00000000,
0.00000000,10.00000000,1.00000000,67307.00000000,1.00000000,34393.00000000,alpha,seed,kish[0],relkish[0],test_kish[0],test_relkish[0],
inf,11.00000000,0.00001469,1.00000000,0.00002973,1.00000000,
0.00000000,11.00000000,1.00000000,68067.00000000,1.00000000,33633.00000000,
0.01000000,1.00000000,0.05216294,3539.46420473,1.00000000,33846.00000000,
0.01000000,10.00000000,0.04637988,3121.69073541,1.00000000,34392.99999920,
0.01000000,11.00000000,0.05311613,3615.45567668,1.00000000,33632.99996325,
0.01000000,12.00000000,0.05189459,3517.62318725,1.00000000,33916.00000000,
0.01000000,13.00000000,0.05770554,3885.77549832,1.00000000,34362.00000000,
0.01000000,14.00000000,0.04781948,3254.11543237,1.00000000,33650.00000000,
0.01000000,15.00000000,0.04938478,3356.58482774,1.00000000,33732.00000000,
0.01000000,16.00000000,0.04749914,3226.28384197,1.00000000,33777.00000000,
0.01000000,17.00000000,0.04915988,3332.40064368,1.00000000,33913.00000000,
0.01000000,18.00000000,0.04445347,3012.16741800,1.00000000,33940.00000000,
0.01000000,19.00000000,0.03359161,2282.91909242,0.99999998,33738.99921364,alpha,seed,kish[0],relkish[0],test_kish[0],test_relkish[0],
inf,12.00000000,0.00001475,1.00000000,0.00002948,1.00000000,
0.00000000,12.00000000,1.00000000,67784.00000000,1.00000000,33916.00000000,
0.01000000,2.00000000,0.05433473,3685.08997762,1.00000000,33878.00000000,
0.01000000,20.00000000,0.04103856,2785.94390047,1.00000000,33814.00000000,alpha,seed,kish[0],relkish[0],test_kish[0],test_relkish[0],
inf,13.00000000,0.00001485,1.00000000,0.00002910,1.00000000,
0.00000000,13.00000000,1.00000000,67338.00000000,1.00000000,34362.00000000,
0.01000000,3.00000000,0.04492203,3037.08836194,1.00000000,34092.00000000,alpha,seed,kish[0],relkish[0],test_kish[0],test_relkish[0],
inf,14.00000000,0.00001470,1.00000000,0.00002972,1.00000000,
0.00000000,14.00000000,1.00000000,68050.00000000,1.00000000,33650.00000000,
0.01000000,4.00000000,0.10319933,6986.18205430,1.00000000,34004.00000000,alpha,seed,kish[0],relkish[0],test_kish[0],test_relkish[0],
inf,15.00000000,0.00001471,1.00000000,0.00002965,1.00000000,
0.00000000,15.00000000,1.00000000,67968.00000000,1.00000000,33732.00000000,
0.01000000,5.00000000,0.06739407,4567.76777214,1.00000000,33923.00000000,alpha,seed,kish[0],relkish[0],test_kish[0],test_relkish[0],
inf,16.00000000,0.00001472,1.00000000,0.00002961,1.00000000,
0.00000000,16.00000000,1.00000000,67923.00000000,1.00000000,33777.00000000,
0.01000000,6.00000000,0.05446256,3668.87017058,0.98704670,33890.24835738,alpha,seed,kish[0],relkish[0],test_kish[0],test_relkish[0],
inf,17.00000000,0.00001475,1.00000000,0.00002949,1.00000000,
0.00000000,17.00000000,1.00000000,67787.00000000,1.00000000,33913.00000000,
0.01000000,7.00000000,0.04044949,2710.80348135,1.00000000,34683.00000000,alpha,seed,kish[0],relkish[0],test_kish[0],test_relkish[0],
inf,18.00000000,0.00001476,1.00000000,0.00002946,1.00000000,
0.00000000,18.00000000,1.00000000,67760.00000000,1.00000000,33940.00000000,
0.01000000,8.00000000,0.05038647,3400.58319129,1.00000000,34210.00000000,alpha,seed,kish[0],relkish[0],test_kish[0],test_relkish[0],
inf,19.00000000,0.00001471,1.00000000,0.00002964,1.00000000,
0.00000000,19.00000000,1.00000000,67961.00000000,1.00000000,33739.00000000,
0.01000000,9.00000000,0.05184748,3511.68181949,0.99984329,33963.67655872,alpha,seed,kish[0],relkish[0],test_kish[0],test_relkish[0],
inf,2.00000000,0.00001474,1.00000000,0.00002952,1.00000000,
0.00000000,2.00000000,1.00000000,67822.00000000,1.00000000,33878.00000000,alpha,seed,kish[0],relkish[0],test_kish[0],test_relkish[0],
inf,20.00000000,0.00001473,1.00000000,0.00002957,1.00000000,
0.00000000,20.00000000,1.00000000,67886.00000000,1.00000000,33814.00000000,alpha,seed,kish[0],relkish[0],test_kish[0],test_relkish[0],
inf,3.00000000,0.00001479,1.00000000,0.00002933,1.00000000,
0.00000000,3.00000000,1.00000000,67608.00000000,1.00000000,34092.00000000,alpha,seed,kish[0],relkish[0],test_kish[0],test_relkish[0],
inf,4.00000000,0.00001477,1.00000000,0.00002941,1.00000000,
0.00000000,4.00000000,1.00000000,67696.00000000,1.00000000,34004.00000000,alpha,seed,kish[0],relkish[0],test_kish[0],test_relkish[0],
inf,5.00000000,0.00001475,1.00000000,0.00002948,1.00000000,
0.00000000,5.00000000,1.00000000,67777.00000000,1.00000000,33923.00000000,alpha,seed,kish[0],relkish[0],test_kish[0],test_relkish[0],
inf,6.00000000,0.00001484,1.00000000,0.00002912,1.00000000,
0.00000000,6.00000000,1.00000000,67365.00000000,1.00000000,34335.00000000,alpha,seed,kish[0],relkish[0],test_kish[0],test_relkish[0],
inf,7.00000000,0.00001492,1.00000000,0.00002883,1.00000000,
0.00000000,7.00000000,0.99999853,67016.90164311,1.00000000,34683.00000000,alpha,seed,kish[0],relkish[0],test_kish[0],test_relkish[0],
inf,8.00000000,0.00001482,1.00000000,0.00002923,1.00000000,
0.00000000,8.00000000,1.00000000,67490.00000000,1.00000000,34210.00000000,alpha,seed,kish[0],relkish[0],test_kish[0],test_relkish[0],
inf,9.00000000,0.00001476,1.00000000,0.00002944,1.00000000,
0.00000000,9.00000000,1.00000000,67731.00000000,1.00000000,33969.00000000,
0.10000000,1.00000000,0.03878758,2631.89255331,0.77503107,26231.70154218,
0.10000000,10.00000000,0.03451938,2323.39561335,0.61823912,21263.09796560,
0.10000000,11.00000000,0.03519762,2395.79650703,0.78588306,26431.60509159,
0.10000000,12.00000000,0.02853977,1934.54007323,0.96576148,32754.76646223,
0.10000000,13.00000000,0.04237150,2853.21186577,0.99456330,34175.18409130,
0.10000000,14.00000000,0.03116010,2120.44513462,0.40361156,13581.52903755,
0.10000000,15.00000000,0.03597635,2445.24051696,1.00000000,33732.00000000,
0.10000000,16.00000000,0.02969934,2017.26805124,0.98808631,33374.59143616,
0.10000000,17.00000000,0.02331838,1580.68306213,0.99744891,33826.48500012,
0.10000000,18.00000000,0.03099984,2100.54887444,1.00000000,33940.00000000,
0.10000000,19.00000000,0.02239524,1522.00324156,0.70679932,23846.70233818,
0.10000000,2.00000000,0.04643476,3149.29811710,0.98279707,33295.19902089,
0.10000000,20.00000000,0.02454899,1666.53271891,0.96473351,32621.49880802,
0.10000000,3.00000000,0.03423351,2314.45908589,0.99980774,34085.44545425,
0.10000000,4.00000000,0.05920824,4008.16090541,0.99999997,34003.99903661,
0.10000000,5.00000000,0.04186143,2837.24235616,1.00000000,33922.99999996,
0.10000000,6.00000000,0.04177788,2814.36671100,0.22715437,7799.34536176,
0.10000000,7.00000000,0.02974022,1993.10054486,0.99974090,34674.01362836,
0.10000000,8.00000000,0.02546416,1718.57584000,0.99925688,34184.57776763,
0.10000000,9.00000000,0.03518888,2383.37789056,0.99983753,33963.48100076,
1000000.00000000,1.00000000,0.00001474,1.00002354,0.00002955,1.00002323,
1000000.00000000,10.00000000,0.00001486,1.00002109,0.00002908,1.00002138,
1000000.00000000,11.00000000,0.00001469,1.00002156,0.00002973,1.00002225,
1000000.00000000,12.00000000,0.00001475,1.00000142,0.00002948,1.00000142,
1000000.00000000,13.00000000,0.00001485,1.00000076,0.00002910,1.00000081,
1000000.00000000,14.00000000,0.00001470,1.00000128,0.00002972,1.00000132,
1000000.00000000,15.00000000,0.00001471,1.00000078,0.00002965,1.00000078,
1000000.00000000,16.00000000,0.00001472,1.00002111,0.00002961,1.00002204,
1000000.00000000,17.00000000,0.00001475,1.00001673,0.00002949,1.00001832,
1000000.00000000,18.00000000,0.00001476,1.00002276,0.00002946,1.00002341,
1000000.00000000,19.00000000,0.00001471,1.00002167,0.00002964,1.00002146,
1000000.00000000,2.00000000,0.00001474,1.00002050,0.00002952,1.00002077,
1000000.00000000,20.00000000,0.00001473,1.00001974,0.00002957,1.00002129,
1000000.00000000,3.00000000,0.00001479,1.00002325,0.00002933,1.00002192,
1000000.00000000,4.00000000,0.00001477,1.00000020,0.00002941,1.00000019,
1000000.00000000,5.00000000,0.00001475,1.00002173,0.00002948,1.00002220,
1000000.00000000,6.00000000,0.00001484,1.00002079,0.00002913,1.00002116,
1000000.00000000,7.00000000,0.00001492,1.00000034,0.00002883,1.00000032,
1000000.00000000,8.00000000,0.00001482,1.00002114,0.00002923,1.00002153,
1000000.00000000,9.00000000,0.00001476,1.00000160,0.00002944,1.00000167,
100000.00000000,1.00000000,0.00001476,1.00134011,0.00002958,1.00133336,
100000.00000000,10.00000000,0.00001488,1.00135227,0.00002912,1.00136545,
100000.00000000,11.00000000,0.00001471,1.00132123,0.00002977,1.00135411,
100000.00000000,12.00000000,0.00001475,1.00012024,0.00002949,1.00012036,
100000.00000000,13.00000000,0.00001485,1.00006851,0.00002910,1.00007214,
100000.00000000,14.00000000,0.00001470,1.00010566,0.00002972,1.00010796,
100000.00000000,15.00000000,0.00001471,1.00007423,0.00002965,1.00007351,
100000.00000000,16.00000000,0.00001474,1.00127256,0.00002965,1.00132127,
100000.00000000,17.00000000,0.00001477,1.00117828,0.00002953,1.00128237,
100000.00000000,18.00000000,0.00001478,1.00134530,0.00002950,1.00137895,
100000.00000000,19.00000000,0.00001473,1.00133314,0.00002968,1.00132559,
100000.00000000,2.00000000,0.00001476,1.00129673,0.00002956,1.00130931,
100000.00000000,20.00000000,0.00001475,1.00124635,0.00002961,1.00133608,
100000.00000000,3.00000000,0.00001481,1.00138886,0.00002937,1.00131748,
100000.00000000,4.00000000,0.00001477,1.00001742,0.00002941,1.00001623,
100000.00000000,5.00000000,0.00001477,1.00134667,0.00002952,1.00137924,
100000.00000000,6.00000000,0.00001486,1.00127968,0.00002916,1.00130323,
100000.00000000,7.00000000,0.00001492,1.00002873,0.00002883,1.00002682,
100000.00000000,8.00000000,0.00001484,1.00132680,0.00002927,1.00134570,
100000.00000000,9.00000000,0.00001477,1.00012892,0.00002944,1.00013434,
10000.00000000,1.00000000,0.00001503,1.02013031,0.00003015,1.02046581,
10000.00000000,10.00000000,0.00001514,1.01871461,0.00002962,1.01875097,
10000.00000000,11.00000000,0.00001499,1.02025360,0.00003034,1.02049741,
10000.00000000,12.00000000,0.00001482,1.00443858,0.00002962,1.00446751,
10000.00000000,13.00000000,0.00001490,1.00347233,0.00002921,1.00359146,
10000.00000000,14.00000000,0.00001476,1.00408950,0.00002984,1.00410027,
10000.00000000,15.00000000,0.00001475,1.00272758,0.00002972,1.00265568,
10000.00000000,16.00000000,0.00001496,1.01579666,0.00003008,1.01610528,
10000.00000000,17.00000000,0.00001499,1.01610561,0.00002999,1.01718358,
10000.00000000,18.00000000,0.00001504,1.01915794,0.00003003,1.01934780,
10000.00000000,19.00000000,0.00001500,1.01929867,0.00003021,1.01926547,
10000.00000000,2.00000000,0.00001505,1.02054338,0.00003013,1.02058322,
10000.00000000,20.00000000,0.00001499,1.01774446,0.00003012,1.01857102,
10000.00000000,3.00000000,0.00001507,1.01907315,0.00002988,1.01849951,
10000.00000000,4.00000000,0.00001478,1.00081975,0.00002943,1.00077929,
10000.00000000,5.00000000,0.00001503,1.01876141,0.00003005,1.01926253,
10000.00000000,6.00000000,0.00001510,1.01720057,0.00002963,1.01751081,
10000.00000000,7.00000000,0.00001494,1.00154046,0.00002888,1.00149804,
10000.00000000,8.00000000,0.00001510,1.01936627,0.00002980,1.01935885,
10000.00000000,9.00000000,0.00001483,1.00477112,0.00002958,1.00491647,
1000.00000000,1.00000000,0.00001595,1.08249305,0.00003204,1.08438179,
1000.00000000,10.00000000,0.00001594,1.07280812,0.00003119,1.07287543,
1000.00000000,11.00000000,0.00001592,1.08355474,0.00003224,1.08447051,
1000.00000000,12.00000000,0.00001525,1.03374752,0.00003048,1.03376784,
1000.00000000,13.00000000,0.00001540,1.03695306,0.00003020,1.03762257,
1000.00000000,14.00000000,0.00001519,1.03347218,0.00003070,1.03308136,
1000.00000000,15.00000000,0.00001500,1.01977355,0.00003022,1.01927081,
1000.00000000,16.00000000,0.00001548,1.05144454,0.00003114,1.05176723,
1000.00000000,17.00000000,0.00001570,1.06435481,0.00003148,1.06756630,
1000.00000000,18.00000000,0.00001578,1.06915430,0.00003149,1.06882189,
1000.00000000,19.00000000,0.00001585,1.07705565,0.00003190,1.07631542,
1000.00000000,2.00000000,0.00001599,1.08481220,0.00003202,1.08490968,
1000.00000000,20.00000000,0.00001588,1.07790046,0.00003191,1.07900017,
1000.00000000,3.00000000,0.00001583,1.07001745,0.00003137,1.06949380,
1000.00000000,4.00000000,0.00001492,1.01029408,0.00002971,1.01019288,
1000.00000000,5.00000000,0.00001575,1.06732155,0.00003150,1.06849193,
1000.00000000,6.00000000,0.00001584,1.06689690,0.00003112,1.06843858,
1000.00000000,7.00000000,0.00001520,1.01893222,0.00002939,1.01918365,
1000.00000000,8.00000000,0.00001597,1.07766679,0.00003148,1.07693696,
1000.00000000,9.00000000,0.00001529,1.03583030,0.00003052,1.03660250,
100.00000000,1.00000000,0.00001844,1.25093236,0.00003701,1.25274817,
100.00000000,10.00000000,0.00001883,1.26759977,0.00003699,1.27207578,
100.00000000,11.00000000,0.00001849,1.25842992,0.00003748,1.26042524,
100.00000000,12.00000000,0.00001719,1.16546707,0.00003432,1.16409388,
100.00000000,13.00000000,0.00001777,1.19627843,0.00003488,1.19866941,
100.00000000,14.00000000,0.00001731,1.17806093,0.00003494,1.17572387,
100.00000000,15.00000000,0.00001662,1.12987836,0.00003351,1.13036761,
100.00000000,16.00000000,0.00001732,1.17674076,0.00003486,1.17741676,
100.00000000,17.00000000,0.00001857,1.25896961,0.00003733,1.26588130,
100.00000000,18.00000000,0.00001837,1.24470647,0.00003663,1.24313170,
100.00000000,19.00000000,0.00001820,1.23694642,0.00003666,1.23694817,
100.00000000,2.00000000,0.00001873,1.27001043,0.00003753,1.27131091,
100.00000000,20.00000000,0.00001852,1.25698561,0.00003726,1.25975263,
100.00000000,3.00000000,0.00001875,1.26740996,0.00003713,1.26584452,
100.00000000,4.00000000,0.00001628,1.10204705,0.00003242,1.10230613,
100.00000000,5.00000000,0.00001784,1.20911779,0.00003567,1.20999770,
100.00000000,6.00000000,0.00001823,1.22821129,0.00003583,1.23024097,
100.00000000,7.00000000,0.00001671,1.11961936,0.00003232,1.12094613,
100.00000000,8.00000000,0.00001869,1.26124147,0.00003689,1.26199846,
100.00000000,9.00000000,0.00001744,1.18113715,0.00003488,1.18472446,
10.00000000,1.00000000,0.00003920,2.65967700,0.00008052,2.72524843,
10.00000000,10.00000000,0.00005398,3.63318551,0.00013024,4.47936887,
10.00000000,11.00000000,0.00005027,3.42160879,0.00009516,3.20051172,
10.00000000,12.00000000,0.00003787,2.56701836,0.00006864,2.32810086,
10.00000000,13.00000000,0.00003723,2.50687988,0.00007452,2.56080708,
10.00000000,14.00000000,0.00003892,2.64878707,0.00007478,2.51619089,
10.00000000,15.00000000,0.00004082,2.77431906,0.00014203,4.79088348,
10.00000000,16.00000000,0.00003799,2.58052318,0.00007440,2.51285956,
10.00000000,17.00000000,0.00004564,3.09391218,0.00009930,3.36770281,
10.00000000,18.00000000,0.00004818,3.26470951,0.00009440,3.20386118,
10.00000000,19.00000000,0.00004215,2.86476307,0.00008426,2.84277785,
10.00000000,2.00000000,0.00005105,3.46223855,0.00009559,3.23827001,
10.00000000,20.00000000,0.00003786,2.57004355,0.00013774,4.65741993,
10.00000000,3.00000000,0.00005749,3.88664855,0.00010800,3.68200051,
10.00000000,4.00000000,0.00003896,2.63711288,0.00068216,23.19615699,
10.00000000,5.00000000,0.00004570,3.09742765,0.00008581,2.91108682,
10.00000000,6.00000000,0.00004319,2.90926498,0.00008916,3.06143028,
10.00000000,7.00000000,0.00003827,2.56454497,0.00010026,3.47733068,
10.00000000,8.00000000,0.00004492,3.03189811,0.00011863,4.05850231,
10.00000000,9.00000000,0.00004592,3.11041027,0.00011120,3.77721515,
1.00000000,1.00000000,0.00225462,152.98526668,0.02247175,760.57884950,
1.00000000,10.00000000,0.00304186,204.73823019,0.01153583,396.75176663,
1.00000000,11.00000000,0.00226578,154.22490535,0.00499110,167.86561041,
1.00000000,12.00000000,0.00241733,163.85597027,0.09495100,3220.35801284,
1.00000000,13.00000000,0.00138668,93.37593234,0.02531730,869.95312395,
1.00000000,14.00000000,0.00127874,87.01857619,0.00241581,81.29214589,
1.00000000,15.00000000,0.00176443,119.92494594,0.97937212,33036.18046703,
1.00000000,16.00000000,0.00215033,146.05688591,0.00487997,164.83077974,
1.00000000,17.00000000,0.00098342,66.66322654,0.01842277,624.77126523,
1.00000000,18.00000000,0.00235359,159.47900851,0.89808540,30481.01853349,
1.00000000,19.00000000,0.00218957,148.80561928,0.00356634,120.32479247,
1.00000000,2.00000000,0.00266570,180.79343024,0.01018377,345.00559579,
1.00000000,20.00000000,0.00102151,69.34605453,0.00284131,96.07595342,
1.00000000,3.00000000,0.00404174,273.25378812,0.00887544,302.58133186,
1.00000000,4.00000000,0.00203380,137.68033886,0.95491343,32470.87630072,
1.00000000,5.00000000,0.00311123,210.86964148,0.03665789,1243.54559736,
1.00000000,6.00000000,0.00312389,210.44109012,0.00581768,199.74991610,
1.00000000,7.00000000,0.00199074,133.41347099,0.09603917,3330.92654028,
1.00000000,8.00000000,0.00186051,125.56582416,0.51078616,17473.99448360,
1.00000000,9.00000000,0.00197391,133.69476366,0.00712474,242.02029659,
20.00000000,1.00000000,0.00002682,1.81963991,0.00005402,1.82822535,
20.00000000,10.00000000,0.00003133,2.10847765,0.00006210,2.13590426,
20.00000000,11.00000000,0.00002927,1.99210740,0.00005926,1.99300731,
20.00000000,12.00000000,0.00002510,1.70160179,0.00004941,1.67591586,
20.00000000,13.00000000,0.00002587,1.74235151,0.00005104,1.75386454,
20.00000000,14.00000000,0.00002600,1.76940327,0.00005208,1.75259883,
20.00000000,15.00000000,0.00002560,1.73970086,0.00005510,1.85857072,
20.00000000,16.00000000,0.00002576,1.74997894,0.00005150,1.73942666,
20.00000000,17.00000000,0.00002958,2.00488406,0.00006118,2.07488254,
20.00000000,18.00000000,0.00002994,2.02846578,0.00005930,2.01266790,
20.00000000,19.00000000,0.00002728,1.85407394,0.00005500,1.85553564,
20.00000000,2.00000000,0.00003067,2.07996981,0.00005997,2.03179843,
20.00000000,20.00000000,0.00002689,1.82569902,0.00006173,2.08730997,
20.00000000,3.00000000,0.00003286,2.22147325,0.00006470,2.20567155,
20.00000000,4.00000000,0.00002422,1.63982431,0.00005167,1.75712368,
20.00000000,5.00000000,0.00002738,1.85584692,0.00005431,1.84233643,
20.00000000,6.00000000,0.00002829,1.90556604,0.00005615,1.92790108,
20.00000000,7.00000000,0.00002404,1.61093293,0.00004788,1.66049741,
20.00000000,8.00000000,0.00002846,1.92048490,0.00005688,1.94597832,
20.00000000,9.00000000,0.00002750,1.86270579,0.00005636,1.91433129,
2.00000000,1.00000000,0.00052760,35.79967225,0.00160037,54.16626762,
2.00000000,10.00000000,0.00070831,47.67406107,0.00395360,135.97610903,
2.00000000,11.00000000,0.00073307,49.89820244,0.00084068,28.27445332,
2.00000000,12.00000000,0.00037500,25.41903456,0.00385326,130.68704510,
2.00000000,13.00000000,0.00032872,22.13501523,0.00241035,82.82444090,
2.00000000,14.00000000,0.00031189,21.22388444,0.00048371,16.27700182,
2.00000000,15.00000000,0.00043338,29.45622141,0.35389811,11937.69108392,
2.00000000,16.00000000,0.00048823,33.16214262,0.00080945,27.34089963,
2.00000000,17.00000000,0.00024722,16.75829842,0.00123306,41.81688173,
2.00000000,18.00000000,0.00066786,45.25402132,0.07676106,2605.27047589,
2.00000000,19.00000000,0.00046886,31.86427573,0.00084318,28.44799502,
2.00000000,2.00000000,0.00057261,38.83555753,0.00157267,53.27882146,
2.00000000,20.00000000,0.00025436,17.26766914,0.00126171,42.66344188,
2.00000000,3.00000000,0.00087245,58.98473977,0.00131741,44.91299502,
2.00000000,4.00000000,0.00046626,31.56420410,0.81031111,27553.81913230,
2.00000000,5.00000000,0.00060495,41.00147698,0.00273964,92.93679026,
2.00000000,6.00000000,0.00050887,34.27981351,0.00180991,62.14337572,
2.00000000,7.00000000,0.00047610,31.90676119,0.00182889,63.43148498,
2.00000000,8.00000000,0.00051808,34.96535979,0.15319082,5240.65780210,
2.00000000,9.00000000,0.00054948,37.21657204,0.00093772,31.85356113,
50.00000000,1.00000000,0.00002061,1.39877742,0.00004137,1.40032889,
50.00000000,10.00000000,0.00002166,1.45796170,0.00004265,1.46678630,
50.00000000,11.00000000,0.00002086,1.41995216,0.00004236,1.42459045,
50.00000000,12.00000000,0.00001917,1.29960694,0.00003824,1.29678173,
50.00000000,13.00000000,0.00001990,1.34035136,0.00003912,1.34419266,
50.00000000,14.00000000,0.00001944,1.32289502,0.00003920,1.31921231,
50.00000000,15.00000000,0.00001855,1.26085213,0.00003751,1.26533405,
50.00000000,16.00000000,0.00001941,1.31814489,0.00003903,1.31828124,
50.00000000,17.00000000,0.00002133,1.44610263,0.00004299,1.45788589,
50.00000000,18.00000000,0.00002116,1.43388369,0.00004213,1.42994845,
50.00000000,19.00000000,0.00002034,1.38258891,0.00004104,1.38464833,
50.00000000,2.00000000,0.00002141,1.45211605,0.00004290,1.45339786,
50.00000000,20.00000000,0.00002069,1.40470412,0.00004185,1.41505190,
50.00000000,3.00000000,0.00002201,1.48804688,0.00004356,1.48488885,
50.00000000,4.00000000,0.00001803,1.22037086,0.00003593,1.22163402,
50.00000000,5.00000000,0.00001992,1.35029817,0.00003985,1.35168506,
50.00000000,6.00000000,0.00002063,1.38981151,0.00004055,1.39213209,
50.00000000,7.00000000,0.00001834,1.22913132,0.00003550,1.23128576,
50.00000000,8.00000000,0.00002110,1.42411742,0.00004169,1.42625232,
50.00000000,9.00000000,0.00001970,1.33414969,0.00003950,1.34174564,
5.00000000,1.00000000,0.00008244,5.59414492,0.00018328,6.20342879,
5.00000000,10.00000000,0.00012624,8.49694634,0.00058228,20.02628409,
5.00000000,11.00000000,0.00011809,8.03830530,0.00019239,6.47062983,
5.00000000,12.00000000,0.00007436,5.04064834,0.00011954,4.05420664,
5.00000000,13.00000000,0.00007104,4.78397645,0.00016349,5.61785788,
5.00000000,14.00000000,0.00007230,4.92027415,0.00012736,4.28582305,
5.00000000,15.00000000,0.00008710,5.92023886,0.00251602,84.87027507,
5.00000000,16.00000000,0.00007771,5.27796997,0.00014339,4.84341044,
5.00000000,17.00000000,0.00008253,5.59441955,0.00020149,6.83321943,
5.00000000,18.00000000,0.00011268,7.63493396,0.00025317,8.59273431,
5.00000000,19.00000000,0.00008472,5.75779050,0.00017165,5.79123224,
5.00000000,2.00000000,0.00010871,7.37309178,0.00023516,7.96667860,
5.00000000,20.00000000,0.00006481,4.39984953,0.00037011,12.51474900,
5.00000000,3.00000000,0.00013654,9.23092137,0.00023595,8.04414769,
5.00000000,4.00000000,0.00008745,5.92002027,0.09275341,3153.98678758,
5.00000000,5.00000000,0.00010359,7.02070762,0.00018987,6.44109500,
5.00000000,6.00000000,0.00008436,5.68271265,0.00021087,7.24014657,
5.00000000,7.00000000,0.00008518,5.70833367,0.00027968,9.69998503,
5.00000000,8.00000000,0.00010044,6.77877701,0.00162149,55.47106615,
5.00000000,9.00000000,0.00010500,7.11162274,0.00029584,10.04945624,