alpha,seed,time,niter,nfail,train_lossf,test_lossf,train_lossf[0],test_lossf[0],errorf[0][0],errorf[0][1],errorf1[0][0],errorf1[0][1],errorf2[0][0],errorf2[0][1],train_Srel[0],test_Srel[0],
inf,1.00000000,0.00000000,0.00000000,0.00000000,653.71797707,707.50942772,653.71797707,707.50942772,42.02863204,611.68934504,17.52137304,6.94211592,41.65613746,641.38980130,0.00000000,0.00000000,
0.00000000,1.00000000,1349.05248308,840.00000000,1.00000000,334.05600687,7563.81825323,334.05600687,7563.81825323,125.84091786,208.21508902,516.75679406,656.04409474,235.31959402,6155.69777040,-1208925819614629174706176.00000000,-1208925819614629174706176.00000000,alpha,seed,time,niter,nfail,train_lossf,test_lossf,train_lossf[0],test_lossf[0],errorf[0][0],errorf[0][1],errorf1[0][0],errorf1[0][1],errorf2[0][0],errorf2[0][1],train_Srel[0],test_Srel[0],
inf,10.00000000,0.00000000,0.00000000,0.00000000,628.86769288,688.03865737,628.86769288,688.03865737,47.07221496,581.79547792,11.89972185,46.94711160,48.43411470,580.75770921,0.00000000,0.00000000,
0.00000000,10.00000000,2058.57074380,843.00000000,1.00000000,3843.40324146,5705.45409993,3843.40324146,5705.45409993,158.99063414,3684.41260732,645.30889059,2018.26219539,312.10533575,2729.77767820,0.00000000,-1125899906842624.00000000,alpha,seed,time,niter,nfail,train_lossf,test_lossf,train_lossf[0],test_lossf[0],errorf[0][0],errorf[0][1],errorf1[0][0],errorf1[0][1],errorf2[0][0],errorf2[0][1],train_Srel[0],test_Srel[0],
inf,11.00000000,0.00000000,0.00000000,0.00000000,660.68803916,691.20167106,660.68803916,691.20167106,44.25027403,616.43776514,15.08229818,10.41521592,44.54298593,621.16117102,-0.00000000,0.00000000,
0.00000000,11.00000000,2052.24712658,844.00000000,1.00000000,400.90390584,38086.43650282,400.90390584,38086.43650282,108.84961372,292.05429212,38.55902509,135.62273838,2123.06813808,35789.18660128,-16384.00000000,0.00000000,
0.01000000,1.00000000,130.32609153,1084.00000000,0.00000000,1.93407158,80869.25409313,1.93407158,80869.25409313,1.85430651,0.00066592,114.40309243,554.87928858,130.09699155,80069.77042481,-7.90991533,-10.42957610,
0.01000000,10.00000000,302.25058365,1936.00000000,0.00000000,1.48018254,1673.18716115,1.48018254,1673.18716115,1.40157936,0.00106557,281.74874983,1010.33330805,127.76644307,253.23420411,-7.75376011,-10.44560833,
0.01000000,11.00000000,353.73406219,1060.00000000,0.00000000,1.31189466,5962.70475882,1.31189466,5962.70475882,1.23299963,0.00014883,54.04553563,88.44051768,431.41315477,5388.70131811,-7.87461978,-10.42326299,
0.01000000,12.00000000,153.02921486,933.00000000,0.00000000,0.83684234,741000.96706273,0.83684234,741000.96706273,0.75831446,0.00027137,237.94271014,7899.11454915,502.36361208,732361.44187495,-7.82565146,-10.43164216,
0.01000000,13.00000000,118.44418526,1123.00000000,0.00000000,2.26511324,741000.96719337,2.26511324,741000.96719337,2.18569895,0.00000455,169.28413466,0.00000000,571.02218755,740260.55642410,-7.94097350,-10.44470658,
0.01000000,14.00000000,119.38892460,945.00000000,0.00000000,1.29379470,27699.83864777,1.29379470,27699.83864777,1.21595387,0.00000000,3068.58210521,0.00059344,24502.92275375,128.22895769,-7.78408340,-10.42376834,
0.01000000,15.00000000,101.09987307,1098.00000000,0.00000000,1.19805634,27604.97326126,1.19805634,27604.97326126,1.11943687,0.00046677,31.14732698,23249.70918368,4002.88067257,321.13181602,-7.81527088,-10.42620222,
0.01000000,16.00000000,75.88970661,728.00000000,0.00000000,0.74985251,256030.45587062,0.74985251,256030.45587062,0.67177152,0.00005574,82.77764283,216086.63152681,18804.96131114,21055.98111449,-7.80252460,-10.42753538,
0.01000000,17.00000000,143.19710088,1087.00000000,0.00000000,0.87829442,18580.75707817,0.87829442,18580.75707817,0.79994795,0.00020446,99.27540320,3197.40831888,15024.70964638,259.25939417,-7.81420046,-10.43155370,
0.01000000,18.00000000,97.23323846,901.00000000,0.00000000,1.22098392,22807.87280042,1.22098392,22807.87280042,1.14361345,0.00003337,40.33387343,0.80649646,21307.74532899,1458.88277804,-7.73370890,-10.43234954,
0.01000000,19.00000000,100.39623833,682.00000000,0.00000000,1.21245145,741000.95003709,1.21245145,741000.95003709,1.13553393,0.00203632,201.80156967,34.33419995,538.50473991,740226.20526347,-7.48812062,-10.42640949,alpha,seed,time,niter,nfail,train_lossf,test_lossf,train_lossf[0],test_lossf[0],errorf[0][0],errorf[0][1],errorf1[0][0],errorf1[0][1],errorf2[0][0],errorf2[0][1],train_Srel[0],test_Srel[0],
inf,12.00000000,0.00000000,0.00000000,0.00000000,159.34205038,691.63103233,159.34205038,691.63103233,37.22542431,122.11662607,22.24724780,504.37409514,37.09440259,127.91528680,0.00000000,0.00000000,
0.00000000,12.00000000,1092.71242046,842.00000000,1.00000000,225.39107423,3990.06057147,225.39107423,3990.06057147,43.54542487,181.84564936,368.68039745,7.83873798,182.13579978,3431.40563627,0.00000000,2048.00000000,
0.01000000,2.00000000,154.89309621,1114.00000000,0.00000000,2.20202531,1036.92563052,2.20202531,1036.92563052,2.12242121,0.00017915,191.51311639,0.00000000,95.13230723,750.17590169,-7.94249495,-10.43052112,
0.01000000,20.00000000,93.40511465,830.00000000,0.00000000,0.88124509,15292.91313896,0.88124509,15292.91313896,0.80363416,0.00052261,114.98447401,2051.12064558,580.12442748,12546.57930559,-7.70883142,-10.42863020,alpha,seed,time,niter,nfail,train_lossf,test_lossf,train_lossf[0],test_lossf[0],errorf[0][0],errorf[0][1],errorf1[0][0],errorf1[0][1],errorf2[0][0],errorf2[0][1],train_Srel[0],test_Srel[0],
inf,13.00000000,0.00000000,0.00000000,0.00000000,150.65053991,692.76236677,150.65053991,692.76236677,43.21428789,107.43625202,16.06187213,518.73114850,43.66395964,114.30538651,0.00000000,-0.00000000,
0.00000000,13.00000000,1472.62972951,842.00000000,1.00000000,4404.67862040,328.04785742,4404.67862040,328.04785742,459.98439339,3944.69422702,81.31988333,18.18135933,206.79198603,21.75462872,0.00000000,0.00000000,
0.01000000,3.00000000,177.58241773,1719.00000000,0.00000000,1.99106882,132706.39498942,1.99106882,132706.39498942,1.91281395,0.00039632,53.97519685,76432.64900129,2194.68073808,54024.98568503,-7.78585561,-10.43681803,alpha,seed,time,niter,nfail,train_lossf,test_lossf,train_lossf[0],test_lossf[0],errorf[0][0],errorf[0][1],errorf1[0][0],errorf1[0][1],errorf2[0][0],errorf2[0][1],train_Srel[0],test_Srel[0],
inf,14.00000000,0.00000000,0.00000000,0.00000000,155.60044881,686.00569779,155.60044881,686.00569779,41.02789382,114.57255499,18.44591739,514.85788295,40.88464678,111.81725066,-0.00000000,-0.00000000,
0.00000000,14.00000000,1759.91099811,842.00000000,1.00000000,110.45574710,72083.48308683,110.45574710,72083.48308683,108.21446536,2.24128174,60.20824034,155.62397850,327.47135565,71540.17951234,8796093022208.00000000,0.00000000,
0.01000000,4.00000000,88.16824532,1002.00000000,0.00000000,0.62095734,27699.83875242,0.62095734,27699.83875242,0.53932826,0.00001450,1200.91739555,0.00000000,26370.58746341,128.22955112,-8.16145847,-10.43423344,alpha,seed,time,niter,nfail,train_lossf,test_lossf,train_lossf[0],test_lossf[0],errorf[0][0],errorf[0][1],errorf1[0][0],errorf1[0][1],errorf2[0][0],errorf2[0][1],train_Srel[0],test_Srel[0],
inf,15.00000000,0.00000000,0.00000000,0.00000000,110.21250069,681.47119199,110.21250069,681.47119199,40.68524080,69.52725989,18.60716100,562.30631416,41.09384513,59.46387171,-0.00000000,-0.00000000,
0.00000000,15.00000000,1099.66852307,850.00000000,1.00000000,18678.56595344,27604.86899924,18678.56595344,27604.86899924,57.27396083,18621.29199261,31.14732698,23249.70918368,4002.88067257,321.13181602,2147483648.00000000,0.00000000,
0.01000000,5.00000000,277.14180756,1445.00000000,0.00000000,2.66884476,22807.87279541,2.66884476,22807.87279541,2.58866146,0.00039718,39.79991146,1390.13681942,21308.27929096,69.55245508,-7.97861281,-10.43184853,alpha,seed,time,niter,nfail,train_lossf,test_lossf,train_lossf[0],test_lossf[0],errorf[0][0],errorf[0][1],errorf1[0][0],errorf1[0][1],errorf2[0][0],errorf2[0][1],train_Srel[0],test_Srel[0],
inf,16.00000000,0.00000000,0.00000000,0.00000000,536.75376477,694.45897557,536.75376477,694.45897557,35.45277910,501.30098567,24.09347978,123.64380177,35.10125569,511.62043833,-0.00000000,-0.00000000,
0.00000000,16.00000000,2047.98123717,844.00000000,1.00000000,814.32265580,893.26292181,814.32265580,893.26292181,51.92388150,762.39877429,547.97315307,0.00000000,345.28976874,0.00000000,144115188075855872.00000000,0.00000000,
0.01000000,6.00000000,143.87965608,888.00000000,0.00000000,2.09831436,279.25476819,2.09831436,279.25476819,2.01925050,0.00003083,79.98480621,0.00000000,187.52881365,11.63710222,-7.90330323,-10.40461171,alpha,seed,time,niter,nfail,train_lossf,test_lossf,train_lossf[0],test_lossf[0],errorf[0][0],errorf[0][1],errorf1[0][0],errorf1[0][1],errorf2[0][0],errorf2[0][1],train_Srel[0],test_Srel[0],
inf,17.00000000,0.00000000,0.00000000,0.00000000,561.07771212,735.45298077,561.07771212,735.45298077,45.19370458,515.88400754,14.22446870,89.44414151,45.21576141,586.56860915,0.00000000,0.00000000,
0.00000000,17.00000000,1921.45026541,842.00000000,1.00000000,1199.61755367,4495.98137507,1199.61755367,4495.98137507,43.69934022,1155.91821345,34.95433429,4.41677608,66.70916341,4389.90110129,0.00000000,0.00000000,
0.01000000,7.00000000,203.64028502,1231.00000000,0.00000000,1.97259240,9564.77066261,1.97259240,9564.77066261,1.89524482,0.00046937,562.73314112,5235.79299290,93.54046594,3672.59952260,-7.68782157,-10.45400493,alpha,seed,time,niter,nfail,train_lossf,test_lossf,train_lossf[0],test_lossf[0],errorf[0][0],errorf[0][1],errorf1[0][0],errorf1[0][1],errorf2[0][0],errorf2[0][1],train_Srel[0],test_Srel[0],
inf,18.00000000,0.00000000,0.00000000,0.00000000,625.59729313,688.76163059,625.59729313,688.76163059,49.98557030,575.61172283,9.63880565,52.26057605,49.42943177,577.43281711,0.00000000,-0.00000000,
0.00000000,18.00000000,1495.45951104,844.00000000,1.00000000,71216.40829597,22807.76847692,71216.40829597,22807.76847692,312.74451764,70903.66377833,40.33387343,0.80649646,21307.74532899,1458.88277804,-4398046511104.00000000,13194139533312.00000000,
0.01000000,8.00000000,117.77869606,1351.00000000,0.00000000,0.83088947,33001.00085393,0.83088947,33001.00085393,0.75252035,0.00002689,126.19311806,18.93917320,27553.94113223,5301.82302771,-7.83422278,-10.44027328,alpha,seed,time,niter,nfail,train_lossf,test_lossf,train_lossf[0],test_lossf[0],errorf[0][0],errorf[0][1],errorf1[0][0],errorf1[0][1],errorf2[0][0],errorf2[0][1],train_Srel[0],test_Srel[0],
inf,19.00000000,0.00000000,0.00000000,0.00000000,631.74128420,691.76426509,631.74128420,691.76426509,37.86438600,593.87689821,21.51249047,32.80508111,38.01893307,599.42776043,0.00000000,0.00000000,
0.00000000,19.00000000,1749.92378855,841.00000000,1.00000000,200.26208384,11214.08610798,200.26208384,11214.08610798,117.23050889,83.03157495,62.41149563,166.13259415,292.74882565,10692.79319255,-35184372088832.00000000,-35184372088832.00000000,
0.01000000,9.00000000,134.31513762,909.00000000,0.00000000,0.84058029,80856.48736312,0.84058029,80856.48736312,0.76188668,0.00002526,98.20251946,580.03042114,146.25676365,80031.89333505,-7.86683528,-10.43238274,alpha,seed,time,niter,nfail,train_lossf,test_lossf,train_lossf[0],test_lossf[0],errorf[0][0],errorf[0][1],errorf1[0][0],errorf1[0][1],errorf2[0][0],errorf2[0][1],train_Srel[0],test_Srel[0],
inf,2.00000000,0.00000000,0.00000000,0.00000000,669.65961598,691.90493627,669.65961598,691.90493627,47.96005341,621.69956257,11.53144418,4.81214485,47.76629812,627.79504913,0.00000000,0.00000000,
0.00000000,2.00000000,1367.14666557,844.00000000,1.00000000,50.51257721,27604.86899924,50.51257721,27604.86899924,50.20682558,0.30575163,22.49377864,221.16812142,4011.53422090,23349.67287827,9444732965739290427392.00000000,0.00000000,alpha,seed,time,niter,nfail,train_lossf,test_lossf,train_lossf[0],test_lossf[0],errorf[0][0],errorf[0][1],errorf1[0][0],errorf1[0][1],errorf2[0][0],errorf2[0][1],train_Srel[0],test_Srel[0],
inf,20.00000000,0.00000000,0.00000000,0.00000000,601.80475982,715.61817762,601.80475982,715.61817762,38.98299923,562.82176059,20.46357734,52.24186258,38.93160478,603.98113291,0.00000000,0.00000000,
0.00000000,20.00000000,1692.35277820,844.00000000,1.00000000,16890.25402933,3678.85802565,16890.25402933,3678.85802565,96.35046687,16793.90356246,39.05810443,1180.71400447,2298.37549629,160.71042046,1125899906842624.00000000,-1125899906842624.00000000,alpha,seed,time,niter,nfail,train_lossf,test_lossf,train_lossf[0],test_lossf[0],errorf[0][0],errorf[0][1],errorf1[0][0],errorf1[0][1],errorf2[0][0],errorf2[0][1],train_Srel[0],test_Srel[0],
inf,3.00000000,0.00000000,0.00000000,0.00000000,640.83226876,666.27383761,640.83226876,666.27383761,56.18248606,584.64978270,3.17704135,55.42106234,56.39435508,551.28137884,-0.00000000,-0.00000000,
0.00000000,3.00000000,1073.51077580,841.00000000,1.00000000,140.34284926,313.60767806,140.34284926,313.60767806,127.26927582,13.07357344,88.76548941,0.00000000,97.08364127,127.75854738,-1099511627776.00000000,-1099511627776.00000000,alpha,seed,time,niter,nfail,train_lossf,test_lossf,train_lossf[0],test_lossf[0],errorf[0][0],errorf[0][1],errorf1[0][0],errorf1[0][1],errorf2[0][0],errorf2[0][1],train_Srel[0],test_Srel[0],
inf,4.00000000,0.00000000,0.00000000,0.00000000,60.16962051,686.53026096,60.16962051,686.53026096,35.35748108,24.81213943,23.81931202,604.66608840,36.10717371,21.93768684,-0.00000000,-0.00000000,
0.00000000,4.00000000,1148.96159172,843.00000000,1.00000000,1177.69229043,27699.73441009,1177.69229043,27699.73441009,46.49619404,1131.19609639,1200.91739555,0.00000000,26370.58746341,128.22955112,0.00000000,562949953421312.00000000,alpha,seed,time,niter,nfail,train_lossf,test_lossf,train_lossf[0],test_lossf[0],errorf[0][0],errorf[0][1],errorf1[0][0],errorf1[0][1],errorf2[0][0],errorf2[0][1],train_Srel[0],test_Srel[0],
inf,5.00000000,0.00000000,0.00000000,0.00000000,610.67394871,712.92722894,610.67394871,712.92722894,41.94377233,568.73017638,17.46655732,47.44843120,41.99854660,606.01369382,0.00000000,-0.00000000,
0.00000000,5.00000000,2175.27592087,846.00000000,1.00000000,171085.45152858,328.04785742,171085.45152858,328.04785742,72.88406101,171012.56746757,13.55053655,0.00000000,274.56133282,39.93598805,-8589934592.00000000,-4294967296.00000000,alpha,seed,time,niter,nfail,train_lossf,test_lossf,train_lossf[0],test_lossf[0],errorf[0][0],errorf[0][1],errorf1[0][0],errorf1[0][1],errorf2[0][0],errorf2[0][1],train_Srel[0],test_Srel[0],
inf,6.00000000,0.00000000,0.00000000,0.00000000,588.47611814,697.41170391,588.47611814,697.41170391,41.56416931,546.91194883,18.08682761,76.58634080,40.92211413,561.81642137,0.00000000,-0.00000000,
0.00000000,6.00000000,1698.24444103,841.00000000,1.00000000,492.41543063,7563.81825323,492.41543063,7563.81825323,430.96762595,61.44780468,532.55448254,5321.79564614,219.52190555,1489.94621900,-8796093022208.00000000,0.00000000,alpha,seed,time,niter,nfail,train_lossf,test_lossf,train_lossf[0],test_lossf[0],errorf[0][0],errorf[0][1],errorf1[0][0],errorf1[0][1],errorf2[0][0],errorf2[0][1],train_Srel[0],test_Srel[0],
inf,7.00000000,0.00000000,0.00000000,0.00000000,84.09233624,690.44512101,84.09233624,690.44512101,33.51728005,50.57505619,25.89696731,576.53998055,33.56791094,54.44026221,-0.00000000,-0.00000000,
0.00000000,7.00000000,30.45232010,34.00000000,0.00000000,1098.60554587,1305.95844494,1098.60554587,1305.95844494,177.90261295,920.70293293,52.99417756,936.11644890,108.15526092,208.69255757,-11.25000000,-10.43750000,alpha,seed,time,niter,nfail,train_lossf,test_lossf,train_lossf[0],test_lossf[0],errorf[0][0],errorf[0][1],errorf1[0][0],errorf1[0][1],errorf2[0][0],errorf2[0][1],train_Srel[0],test_Srel[0],
inf,8.00000000,0.00000000,0.00000000,0.00000000,642.26390318,688.47323545,642.26390318,688.47323545,45.85521223,596.40869095,13.41141836,31.81197604,46.32988498,596.91995606,0.00000000,0.00000000,
0.00000000,8.00000000,1418.44890308,842.00000000,1.00000000,78416.42995552,4495.98137507,78416.42995552,4495.98137507,146.96129139,78269.46866413,14.47568238,1606.70475318,87.18781532,2787.61312418,0.00000000,0.00000000,alpha,seed,time,niter,nfail,train_lossf,test_lossf,train_lossf[0],test_lossf[0],errorf[0][0],errorf[0][1],errorf1[0][0],errorf1[0][1],errorf2[0][0],errorf2[0][1],train_Srel[0],test_Srel[0],
inf,9.00000000,0.00000000,0.00000000,0.00000000,172.69658944,691.27197891,172.69658944,691.27197891,41.74251779,130.95407165,17.64932544,495.85867717,41.84697164,135.91700467,-0.00000000,0.00000000,
0.00000000,9.00000000,1657.08424687,845.00000000,1.00000000,505.93025099,33101.41703967,505.93025099,33101.41703967,502.01110903,3.91914196,57.05932772,28139.74090141,65.74743575,4838.86937479,1024.00000000,-1024.00000000,
0.10000000,1.00000000,40.93572330,313.00000000,0.00000000,2.62586338,61576.96739946,2.62586338,61576.96739946,1.88272187,0.00048723,97.55960535,386.65486462,98.86648865,60992.89788268,-7.42654279,-9.88558152,
0.10000000,10.00000000,70.71078038,580.00000000,0.00000000,2.15521247,999.18433734,2.15521247,999.18433734,1.42793432,0.00024740,199.03107892,552.37551428,89.36581724,157.43241385,-7.27030755,-9.79513045,
0.10000000,11.00000000,81.04198790,318.00000000,0.00000000,1.99569708,4573.35451563,1.99569708,4573.35451563,1.27204333,0.00006040,45.26071946,57.58748233,335.91546279,4133.60519743,-7.23593339,-9.85653618,
0.10000000,12.00000000,12.04610515,158.00000000,0.00000000,1.49148158,4085.79253125,1.49148158,4085.79253125,0.82217237,0.00000101,357.35887680,7.18250738,182.27766213,3537.93929932,-6.69308197,-10.34185608,
0.10000000,13.00000000,37.56331491,451.00000000,0.00000000,2.96247927,736968.91535163,2.96247927,736968.91535163,2.21291918,0.00012741,168.46774386,0.00000000,569.05062258,736230.35439743,-7.49432685,-10.42587757,
0.10000000,14.00000000,29.03014541,335.00000000,0.00000000,1.96415247,5474.64035791,1.96415247,5474.64035791,1.25709806,0.00000803,188.59427604,462.40536707,959.04174035,3863.67360585,-7.07046376,-9.25368614,
0.10000000,15.00000000,17.44516015,243.00000000,0.00000000,1.87880444,27605.91161946,1.87880444,27605.91161946,1.15382881,0.00003645,31.14732698,23249.70918368,4002.88067257,321.13181602,-7.24939189,-10.42620222,
0.10000000,16.00000000,27.81477094,224.00000000,0.00000000,1.42063568,252857.94177425,1.42063568,252857.94177425,0.72022444,0.00000818,82.19126202,213410.00981704,18580.83527776,20783.86713128,-7.00403051,-10.38286142,
0.10000000,17.00000000,36.43493247,288.00000000,0.00000000,1.53346243,18533.20059317,1.53346243,18533.20059317,0.86093647,0.00015856,99.00980505,3188.46623108,14986.24620334,258.43623145,-6.72367401,-10.42122257,
0.10000000,18.00000000,23.91089082,257.00000000,0.00000000,1.89254485,22808.81171187,1.89254485,22808.81171187,1.17431623,0.00000560,40.33387343,0.80649646,21307.74532899,1458.88277804,-7.18223019,-10.43234954,
0.10000000,19.00000000,33.54344893,216.00000000,0.00000000,1.85412666,512373.81908428,1.85412666,512373.81908428,1.17341194,0.00002804,142.82146999,17.97376418,417.31408412,511794.72586521,-6.80686681,-9.83900777,
0.10000000,2.00000000,35.09191871,373.00000000,0.00000000,2.90036405,1022.90650732,2.90036405,1022.90650732,2.14009667,0.00002535,189.37630551,0.00000000,94.04232514,738.45122040,-7.60242025,-10.36656275,
0.10000000,20.00000000,31.27531552,290.00000000,0.00000000,1.54232981,14720.48138645,1.54232981,14720.48138645,0.85259246,0.00013754,112.02473936,1962.83526292,561.57110278,12083.02039971,-6.89599817,-10.29881672,
0.10000000,3.00000000,33.25505137,436.00000000,0.00000000,2.67131468,132682.84050645,2.67131468,132682.84050645,1.93642758,0.00001704,53.96732063,76418.31826047,2194.28433324,54015.22701887,-7.34870064,-10.43573243,
0.10000000,4.00000000,21.64377546,245.00000000,0.00000000,1.30976259,27700.77777858,1.30976259,27700.77777858,0.60887307,0.00000000,1200.91736276,0.00000000,26370.58744680,128.22954570,-7.00889523,-10.43423317,
0.10000000,5.00000000,52.37886143,357.00000000,0.00000000,3.36190408,22808.81166175,3.36190408,22808.81166175,2.61725945,0.00021095,39.79991146,1390.13681942,21308.27929094,69.55245508,-7.44433681,-10.43184853,
0.10000000,6.00000000,37.77404761,254.00000000,0.00000000,2.79141505,9051.72462307,2.79141505,9051.72462307,2.04472299,0.00004326,786.50288841,8210.95030701,53.39690816,0.00000000,-7.46648800,-8.74519501,
0.10000000,7.00000000,38.09751821,256.00000000,0.00000000,2.64580821,9566.11882506,2.64580821,9566.11882506,1.92545583,0.00049452,562.62892466,5234.43734901,93.54694269,3674.46033716,-7.19857855,-10.45271547,
0.10000000,8.00000000,42.01819873,324.00000000,0.00000000,1.49740907,32976.92798171,1.49740907,32976.92798171,0.80093972,0.00005292,126.10551205,18.91283098,27533.42941854,5297.43652686,-6.96416435,-10.43693268,
0.10000000,9.00000000,34.71614647,274.00000000,0.00000000,1.51832924,42935.43189654,1.51832924,42935.43189654,0.80504589,0.00000000,434.21298432,2.83514822,17691.82877751,24805.51176080,-7.13283347,-10.43225687,
1000000.00000000,1.00000000,50.70457888,486.00000000,0.00000000,642.23114956,695.63536710,642.23114956,695.63536710,42.05566192,588.30559753,17.51839730,6.96019779,41.68139455,617.76331878,-0.00001187,-0.00001171,
1000000.00000000,10.00000000,37.12170172,286.00000000,0.00000000,617.37242767,676.50035074,617.37242767,676.50035074,47.10183349,559.64092321,11.89732594,47.02190776,48.46713640,558.33261058,-0.00001063,-0.00001078,
1000000.00000000,11.00000000,49.37855768,360.00000000,0.00000000,649.31791236,679.42395737,649.31791236,679.42395737,44.28722800,594.16199083,15.06530684,10.33536234,44.58095419,598.22299820,-0.00001087,-0.00001122,
1000000.00000000,12.00000000,12.52477717,159.00000000,0.00000000,158.61258384,691.30755428,158.61258384,691.30755428,37.20386878,120.69659737,22.24918717,504.81548507,37.07225098,126.46000192,-0.00000071,-0.00000071,
1000000.00000000,13.00000000,27.08660626,203.00000000,0.00000000,150.27163776,692.49901959,150.27163776,692.49901959,43.21163567,106.67774461,16.05001681,518.90773482,43.66168552,113.47454961,-0.00000038,-0.00000041,
1000000.00000000,14.00000000,17.52021813,185.00000000,0.00000000,154.99311189,685.66935571,154.99311189,685.66935571,41.02248270,113.32969179,18.43660211,515.12575263,40.87895309,110.56775974,-0.00000064,-0.00000066,
1000000.00000000,15.00000000,23.19295716,234.00000000,0.00000000,109.75800343,681.13016679,109.75800343,681.13016679,40.67449035,68.69328591,18.60796499,562.34566156,41.08382494,58.70398005,-0.00000039,-0.00000039,
1000000.00000000,16.00000000,25.83922291,210.00000000,0.00000000,525.74927864,683.04159500,525.74927864,683.04159500,35.47060443,479.63034228,24.11409537,123.93694017,35.11872766,488.75343476,-0.00001065,-0.00001112,
1000000.00000000,17.00000000,50.55797720,333.00000000,0.00000000,550.76682341,722.90373629,550.76682341,722.90373629,45.22877130,497.10605128,14.21875668,89.57395025,45.25193759,564.62774252,-0.00000843,-0.00000923,
1000000.00000000,18.00000000,45.98207331,607.00000000,0.00000000,614.19990576,676.96347499,614.19990576,676.96347499,50.01235029,552.71053720,9.63718526,52.34518574,49.45486119,553.72008194,-0.00001148,-0.00001181,
1000000.00000000,19.00000000,97.39214778,372.00000000,0.00000000,620.29422388,680.09810001,620.29422388,680.09810001,37.90924847,571.46062859,21.49652050,32.80565752,38.06490565,576.91582189,-0.00001092,-0.00001082,
1000000.00000000,2.00000000,40.82370758,371.00000000,0.00000000,658.26484841,680.02480035,658.26484841,680.02480035,47.97096639,599.96025445,11.54096779,4.72931556,47.77545365,605.50953918,-0.00001033,-0.00001047,
1000000.00000000,20.00000000,37.70324421,499.00000000,0.00000000,591.18293275,703.05926735,591.18293275,703.05926735,39.01577265,542.21321864,20.45712408,52.20201979,38.96514970,580.69798579,-0.00000995,-0.00001074,
1000000.00000000,3.00000000,36.52865744,466.00000000,0.00000000,628.83928445,655.96864121,628.83928445,655.96864121,56.20340680,560.90857175,3.17806487,55.36464808,56.41314934,529.95692411,-0.00001173,-0.00001106,
1000000.00000000,4.00000000,16.16440248,161.00000000,0.00000000,60.07132344,686.31031123,60.07132344,686.31031123,35.35496694,24.61643259,23.82105460,604.51310046,36.10442013,21.77727867,-0.00000010,-0.00000009,
1000000.00000000,5.00000000,46.87691808,376.00000000,0.00000000,599.40482542,700.66012094,599.40482542,700.66012094,41.96886077,546.48165228,17.46578081,47.62098149,42.02468339,582.35952828,-0.00001095,-0.00001119,
1000000.00000000,6.00000000,47.75548911,312.00000000,0.00000000,577.33515283,686.10927519,577.33515283,686.10927519,41.59710807,525.25280579,18.09024815,76.71063855,40.95060210,539.68559201,-0.00001049,-0.00001067,
1000000.00000000,7.00000000,38.52058935,190.00000000,0.00000000,83.93619494,690.26589130,83.93619494,690.26589130,33.51500120,50.24910891,25.88946616,576.52760210,33.56535379,54.12424443,-0.00000017,-0.00000016,
1000000.00000000,8.00000000,42.39216471,438.00000000,0.00000000,630.87554232,676.73870936,630.87554232,676.73870936,45.85192259,574.36771935,13.43479089,31.76994683,46.32774695,574.35094623,-0.00001066,-0.00001086,
1000000.00000000,9.00000000,21.57459164,175.00000000,0.00000000,171.92822951,690.99516617,171.92822951,690.99516617,41.72610437,129.39945846,17.64361195,496.41003984,41.83138758,134.27409326,-0.00000080,-0.00000084,
100000.00000000,1.00000000,65.54580545,668.00000000,0.00000000,562.34920833,612.88803296,562.34920833,612.88803296,42.19139001,448.81757188,17.51510088,7.05861122,41.80438107,475.70528264,-0.00071340,-0.00070805,
100000.00000000,10.00000000,42.30797648,355.00000000,0.00000000,537.84133103,596.76131029,537.84133103,596.76131029,47.31286249,418.37592673,11.86921522,47.38583523,48.70212498,415.84472935,-0.00072153,-0.00072959,
100000.00000000,11.00000000,61.48944283,462.00000000,0.00000000,570.05993302,597.89894654,570.05993302,597.89894654,44.51292961,455.27008460,14.94422397,9.81778406,44.81431247,456.12880149,-0.00070277,-0.00072194,
100000.00000000,12.00000000,15.93927431,213.00000000,0.00000000,152.58114126,688.66352409,152.58114126,688.66352409,37.02525424,109.43639585,22.26450808,508.49716322,36.88916559,114.88967884,-0.00006119,-0.00006123,
100000.00000000,13.00000000,38.22935009,291.00000000,0.00000000,147.00920439,690.03425674,147.00920439,690.03425674,43.19209325,100.35435911,15.95045991,520.19996524,43.64527379,106.58748686,-0.00003463,-0.00003651,
100000.00000000,14.00000000,30.91604590,271.00000000,0.00000000,149.91680607,682.96589623,149.91680607,682.96589623,40.97273585,103.57231033,18.35992543,517.46932423,40.82706997,100.81164445,-0.00005372,-0.00005498,
100000.00000000,15.00000000,27.93001747,315.00000000,0.00000000,105.97031934,678.30549674,105.97031934,678.30549674,40.58002007,61.61406392,18.61412657,562.65000266,40.99568663,52.29972617,-0.00003776,-0.00003746,
100000.00000000,16.00000000,24.99433088,201.00000000,0.00000000,450.18328402,605.29112213,450.18328402,605.29112213,35.59481963,346.48015294,24.25883843,125.81152675,35.23997565,349.13193999,-0.00068108,-0.00070849,
100000.00000000,17.00000000,44.95101404,333.00000000,0.00000000,478.84063636,636.28274902,478.84063636,636.28274902,45.48618176,370.49497833,14.17805576,90.49248577,45.51825789,417.54691100,-0.00062859,-0.00068547,
100000.00000000,18.00000000,58.95096016,694.00000000,0.00000000,535.02034383,595.51523460,535.02034383,595.51523460,50.16970951,413.15472067,9.62114076,52.84734019,49.60392121,409.86295283,-0.00071696,-0.00073580,
100000.00000000,19.00000000,69.44076347,448.00000000,0.00000000,541.04450893,599.08124476,541.04450893,599.08124476,38.20470308,431.76537687,21.38748794,32.58933058,38.36951549,436.16693166,-0.00071074,-0.00070568,
100000.00000000,2.00000000,46.44747972,609.00000000,0.00000000,578.74045069,597.51313272,578.74045069,597.51313272,48.01568372,461.83466058,11.61295131,4.16822263,47.80791096,464.31126430,-0.00068890,-0.00069613,
100000.00000000,20.00000000,52.62229037,629.00000000,0.00000000,517.49656536,616.97610679,517.49656536,616.97610679,39.23271786,411.77651520,20.40662369,51.65734581,39.18834742,434.30706029,-0.00066487,-0.00071417,
100000.00000000,3.00000000,50.31414127,715.00000000,0.00000000,546.23851212,583.56345149,546.23851212,583.56345149,56.32291423,415.69427801,3.18705659,54.93147821,56.51703473,398.65017235,-0.00074221,-0.00070278,
100000.00000000,4.00000000,24.04154778,258.00000000,0.00000000,59.22938274,684.48176038,59.22938274,684.48176038,35.33427327,23.01488265,23.83452813,603.25380465,36.08134629,20.49203090,-0.00000880,-0.00000820,
100000.00000000,5.00000000,61.15327311,686.00000000,0.00000000,521.19285826,615.89426985,521.19285826,615.89426985,42.14815110,407.22286809,17.44708362,48.79967042,42.21277539,433.94401942,-0.00071822,-0.00073491,
100000.00000000,6.00000000,53.81462765,394.00000000,0.00000000,500.64642342,608.28659046,500.64642342,608.28659046,41.81770904,390.44019437,18.12115314,77.40317525,41.13855584,401.97619189,-0.00068389,-0.00069648,
100000.00000000,7.00000000,55.29634213,202.00000000,0.00000000,82.58358424,688.74796720,82.58358424,688.74796720,33.49405390,47.63758182,25.82725799,576.45252231,33.54214606,51.57405570,-0.00001452,-0.00001352,
100000.00000000,8.00000000,51.04219031,484.00000000,0.00000000,551.72642927,595.51547870,551.72642927,595.51547870,45.80872496,435.24346121,13.59184116,31.36314271,46.29124954,432.48557259,-0.00070674,-0.00071784,
100000.00000000,9.00000000,24.57295871,198.00000000,0.00000000,165.55658973,688.62988733,165.55658973,688.62988733,41.59481469,117.40389407,17.59587265,500.89687493,41.70694821,121.58873801,-0.00006558,-0.00006841,
10000.00000000,1.00000000,51.18207717,493.00000000,0.00000000,312.59088244,351.09370175,312.59088244,351.09370175,41.81476199,148.52146962,17.73305361,6.99646667,41.37307738,161.33673143,-0.01222547,-0.01236544,
10000.00000000,10.00000000,75.73423409,354.00000000,0.00000000,295.53355324,351.42858915,295.53355324,351.42858915,47.71326758,132.58690604,11.52326791,44.65489679,49.15950428,130.39554800,-0.01152334,-0.01156954,
10000.00000000,11.00000000,47.10202599,397.00000000,0.00000000,319.79701461,344.36346265,319.79701461,344.36346265,44.64837812,151.92372337,14.45190688,8.71709170,44.98525034,151.07801624,-0.01232249,-0.01251312,
10000.00000000,12.00000000,20.84442782,262.00000000,0.00000000,118.30463702,675.01022187,118.30463702,675.01022187,35.89777436,58.04075866,22.34741883,530.85510611,35.74556395,61.53499008,-0.00243661,-0.00245271,
10000.00000000,13.00000000,44.71422887,350.00000000,0.00000000,124.33470129,675.05620543,124.33470129,675.05620543,42.90335125,62.83960652,15.27191575,530.78898709,43.37373978,66.28577011,-0.00185917,-0.00193358,
10000.00000000,14.00000000,29.73508239,333.00000000,0.00000000,119.66127937,670.57647124,119.66127937,670.57647124,40.55020990,56.76870659,17.85574304,535.09009588,40.38871931,54.68331849,-0.00223424,-0.00225586,
10000.00000000,15.00000000,39.79031825,403.00000000,0.00000000,84.63020359,664.37507405,84.63020359,664.37507405,39.85671242,29.79806763,18.66942730,566.51844820,40.30282776,24.22142524,-0.00149754,-0.00146629,
10000.00000000,16.00000000,34.83947182,293.00000000,0.00000000,229.88706834,380.41388582,229.88706834,380.41388582,35.77695472,94.74002058,24.71659980,126.72512179,35.40462117,91.70108899,-0.00993701,-0.01018665,
10000.00000000,17.00000000,49.77038312,353.00000000,0.00000000,262.59470374,385.73420271,262.59470374,385.73420271,45.81611667,116.75399791,14.11849611,89.02552325,45.86293492,129.46473607,-0.01000246,-0.01072625,
10000.00000000,18.00000000,37.25453138,497.00000000,0.00000000,290.70024266,348.16185891,290.70024266,348.16185891,50.12065795,123.03969984,9.49203900,52.97559299,49.53728208,116.84442089,-0.01175399,-0.01193125,
10000.00000000,19.00000000,53.43013167,316.00000000,0.00000000,297.11887273,346.81413236,297.11887273,346.81413236,38.67404825,140.35516279,21.05421480,28.02165208,38.89106082,141.07550928,-0.01180897,-0.01177717,
10000.00000000,2.00000000,67.51279259,697.00000000,0.00000000,326.62449948,339.95217786,326.62449948,339.95217786,47.50616449,154.52179916,11.90914184,2.60378512,47.25147127,153.30070478,-0.01245965,-0.01248871,
10000.00000000,20.00000000,59.70197892,463.00000000,0.00000000,290.71158090,359.14836281,290.71158090,359.14836281,39.44881684,142.42529686,20.05168747,43.84063730,39.45378150,141.07648247,-0.01088375,-0.01147258,
10000.00000000,3.00000000,61.05970335,604.00000000,0.00000000,297.04248257,351.01498766,297.04248257,351.01498766,55.95970625,123.28536521,3.23216853,52.41707418,56.08168155,125.57132495,-0.01177974,-0.01137127,
10000.00000000,4.00000000,21.33095598,261.00000000,0.00000000,53.70602250,671.61085423,53.70602250,671.61085423,35.07749377,14.27712602,23.95622344,594.50738679,35.80699682,13.20631765,-0.00043514,-0.00041339,
10000.00000000,5.00000000,61.46003389,459.00000000,0.00000000,280.43686050,358.51153253,280.43686050,358.51153253,42.64827944,122.75005597,16.88745213,51.05897535,42.76317111,129.85623225,-0.01150385,-0.01179457,
10000.00000000,6.00000000,84.42172265,563.00000000,0.00000000,272.22840413,372.95610231,272.22840413,372.95610231,42.17040583,123.30761390,18.23610954,75.43182905,41.35958690,129.04886497,-0.01067504,-0.01088797,
10000.00000000,7.00000000,43.77659345,281.00000000,0.00000000,72.84390057,677.21925237,72.84390057,677.21925237,33.26172762,31.34303071,25.37451811,575.54779092,33.29422654,35.08502129,-0.00082391,-0.00079177,
10000.00000000,8.00000000,85.98316574,607.00000000,0.00000000,305.79413387,345.14688182,305.79413387,345.14688182,45.17014971,142.12741840,13.87899841,28.08743305,45.64794952,138.64216846,-0.01184966,-0.01188903,
10000.00000000,9.00000000,25.72316766,218.00000000,0.00000000,129.12099753,677.23954156,129.12099753,677.23954156,40.76988974,62.23169210,17.27537359,528.20607660,40.92451606,63.77334072,-0.00261194,-0.00270602,
1000.00000000,1.00000000,28.52963781,292.00000000,0.00000000,104.45564509,131.01872627,104.45564509,131.01872627,37.32917729,14.37376217,18.27240441,5.67273879,36.88235340,16.27882017,-0.05275271,-0.05391241,
1000.00000000,10.00000000,22.86319900,262.00000000,0.00000000,105.03585545,150.67114609,105.03585545,150.67114609,43.69817190,13.74496302,10.79772072,34.16836059,44.94459777,13.08493909,-0.04759272,-0.04767553,
1000.00000000,11.00000000,28.90534019,248.00000000,0.00000000,109.36917655,134.06942080,109.36917655,134.06942080,40.40368637,15.32974859,13.61895854,10.40970683,40.71668557,14.97181063,-0.05363574,-0.05435226,
1000.00000000,12.00000000,12.68783522,174.00000000,0.00000000,60.53765256,651.34023673,60.53765256,651.34023673,31.95556479,8.50250441,22.41321062,567.39503690,31.89448042,9.53201943,-0.02007958,-0.02010549,
1000.00000000,13.00000000,24.41418362,270.00000000,0.00000000,71.21448561,658.94905546,71.21448561,658.94905546,39.07603516,10.64572624,13.82094074,572.26641133,39.46504426,11.44591676,-0.02149272,-0.02195074,
1000.00000000,14.00000000,22.43766165,202.00000000,0.00000000,64.77907679,672.84733441,64.77907679,672.84733441,36.68200760,8.26629868,16.76310318,591.72043765,36.47661767,8.21997902,-0.01983077,-0.01966720,
1000.00000000,15.00000000,33.68937874,307.00000000,0.00000000,50.45354303,667.25726602,50.45354303,667.25726602,35.92572238,2.96080988,18.88724606,598.85987996,36.30330889,1.91117573,-0.01156701,-0.01129566,
1000.00000000,16.00000000,20.78704095,234.00000000,0.00000000,76.09491615,201.38698120,76.09491615,201.38698120,33.29954638,7.81596234,24.89546667,101.21752671,32.88177202,7.04714354,-0.03497941,-0.03534507,
1000.00000000,17.00000000,43.93765640,326.00000000,0.00000000,95.84035363,181.23659808,95.84035363,181.23659808,41.31601426,12.25940836,14.36856989,67.06257302,41.26091691,13.97524982,-0.04226493,-0.04456929,
1000.00000000,18.00000000,462.19108748,397.00000000,0.00000000,100.39607094,154.90754504,100.39607094,154.90754504,45.40819527,9.62526996,9.08950868,47.51595238,44.75345877,8.17390553,-0.04536261,-0.04537472,
1000.00000000,19.00000000,30.45168948,286.00000000,0.00000000,99.28298572,135.73001362,99.28298572,135.73001362,35.35893516,14.07378574,20.65261007,15.37205979,35.68285792,14.64495498,-0.04985026,-0.04937753,
1000.00000000,2.00000000,42.89795375,396.00000000,0.00000000,112.78728985,125.50616408,112.78728985,125.50616408,43.18319253,15.33058170,11.95338977,1.73356061,42.88119207,14.60441400,-0.05427352,-0.05433361,
1000.00000000,20.00000000,37.82746625,367.00000000,0.00000000,101.69558250,140.68557355,101.69558250,140.68557355,35.25865074,16.29446757,19.01620726,20.73911846,35.31037595,14.38161803,-0.05014246,-0.05123825,
1000.00000000,3.00000000,38.91521478,479.00000000,0.00000000,105.97756944,156.56375912,105.97756944,156.56375912,50.20449621,9.87066879,3.31043058,46.05776989,50.29234951,11.57038797,-0.04590240,-0.04533282,
1000.00000000,4.00000000,14.33651018,165.00000000,0.00000000,40.77776792,647.64394432,40.77776792,647.64394432,32.60783286,2.40091044,24.57207311,581.71552698,33.23798670,2.40725432,-0.00576902,-0.00571110,
1000.00000000,5.00000000,41.02081299,397.00000000,0.00000000,93.85368305,160.93182856,93.85368305,160.93182856,39.59748581,10.09705438,15.60746697,49.99222064,39.83305886,10.49808934,-0.04415914,-0.04500099,
1000.00000000,6.00000000,55.04444790,389.00000000,0.00000000,96.38767804,169.84008335,96.38767804,169.84008335,39.29469413,13.18338824,17.93741527,53.98799567,38.35502661,14.58769910,-0.04390960,-0.04497195,
1000.00000000,7.00000000,38.02387094,259.00000000,0.00000000,47.55857875,641.20343760,47.55857875,641.20343760,30.86273659,5.68768213,24.07112093,568.03609653,30.85123435,7.19001797,-0.01100816,-0.01105497,
1000.00000000,8.00000000,35.85729718,361.00000000,0.00000000,105.53465146,140.63323378,105.53465146,140.63323378,40.14112420,14.82690967,13.53967848,21.76067875,40.47529211,14.73329891,-0.05056662,-0.05012429,
1000.00000000,9.00000000,23.69348049,170.00000000,0.00000000,67.67049009,662.28936413,67.67049009,662.28936413,37.20283516,9.18981519,16.34286773,577.59180229,37.36172664,9.15553078,-0.02127784,-0.02183744,
100.00000000,1.00000000,22.62751794,234.00000000,0.00000000,38.17616559,60.51383055,38.17616559,60.51383055,23.62633127,0.32574552,17.59956907,4.50899942,23.43307624,0.62951739,-0.14224089,-0.14342668,
100.00000000,10.00000000,13.37128925,140.00000000,0.00000000,42.35700001,82.58474515,42.35700001,82.58474515,27.07365029,0.40675176,11.32151391,28.40807549,27.44801962,0.30264004,-0.14876598,-0.15104496,
100.00000000,11.00000000,17.16067052,152.00000000,0.00000000,41.15137489,80.58854728,41.15137489,80.58854728,25.96573113,0.42223726,13.55456156,25.57592767,26.02351397,0.52553715,-0.14763406,-0.14909007,
100.00000000,12.00000000,10.52824831,109.00000000,0.00000000,29.62835043,575.93456508,29.62835043,575.93456508,20.37285193,0.25723268,22.62126485,523.30775491,20.54757059,0.53570169,-0.08998266,-0.08922273,
100.00000000,13.00000000,14.75188041,155.00000000,0.00000000,35.58952073,696.71121181,35.58952073,696.71121181,24.43971067,0.37177035,13.96472225,646.78809888,24.50450912,0.53514745,-0.10778040,-0.10918734,
100.00000000,14.00000000,10.66945076,116.00000000,0.00000000,32.80959179,667.88004495,32.80959179,667.88004495,22.63145786,0.32431338,16.92778575,618.05848128,22.62842279,0.52622820,-0.09853821,-0.09739127,
100.00000000,15.00000000,16.57928538,138.00000000,0.00000000,30.78672169,779.46230166,30.78672169,779.46230166,23.69421185,0.04654567,19.65570429,728.92544813,23.70545336,0.09737615,-0.07045964,-0.07078320,
100.00000000,16.00000000,19.86473632,154.00000000,0.00000000,32.34059665,104.33603313,32.34059665,104.33603313,21.94188338,0.17128478,23.77683440,48.48645094,21.64807955,0.13148184,-0.10227428,-0.10293186,
100.00000000,17.00000000,35.54545760,228.00000000,0.00000000,38.61184069,84.09463571,38.61184069,84.09463571,23.89701194,0.32519760,15.66747895,29.48570644,23.72054695,0.41303548,-0.14389631,-0.14807868,
100.00000000,18.00000000,15.68247318,189.00000000,0.00000000,42.51537631,82.15377614,42.51537631,82.15377614,28.52424136,0.18705730,8.49504676,31.70108607,28.00733775,0.18273171,-0.13804078,-0.13767574,
100.00000000,19.00000000,16.10477233,152.00000000,0.00000000,36.38371495,61.96384780,36.38371495,61.96384780,22.42598694,0.39514931,21.04401281,4.12140983,22.57222977,0.70939420,-0.13562579,-0.13516801,
100.00000000,2.00000000,20.29256034,252.00000000,0.00000000,43.97296957,58.27504183,43.97296957,58.27504183,28.44624065,0.36642775,10.16370118,4.36670746,28.21740013,0.27304669,-0.15160301,-0.15254186,
100.00000000,20.00000000,35.20481110,225.00000000,0.00000000,35.81021431,61.91463993,35.81021431,61.91463993,20.71536634,0.45604854,18.83187748,7.39514376,20.55135168,0.29576213,-0.14638799,-0.14840505,
100.00000000,3.00000000,13.92855430,169.00000000,0.00000000,46.19867553,94.52028862,46.19867553,94.52028862,31.29796592,0.17294331,3.62223915,44.18488048,31.54036509,0.56832079,-0.14727766,-0.14604483,
100.00000000,4.00000000,12.07561922,104.00000000,0.00000000,28.29997308,837.89420187,28.29997308,837.89420187,22.61200299,0.08390090,26.37932083,782.75980555,22.96457391,0.17115848,-0.05604069,-0.05619343,
100.00000000,5.00000000,36.22736549,235.00000000,0.00000000,38.74859750,100.97938581,38.74859750,100.97938581,26.33981094,0.25928277,15.82129418,45.97530493,26.52952647,0.43533548,-0.12149504,-0.12217925,
100.00000000,6.00000000,26.24645090,200.00000000,0.00000000,39.66372305,70.91125153,39.66372305,70.91125153,26.25292537,0.38773288,16.37040329,14.97743167,25.73871876,0.63734899,-0.13023065,-0.13187349,
100.00000000,7.00000000,20.94042063,133.00000000,0.00000000,28.06044300,569.29467288,28.06044300,569.29467288,21.28827446,0.17581123,22.68522482,518.14894936,21.25742871,0.53077997,-0.06596357,-0.06672290,
100.00000000,8.00000000,23.07396603,238.00000000,0.00000000,39.77380408,77.63156179,39.77380408,77.63156179,24.38763504,0.46623049,14.25464936,23.23124574,24.49193473,0.72269785,-0.14919939,-0.14931034,
100.00000000,9.00000000,25.48784184,101.00000000,0.00000000,34.48191568,620.46708042,34.48191568,620.46708042,24.13529419,0.35736905,15.37977711,570.52541777,24.03496839,0.31909518,-0.09989252,-0.10207822,
10.00000000,1.00000000,10.45171714,104.00000000,0.00000000,16.67283781,41.86292323,16.67283781,41.86292323,10.64861057,0.00594388,20.40716293,4.71665808,10.60727948,0.07623165,-0.60182834,-0.60555911,
10.00000000,10.00000000,7.85603833,65.00000000,0.00000000,18.52104835,54.32747408,18.52104835,54.32747408,11.35899317,0.00580818,12.37796039,22.24820003,11.17354151,1.10923327,-0.71562470,-0.74185389,
10.00000000,11.00000000,16.31922793,62.00000000,0.00000000,18.09356583,135.45169401,18.09356583,135.45169401,11.07241849,0.00592780,16.99066262,99.08063173,10.98804854,1.29092900,-0.70152195,-0.71014221,
10.00000000,12.00000000,5.35914397,50.00000000,0.00000000,13.55113859,414.47557079,13.55113859,414.47557079,8.41652909,0.00513466,27.38492808,373.05149353,8.70698301,0.32601454,-0.51294748,-0.50061516,
10.00000000,13.00000000,11.96045351,71.00000000,0.00000000,17.19918289,746.02300388,17.19918289,746.02300388,11.50358795,0.00486008,16.59320417,712.17453806,11.40315745,0.08333126,-0.56907349,-0.57687729,
10.00000000,14.00000000,8.79873276,68.00000000,0.00000000,15.17093005,455.42060069,15.17093005,455.42060069,9.58290011,0.00500954,19.33772736,420.80200324,9.71826639,0.05346695,-0.55830204,-0.55091367,
10.00000000,15.00000000,5.10108590,58.00000000,0.00000000,15.84584546,756.57612465,15.84584546,756.57612465,10.21379790,0.00112944,28.63305175,711.84195486,10.02799516,0.00492912,-0.56309181,-0.60681937,
10.00000000,16.00000000,6.60372257,57.00000000,0.00000000,14.69566388,78.52740318,14.69566388,78.52740318,9.10850715,0.00399158,28.08693028,35.70062859,9.19266372,0.03746152,-0.55831651,-0.55097191,
10.00000000,17.00000000,10.42648911,76.00000000,0.00000000,15.25796028,79.22075666,15.25796028,79.22075666,8.55915349,0.00579175,20.94514684,42.93414721,8.53091452,0.03006781,-0.66930150,-0.67804803,
10.00000000,18.00000000,7.68811178,96.00000000,0.00000000,18.88498981,39.43961932,18.88498981,39.43961932,11.30662319,0.00218232,9.15152850,10.54169714,11.28140501,0.98620547,-0.75761843,-0.74787832,
10.00000000,19.00000000,7.52974701,59.00000000,0.00000000,15.55610935,48.57279607,15.55610935,48.57279607,9.47025069,0.00517441,29.97228350,2.31483584,9.31608610,0.80337510,-0.60806843,-0.61662155,
10.00000000,2.00000000,11.01949120,104.00000000,0.00000000,19.81771510,45.89296111,19.81771510,45.89296111,12.52300655,0.00373275,10.56384977,15.48353394,12.62008154,0.02575079,-0.72909758,-0.71997451,
10.00000000,20.00000000,13.41094780,102.00000000,0.00000000,14.27264365,39.21684580,14.27264365,39.21684580,8.53036713,0.00426533,21.58309931,2.49627177,8.65637747,0.28049651,-0.57380112,-0.62006007,
10.00000000,3.00000000,9.90144730,103.00000000,0.00000000,20.60001432,102.47633159,20.60001432,102.47633159,12.38454708,0.00272737,5.20468482,76.19192990,12.63519624,0.28178509,-0.82127399,-0.81627355,
10.00000000,4.00000000,5.12107730,69.00000000,0.00000000,15.04681992,2227.62461139,15.04681992,2227.62461139,9.62121602,0.00246551,34.72557453,2150.55009045,35.36439225,0.00000000,-0.54231384,-0.69845542,
10.00000000,5.00000000,23.24215627,104.00000000,0.00000000,19.12558760,59.23276789,19.12558760,59.23276789,12.93070277,0.00398181,17.29630475,22.08265038,12.96378215,0.66588846,-0.61909030,-0.62241421,
10.00000000,6.00000000,16.59896135,93.00000000,0.00000000,18.42148513,41.27285023,18.42148513,41.27285023,11.95812899,0.00343384,20.64809857,2.10864063,11.77292674,0.19939773,-0.64599223,-0.65437866,
10.00000000,7.00000000,19.22465467,86.00000000,0.00000000,15.20313471,475.12681986,15.20313471,475.12681986,10.60625666,0.00282514,22.25609228,437.43378822,10.49605780,0.18030804,-0.45940529,-0.47605735,
10.00000000,8.00000000,7.67898989,82.00000000,0.00000000,16.78036295,57.82119668,16.78036295,57.82119668,10.04115172,0.00772171,18.51789333,21.18465996,10.33331153,0.75624032,-0.67314895,-0.70290915,
10.00000000,9.00000000,7.08095002,58.00000000,0.00000000,16.02031736,505.68644723,16.02031736,505.68644723,9.75382199,0.00448792,16.73994581,472.88808640,9.53764817,0.01254362,-0.62620074,-0.65082232,
1.00000000,1.00000000,13.67183733,121.00000000,0.00000000,6.72522215,941.78348295,6.72522215,941.78348295,3.78610248,0.00099773,29.94167039,2.29796709,564.39974475,341.70137900,-2.93812194,-3.44272174,
1.00000000,10.00000000,39.78429580,126.00000000,0.00000000,6.63834158,265.14923611,6.63834158,265.14923611,3.17919376,0.00008397,14.16569504,58.62554389,27.39186670,161.22837580,-3.45906386,-3.73775468,
1.00000000,11.00000000,19.59864640,132.00000000,0.00000000,6.30132039,135.10154712,6.30132039,135.10154712,2.94346040,0.00017904,29.49313254,84.65746842,4.97453046,12.50602117,-3.35768095,-3.47039454,
1.00000000,12.00000000,14.14340687,104.00000000,0.00000000,5.01261975,66501.04530913,5.01261975,66501.04530913,2.45484364,0.00007588,47.15502396,237.29835663,53.03215924,66159.03108098,-2.55770023,-4.52868832,
1.00000000,13.00000000,13.03103614,96.00000000,0.00000000,7.28532001,529.03689732,7.28532001,529.03689732,4.17683568,0.00007218,28.52508155,414.20850324,15.30359834,66.76019222,-3.10841215,-4.23952196,
1.00000000,14.00000000,14.74485159,96.00000000,0.00000000,5.87064069,185.95131067,5.87064069,185.95131067,3.05216743,0.00005657,31.13773993,117.66057601,4.34220327,29.96952255,-2.81841669,-2.84126891,
1.00000000,15.00000000,8.57796025,90.00000000,0.00000000,5.89636733,26348.97358159,5.89636733,26348.97358159,2.93402252,0.00005965,30.87734180,22073.89309103,3921.30997168,312.59583744,-2.96228516,-10.29733964,
1.00000000,16.00000000,8.54315090,66.00000000,0.00000000,5.21311008,274.22414963,5.21311008,274.22414963,2.39604339,0.00003900,83.31696157,169.47956231,8.57033436,9.91949512,-2.81702769,-2.93779627,
1.00000000,17.00000000,12.99229717,108.00000000,0.00000000,5.15869926,71.87815332,5.15869926,71.87815332,2.48263605,0.00009240,37.73099043,26.01740121,3.66677672,0.96314781,-2.67597081,-3.49983714,
1.00000000,18.00000000,23.81505203,105.00000000,0.00000000,6.23590058,20459.99661299,6.23590058,20459.99661299,2.79262456,0.00004639,31.07930776,0.00499581,19133.07612891,1285.97313049,-3.44322963,-9.86305002,
1.00000000,19.00000000,10.71416473,82.00000000,0.00000000,5.61827254,170.64400537,5.61827254,170.64400537,2.80226540,0.00009661,82.77405559,6.99556520,3.77477191,74.12525385,-2.81591053,-2.97435882,
1.00000000,2.00000000,11.83757830,124.00000000,0.00000000,7.61382321,198.61085749,7.61382321,198.61085749,4.03086321,0.00004074,19.35199577,5.65074437,21.40641102,148.34829785,-3.58291926,-3.85340849,
1.00000000,20.00000000,20.71235728,119.00000000,0.00000000,5.22435739,50.66615679,5.22435739,50.66615679,2.59779777,0.00002328,28.72478162,5.65057918,12.62481721,1.01007523,-2.62653634,-2.65590356,
1.00000000,3.00000000,10.89908123,117.00000000,0.00000000,7.30734931,157.35203724,7.30734931,157.35203724,3.64608723,0.00004251,8.43930237,99.05994040,5.40250547,40.64152063,-3.66121956,-3.80876837,
1.00000000,4.00000000,13.56847644,116.00000000,0.00000000,5.10030397,27528.19754835,5.10030397,27528.19754835,2.17965036,0.00009781,1141.51410400,0.00000000,26256.72473584,119.65306408,-2.92055580,-10.30564443,
1.00000000,5.00000000,22.02196288,150.00000000,0.00000000,7.99750075,862.04570711,7.99750075,862.04570711,4.45949561,0.00012534,14.80357553,273.75926192,568.68775050,0.15209334,-3.53787981,-4.64302583,
1.00000000,6.00000000,10.35977221,90.00000000,0.00000000,7.39503635,189.28606901,7.39503635,189.28606901,3.92715464,0.00002685,61.58002288,0.15906159,23.69644714,100.36921427,-3.46785486,-3.48132313,
1.00000000,7.00000000,15.81358027,98.00000000,0.00000000,6.64397041,1338.48816014,6.64397041,1338.48816014,3.78479320,0.00065804,32.75106181,530.06731445,15.57793063,755.13229863,-2.85851917,-4.95955463,
1.00000000,8.00000000,11.32189989,124.00000000,0.00000000,5.52878914,17208.12096727,5.52878914,17208.12096727,2.36685281,0.00013838,60.17371113,0.82617909,13543.01572028,3595.25036812,-3.16179796,-8.85498865,
1.00000000,9.00000000,16.75234485,134.00000000,0.00000000,5.42607081,470.77115790,5.42607081,470.77115790,2.45273950,0.00000469,19.23894692,282.10049065,73.30877935,92.89746009,-2.97332663,-3.22548088,
20.00000000,1.00000000,11.97070336,119.00000000,0.00000000,21.38047068,44.72990568,21.38047068,44.72990568,13.71912610,0.01554890,18.73535411,4.53544126,13.65672610,0.13676657,-0.38228978,-0.38328088,
20.00000000,10.00000000,12.27202296,78.00000000,0.00000000,24.01332186,61.46688499,24.01332186,61.46688499,15.24695192,0.01950814,12.20692220,25.01572517,15.23944121,0.08379555,-0.43734309,-0.44605004,
20.00000000,11.00000000,11.72172523,82.00000000,0.00000000,23.44060798,107.36312650,23.44060798,107.36312650,14.97189262,0.02197997,15.26308545,68.15511452,14.86193840,0.51697750,-0.42233677,-0.42830053,
20.00000000,12.00000000,4.49701881,61.00000000,0.00000000,17.48529795,464.63278107,17.48529795,464.63278107,11.23709458,0.01514003,24.98890895,421.76296195,11.44532243,0.27490107,-0.31165317,-0.30803433,
20.00000000,13.00000000,8.67374277,84.00000000,0.00000000,21.54647976,735.62395812,21.54647976,735.62395812,14.62288485,0.01834308,15.57791897,698.41476429,14.56257309,0.09223003,-0.34526259,-0.34882359,
20.00000000,14.00000000,8.67124367,73.00000000,0.00000000,19.46553724,543.08990358,19.46553724,543.08990358,12.63454051,0.01912672,18.31362295,505.27588939,12.72880977,0.02398827,-0.34059350,-0.33737966,
20.00000000,15.00000000,5.79525590,67.00000000,0.00000000,19.98444620,821.83166335,19.98444620,821.83166335,13.70338085,0.00311047,23.52068068,778.34342644,13.52037656,0.00000000,-0.31389774,-0.32235898,
20.00000000,16.00000000,13.71760941,77.00000000,0.00000000,18.96311664,80.16408957,18.96311664,80.16408957,12.19889448,0.01224930,24.79254789,36.43519112,12.15293489,0.05275960,-0.33759864,-0.33653280,
20.00000000,17.00000000,11.75700569,91.00000000,0.00000000,20.53274044,73.25878110,20.53274044,73.25878110,11.94516999,0.01739184,18.67901254,33.96420876,11.81178530,0.08668244,-0.42850893,-0.43585460,
20.00000000,18.00000000,8.03881502,106.00000000,0.00000000,24.62811223,49.16938678,24.62811223,49.16938678,15.60037544,0.00906482,8.67656540,15.75431841,15.42286847,0.36949111,-0.45093360,-0.44730717,
20.00000000,19.00000000,15.67260075,93.00000000,0.00000000,20.24852485,47.60625988,20.24852485,47.60625988,12.72473911,0.01935659,25.08640377,2.16085547,12.63064485,0.15395605,-0.37522146,-0.37871999,
20.00000000,2.00000000,10.12093639,117.00000000,0.00000000,25.41473485,47.34878780,25.41473485,47.34878780,16.49363932,0.01298696,9.85713829,12.12828493,16.46752932,0.00600889,-0.44540543,-0.44449132,
20.00000000,20.00000000,13.57170963,138.00000000,0.00000000,18.83833661,41.87733680,18.83833661,41.87733680,11.31130775,0.01935139,20.28213421,2.61502652,11.02225820,0.15388870,-0.37538387,-0.39020146,
20.00000000,3.00000000,8.89786029,94.00000000,0.00000000,26.86129246,90.99455514,26.86129246,90.99455514,17.00012030,0.00795374,4.51050006,59.21571361,17.20329574,0.24947770,-0.49266092,-0.49077840,
20.00000000,4.00000000,8.66179705,89.00000000,0.00000000,18.94590369,1652.26775159,18.94590369,1652.26775159,13.14703959,0.00842430,29.98145273,1602.98769099,13.35543929,0.01757475,-0.28952199,-0.29627969,
20.00000000,5.00000000,28.64855194,117.00000000,0.00000000,23.78456855,71.73499247,23.78456855,71.73499247,16.47635452,0.01420688,16.87680218,30.46857248,16.50251744,0.55047202,-0.36470036,-0.36683142,
20.00000000,6.00000000,16.30503464,127.00000000,0.00000000,23.38172830,43.87076100,23.38172830,43.87076100,15.47092619,0.01557623,18.02667895,2.36740926,15.24872786,0.28989499,-0.39476129,-0.39690250,
20.00000000,7.00000000,31.46350050,96.00000000,0.00000000,18.59401830,494.01858264,18.59401830,494.01858264,13.39648598,0.00871731,22.44654944,452.68981686,13.34929685,0.27704079,-0.25944075,-0.26279393,
20.00000000,8.00000000,12.05931711,124.00000000,0.00000000,21.95235960,61.98684656,21.95235960,61.98684656,13.66719082,0.02560793,16.92872566,22.78004202,13.68881793,0.25856092,-0.41297804,-0.41653500,
20.00000000,9.00000000,8.13297772,65.00000000,0.00000000,20.71962594,539.45996125,20.71962594,539.45996125,13.40560180,0.01972177,16.23037375,502.57389408,13.16738144,0.02262273,-0.36471512,-0.37328446,
2.00000000,1.00000000,9.54088163,90.00000000,0.00000000,9.03224564,117.50913941,9.03224564,117.50913941,5.31088304,0.00176616,27.58131841,3.52260876,30.02002530,52.57482827,-1.85979822,-1.90517934,
2.00000000,10.00000000,10.28363252,82.00000000,0.00000000,9.36387977,124.96752804,9.36387977,124.96752804,4.95680911,0.00044395,12.82215215,20.76663922,14.30191493,72.18857643,-2.20331336,-2.44412265,
2.00000000,11.00000000,29.66202641,92.00000000,0.00000000,8.99520134,154.42888552,8.99520134,154.42888552,4.57829121,0.00034321,26.32290053,118.15632996,5.26165094,0.33473060,-2.20828346,-2.17663675,
2.00000000,12.00000000,5.00480366,54.00000000,0.00000000,7.00491668,2756.24614140,7.00491668,2756.24614140,3.81806481,0.00024267,40.12213674,244.73879161,5.20755845,2462.51928888,-1.59330460,-1.82918285,
2.00000000,13.00000000,7.70203924,68.00000000,0.00000000,9.68159337,643.85266978,9.68159337,643.85266978,5.88042198,0.00028979,21.16309993,594.95404121,6.27625617,17.07437100,-1.90044080,-2.19245073,
2.00000000,14.00000000,10.15385270,77.00000000,0.00000000,8.05525004,230.55856079,8.05525004,230.55856079,4.57093657,0.00023986,24.90009355,192.34435061,4.97595677,4.92414861,-1.74203680,-1.70700563,
2.00000000,15.00000000,6.47804236,72.00000000,0.00000000,8.23695859,5324.44284861,8.23695859,5324.44284861,4.44384118,0.00014715,42.88466531,3773.22597994,1419.75483114,75.89339798,-1.89648513,-6.34198712,
2.00000000,16.00000000,4.69915152,50.00000000,0.00000000,7.43535481,147.00900069,7.43535481,147.00900069,3.84648129,0.00012560,59.10771085,78.02916562,4.69864537,1.66040151,-1.79437397,-1.75653867,
2.00000000,17.00000000,13.27720571,100.00000000,0.00000000,7.29351846,88.34880290,7.29351846,88.34880290,3.77388282,0.00034856,27.24110724,52.41425862,3.95765705,0.91430311,-1.75964354,-1.91073844,
2.00000000,18.00000000,7.07476187,88.00000000,0.00000000,9.04737563,1679.72848861,9.04737563,1679.72848861,4.36361949,0.00002565,10.08000538,2.41648019,1617.85006027,41.56016713,-2.34186525,-3.91088782,
2.00000000,19.00000000,9.89375615,73.00000000,0.00000000,7.86296574,82.57904097,7.86296574,82.57904097,4.19855074,0.00035985,62.22919143,6.30818166,4.32761139,5.90823181,-1.83202758,-1.90291234,
2.00000000,2.00000000,13.27519131,104.00000000,0.00000000,10.43805316,56.30253248,10.43805316,56.30253248,5.87195132,0.00035070,15.57683087,13.93887174,7.71906212,14.46704132,-2.28287557,-2.30036322,
2.00000000,20.00000000,11.99840736,103.00000000,0.00000000,7.27375766,45.02380628,7.27375766,45.02380628,3.97635229,0.00022936,26.22617956,3.78408179,11.01635932,0.45304325,-1.64858800,-1.77207118,
2.00000000,3.00000000,9.54874086,101.00000000,0.00000000,10.24980288,122.76459171,10.24980288,122.76459171,5.41119061,0.00015205,7.13989880,102.88761069,6.25998331,1.74664747,-2.41923011,-2.36522572,
2.00000000,4.00000000,8.70567250,83.00000000,0.00000000,7.45044616,25453.19485101,7.45044616,25453.19485101,3.59754089,0.00006438,869.30191958,0.26744801,24470.38575674,93.76413991,-1.92642044,-9.73779339,
2.00000000,5.00000000,18.71077847,108.00000000,0.00000000,10.74285936,194.73075466,10.74285936,194.73075466,6.39478750,0.00029070,17.32561408,143.08054691,27.92996534,1.58225848,-2.17389058,-2.40618493,
2.00000000,6.00000000,15.50771594,84.00000000,0.00000000,10.05140183,105.54026051,10.05140183,105.54026051,5.86731049,0.00012749,37.77820435,0.12447753,9.34909689,53.88385366,-2.09198192,-2.20231403,
2.00000000,7.00000000,16.58798099,109.00000000,0.00000000,8.82325737,452.83255794,8.82325737,452.83255794,5.41956294,0.00073563,22.04677771,416.75755675,5.66621201,4.60723453,-1.70147940,-1.87738847,
2.00000000,8.00000000,8.64791727,88.00000000,0.00000000,8.08165737,5050.50785020,8.08165737,5050.50785020,3.87906941,0.00035169,23.97821295,5.66241318,4094.60076679,915.78246710,-2.10111814,-5.24199509,
2.00000000,9.00000000,15.15950751,93.00000000,0.00000000,7.82069362,396.13217861,7.82069362,396.13217861,3.87573064,0.00008574,17.87829612,368.20082877,4.90313182,1.16113166,-1.97243862,-1.99439512,
50.00000000,1.00000000,16.76926208,155.00000000,0.00000000,29.65881032,51.81847649,29.65881032,51.81847649,18.95360571,0.07918412,17.66075651,4.37330864,18.84056738,0.28143776,-0.21252041,-0.21324812,
50.00000000,10.00000000,18.65948248,103.00000000,0.00000000,33.24908183,72.67423566,33.24908183,72.67423566,21.53345799,0.10821771,11.74220335,27.32916781,21.69727239,0.07420291,-0.23214812,-0.23662778,
50.00000000,11.00000000,20.99304199,114.00000000,0.00000000,32.28900675,85.27401099,32.28900675,85.27401099,21.03727784,0.11819539,14.00320266,38.68214437,21.00766804,0.32936382,-0.22267067,-0.22503264,
50.00000000,12.00000000,7.67238855,86.00000000,0.00000000,23.85876165,530.79509215,23.85876165,530.79509215,16.09149131,0.07107490,23.24818985,483.28379326,16.28022575,0.35088884,-0.15392391,-0.15263989,
50.00000000,13.00000000,16.33455276,122.00000000,0.00000000,28.77338960,712.36327599,28.77338960,712.36327599,19.72667827,0.10393112,14.52303858,668.86203237,19.72746516,0.21268528,-0.17885560,-0.18076109,
50.00000000,14.00000000,16.30477357,86.00000000,0.00000000,26.46919849,629.85966558,26.46919849,629.85966558,17.88639983,0.10079735,17.38180529,585.99160563,17.94069186,0.15415273,-0.16964003,-0.16782820,
50.00000000,15.00000000,8.77591205,96.00000000,0.00000000,25.99371962,819.30055178,25.99371962,819.30055178,19.20032925,0.01314433,20.55169068,772.76294801,19.13640018,0.00485927,-0.13560492,-0.13689307,
50.00000000,16.00000000,17.67556453,97.00000000,0.00000000,25.91362884,88.04630688,25.91362884,88.04630688,17.40582693,0.04695508,23.68024026,38.59928108,17.20474257,0.06900324,-0.16921694,-0.16986079,
50.00000000,17.00000000,20.16928411,173.00000000,0.00000000,29.68528537,72.16528922,29.68528537,72.16528922,18.08550361,0.08655353,16.62490024,25.76139930,17.91626279,0.10509379,-0.23026456,-0.23515266,
50.00000000,18.00000000,11.76960731,151.00000000,0.00000000,33.88205294,66.26587156,33.88205294,66.26587156,22.53316205,0.05372717,8.44575692,24.32428644,22.16574258,0.08781203,-0.22590327,-0.22484547,
50.00000000,19.00000000,19.48739052,109.00000000,0.00000000,28.25036627,52.80766409,28.25036627,52.80766409,17.95599540,0.11334201,21.99995984,2.25873890,17.98386766,0.35838735,-0.20362058,-0.20413421,
50.00000000,2.00000000,15.74310279,185.00000000,0.00000000,34.76051413,51.49985438,34.76051413,51.49985438,22.96752432,0.09040726,9.73557632,7.15635803,22.78911804,0.04143129,-0.23405165,-0.23554741,
50.00000000,20.00000000,15.67415261,144.00000000,0.00000000,27.09457329,51.14305992,27.09457329,51.14305992,16.20197542,0.12298140,19.23296219,4.84728977,15.99310186,0.13005347,-0.21539233,-0.21879305,
50.00000000,3.00000000,21.22346544,142.00000000,0.00000000,36.92207996,88.77426714,36.92207996,88.77426714,24.66893937,0.04121297,3.89999744,47.45004360,24.91281787,0.39315538,-0.24423855,-0.24236506,
50.00000000,4.00000000,21.91057563,93.00000000,0.00000000,24.31952013,1073.26073263,24.31952013,1073.26073263,18.43540718,0.03149899,27.44546295,1021.09274660,18.68521825,0.15857305,-0.11705228,-0.11757464,
50.00000000,5.00000000,23.24733043,160.00000000,0.00000000,31.35379423,89.18611195,31.35379423,89.18611195,21.86447427,0.07121967,16.23168149,41.22084929,21.98358961,0.28750699,-0.18836201,-0.18924969,
50.00000000,6.00000000,18.92253613,152.00000000,0.00000000,31.65314021,53.44611795,31.65314021,53.44611795,21.26856291,0.10340040,16.45801274,5.43730223,20.91559827,0.28893743,-0.20562354,-0.20692535,
50.00000000,7.00000000,11.78098488,113.00000000,0.00000000,23.71070418,534.40051929,23.71070418,534.40051929,17.68685382,0.04824749,22.54190142,487.82589997,17.66424512,0.33987370,-0.11951206,-0.12057198,
50.00000000,8.00000000,16.99396968,171.00000000,0.00000000,30.78407320,70.11314921,30.78407320,70.11314921,19.35961745,0.14220995,15.17906362,23.79634528,19.43883848,0.37959896,-0.22564492,-0.22638606,
50.00000000,9.00000000,13.44624543,89.00000000,0.00000000,28.02331222,588.36832917,28.02331222,588.36832917,19.21810011,0.10998009,15.58398861,544.76752104,19.04588914,0.09657160,-0.17390464,-0.17748718,
5.00000000,1.00000000,9.92349052,92.00000000,0.00000000,12.93321177,41.26792638,12.93321177,41.26792638,8.09088824,0.00313442,22.99317015,4.60426786,8.67158625,0.10910806,-0.96783782,-0.97795881,
5.00000000,10.00000000,10.14413023,68.00000000,0.00000000,14.03161353,56.92124823,14.03161353,56.92124823,8.19429788,0.00176168,12.43225867,18.94289129,8.70312741,10.54263376,-1.16711079,-1.26006742,
5.00000000,11.00000000,15.86844587,63.00000000,0.00000000,13.66895198,161.07371446,13.66895198,161.07371446,7.87645236,0.00165039,19.90515116,126.39518319,7.91482496,1.04192031,-1.15816985,-1.16332697,
5.00000000,12.00000000,3.34877658,48.00000000,0.00000000,10.34429514,367.43974335,10.34429514,367.43974335,6.18678646,0.00166264,31.41061997,323.70366322,6.53793796,1.77058521,-0.83116921,-0.80338740,
5.00000000,13.00000000,5.77093601,63.00000000,0.00000000,13.59144373,728.87586687,13.59144373,728.87586687,8.82914846,0.00128075,17.92146669,697.19692138,8.64942620,0.19968134,-0.95220291,-0.98167425,
5.00000000,14.00000000,7.73666930,61.00000000,0.00000000,11.68936089,349.58261771,11.68936089,349.58261771,7.18212143,0.00126473,20.94781751,316.45064727,7.36829573,0.39190779,-0.90119495,-0.88478988,
5.00000000,15.00000000,6.54031205,66.00000000,0.00000000,12.20659242,710.75915036,12.20659242,710.75915036,7.34447262,0.00045222,38.63680434,650.11359077,15.51915805,0.15477122,-0.97233352,-1.26696519,
5.00000000,16.00000000,6.50084710,51.00000000,0.00000000,11.17875142,84.95615130,11.17875142,84.95615130,6.57320872,0.00102759,36.35427528,37.28158576,6.78085063,0.05443094,-0.92090302,-0.89700174,
5.00000000,17.00000000,11.61060143,83.00000000,0.00000000,11.19145365,86.98371038,11.19145365,86.98371038,6.09652818,0.00197455,23.57732234,51.98744642,6.18865483,0.05002790,-1.01859018,-1.03605178,
5.00000000,18.00000000,8.29813075,95.00000000,0.00000000,14.08585819,32.48648847,14.08585819,32.48648847,7.78684085,0.00058688,9.86599867,5.77610820,8.83465994,1.78090911,-1.25968609,-1.24576251,
5.00000000,19.00000000,18.42587924,60.00000000,0.00000000,11.76520052,55.65038401,11.76520052,55.65038401,6.86560507,0.00168081,38.95127268,3.37997185,6.67623842,1.62538575,-0.97958293,-1.00350306,
5.00000000,2.00000000,10.56564903,103.00000000,0.00000000,15.24125277,45.84110344,15.24125277,45.84110344,9.27807500,0.00083112,11.94860835,17.79562756,9.50639379,0.70628615,-1.19246933,-1.17683752,
5.00000000,20.00000000,11.82612252,89.00000000,0.00000000,10.77679185,39.75587624,10.77679185,39.75587624,6.34644459,0.00099657,23.34228549,2.55028384,8.31152902,0.64604204,-0.88587014,-0.98114717,
5.00000000,3.00000000,6.97198534,96.00000000,0.00000000,15.46709687,117.39346698,15.46709687,117.39346698,8.84664232,0.00083650,6.02890195,94.84561695,9.23887263,0.74460667,-1.32392361,-1.30709376,
5.00000000,4.00000000,7.10810614,70.00000000,0.00000000,11.47124194,5422.62302220,11.47124194,5422.62302220,6.60449337,0.00059712,76.02262588,1843.42099864,3482.29455971,2.90897695,-0.97323029,-3.59517220,
5.00000000,5.00000000,29.93154979,90.00000000,0.00000000,15.15380087,53.83701072,15.15380087,53.83701072,9.85202252,0.00097883,17.47638470,20.20456028,10.27870622,0.53194993,-1.06015990,-1.06908192,
5.00000000,6.00000000,13.33620501,93.00000000,0.00000000,14.36307532,41.05327004,14.36307532,41.05327004,9.06428704,0.00092892,25.16608168,1.42029420,8.99204273,0.01620037,-1.05957187,-1.09173021,
5.00000000,7.00000000,23.49595141,83.00000000,0.00000000,12.22056745,460.41413659,12.22056745,460.41413659,8.19486097,0.00117860,21.99541341,425.58579335,8.28972316,0.33116051,-0.80490558,-0.84240923,
5.00000000,8.00000000,7.11841345,72.00000000,0.00000000,12.54184746,96.74628545,12.54184746,96.74628545,6.99774125,0.00198732,20.04017855,19.01244825,39.65846126,11.15201421,-1.10842378,-1.37663664,
5.00000000,9.00000000,11.22519064,70.00000000,0.00000000,12.03296687,470.20173826,12.03296687,470.20173826,6.78291061,0.00082458,17.18336363,440.46482667,7.05808986,0.01409361,-1.04984634,-1.09627290,