alpha,seed,kish[0],relkish[0],test_kish[0],test_relkish[0],
inf,1.00000000,0.00001483,1.00000000,0.00002998,1.00000000,
0.00000000,1.00000000,1.00000000,67445.00000000,1.00000000,33355.00000000,alpha,seed,kish[0],relkish[0],test_kish[0],test_relkish[0],
inf,10.00000000,0.00001482,1.00000000,0.00002999,1.00000000,
0.00000000,10.00000000,1.00000000,67458.00000000,1.00000000,33342.00000000,alpha,seed,kish[0],relkish[0],test_kish[0],test_relkish[0],
inf,11.00000000,0.00001476,1.00000000,0.00003025,1.00000000,
0.00000000,11.00000000,1.00000000,67746.00000000,1.00000000,33054.00000000,
0.01000000,1.00000000,0.04079544,2751.44869626,0.32546550,10855.90167856,
0.01000000,10.00000000,0.04791645,3232.34789884,0.99012524,33012.75562787,
0.01000000,11.00000000,0.04455804,3018.62912815,0.89584129,29611.13786051,
0.01000000,12.00000000,0.04564309,3076.89198566,0.99245187,33135.98291386,
0.01000000,13.00000000,0.03823116,2584.54120190,0.32917204,10927.52413947,
0.01000000,14.00000000,0.03479830,2341.54305955,0.82943202,27795.09654723,
0.01000000,15.00000000,0.06308004,4242.38504910,0.99485578,33373.43216004,
0.01000000,16.00000000,0.05475203,3684.86659398,0.99830656,33442.27158790,
0.01000000,17.00000000,0.05553748,3750.61240555,0.99999895,33266.96504759,
0.01000000,18.00000000,0.08433824,5643.74650354,0.85365554,28923.55684475,
0.01000000,19.00000000,0.05033422,3362.02381829,0.67498364,22953.49349579,alpha,seed,kish[0],relkish[0],test_kish[0],test_relkish[0],
inf,12.00000000,0.00001483,1.00000000,0.00002995,1.00000000,
0.00000000,12.00000000,1.00000000,67412.00000000,1.00000000,33388.00000000,
0.01000000,2.00000000,0.05741882,3846.77390599,0.99903930,33772.52344302,
0.01000000,20.00000000,0.04760625,3204.32933991,1.00000000,33490.99987026,alpha,seed,kish[0],relkish[0],test_kish[0],test_relkish[0],
inf,13.00000000,0.00001479,1.00000000,0.00003012,1.00000000,
0.00000000,13.00000000,1.00000000,67603.00000000,1.00000000,33197.00000000,
0.01000000,3.00000000,0.04610675,3120.18203144,0.83771277,27750.91093253,alpha,seed,kish[0],relkish[0],test_kish[0],test_relkish[0],
inf,14.00000000,0.00001486,1.00000000,0.00002984,1.00000000,
0.00000000,14.00000000,1.00000000,67289.00000000,1.00000000,33511.00000000,
0.01000000,4.00000000,0.04844840,3282.33096769,1.00000000,33051.00000000,alpha,seed,kish[0],relkish[0],test_kish[0],test_relkish[0],
inf,15.00000000,0.00001487,1.00000000,0.00002981,1.00000000,
0.00000000,15.00000000,1.00000000,67254.00000000,1.00000000,33546.00000000,
0.01000000,5.00000000,0.04025560,2698.65457803,0.99970969,33752.19865351,alpha,seed,kish[0],relkish[0],test_kish[0],test_relkish[0],
inf,16.00000000,0.00001486,1.00000000,0.00002985,1.00000000,
0.00000000,16.00000000,1.00000000,67301.00000000,1.00000000,33499.00000000,
0.01000000,6.00000000,0.05755336,3844.67964964,0.48919939,16631.80073329,alpha,seed,kish[0],relkish[0],test_kish[0],test_relkish[0],
inf,17.00000000,0.00001481,1.00000000,0.00003006,1.00000000,
0.00000000,17.00000000,1.00000000,67533.00000000,1.00000000,33267.00000000,
0.01000000,7.00000000,0.05206350,3509.70496026,1.00000000,33388.00000000,alpha,seed,kish[0],relkish[0],test_kish[0],test_relkish[0],
inf,18.00000000,0.00001494,1.00000000,0.00002951,1.00000000,
0.00000000,18.00000000,1.00000000,66918.00000000,1.00000000,33882.00000000,
0.01000000,8.00000000,0.05430605,3657.51260475,0.54179479,18123.03582437,alpha,seed,kish[0],relkish[0],test_kish[0],test_relkish[0],
inf,19.00000000,0.00001497,1.00000000,0.00002941,1.00000000,
0.00000000,19.00000000,1.00000000,66794.00000000,1.00000000,34006.00000000,
0.01000000,9.00000000,0.06504408,4380.91389604,0.61306599,20505.21828555,alpha,seed,kish[0],relkish[0],test_kish[0],test_relkish[0],
inf,2.00000000,0.00001493,1.00000000,0.00002958,1.00000000,
0.00000000,2.00000000,1.00000000,66995.00000000,1.00000000,33805.00000000,alpha,seed,kish[0],relkish[0],test_kish[0],test_relkish[0],
inf,20.00000000,0.00001486,1.00000000,0.00002986,1.00000000,
0.00000000,20.00000000,1.00000000,67309.00000000,1.00000000,33491.00000000,alpha,seed,kish[0],relkish[0],test_kish[0],test_relkish[0],
inf,3.00000000,0.00001478,1.00000000,0.00003019,1.00000000,
0.00000000,3.00000000,1.00000000,67673.00000000,1.00000000,33127.00000000,alpha,seed,kish[0],relkish[0],test_kish[0],test_relkish[0],
inf,4.00000000,0.00001476,1.00000000,0.00003026,1.00000000,
0.00000000,4.00000000,1.00000000,67749.00000000,1.00000000,33051.00000000,alpha,seed,kish[0],relkish[0],test_kish[0],test_relkish[0],
inf,5.00000000,0.00001492,1.00000000,0.00002962,1.00000000,
0.00000000,5.00000000,1.00000000,67038.00000000,1.00000000,33762.00000000,alpha,seed,kish[0],relkish[0],test_kish[0],test_relkish[0],
inf,6.00000000,0.00001497,1.00000000,0.00002941,1.00000000,
0.00000000,6.00000000,1.00000000,66802.00000000,1.00000000,33998.00000000,alpha,seed,kish[0],relkish[0],test_kish[0],test_relkish[0],
inf,7.00000000,0.00001483,1.00000000,0.00002995,1.00000000,
0.00000000,7.00000000,1.00000000,67412.00000000,1.00000000,33388.00000000,alpha,seed,kish[0],relkish[0],test_kish[0],test_relkish[0],
inf,8.00000000,0.00001485,1.00000000,0.00002990,1.00000000,
0.00000000,8.00000000,1.00000000,67350.00000000,1.00000000,33450.00000000,alpha,seed,kish[0],relkish[0],test_kish[0],test_relkish[0],
inf,9.00000000,0.00001485,1.00000000,0.00002990,1.00000000,
0.00000000,9.00000000,1.00000000,67353.00000000,1.00000000,33447.00000000,
0.10000000,1.00000000,0.00441476,297.75351835,0.00797670,266.06273726,
0.10000000,10.00000000,0.00702068,473.60119351,0.31722415,10576.88775111,
0.10000000,11.00000000,0.00774072,524.40297209,0.03338180,1103.40216276,
0.10000000,12.00000000,0.00645783,435.33497329,0.13191763,4404.46588891,
0.10000000,13.00000000,0.00466801,315.57153149,0.03919646,1301.20499802,
0.10000000,14.00000000,0.00906319,609.85266183,0.09667188,3239.57120634,
0.10000000,15.00000000,0.00848791,570.84580331,0.02625389,880.71282887,
0.10000000,16.00000000,0.01030787,693.72983995,0.40110450,13436.59961986,
0.10000000,17.00000000,0.00893813,603.61856426,0.79693545,26511.65149163,
0.10000000,18.00000000,0.01831760,1225.77685710,0.15546850,5267.58359390,
0.10000000,19.00000000,0.00586555,391.78334831,0.15004913,5102.57078702,
0.10000000,2.00000000,0.00838023,561.43323309,0.02903026,981.36779090,
0.10000000,20.00000000,0.00760795,512.08333751,0.52987085,17745.90463732,
0.10000000,3.00000000,0.00751767,508.74349949,0.11850410,3925.68546799,
0.10000000,4.00000000,0.00953933,646.28020366,0.88179072,29144.06499071,
0.10000000,5.00000000,0.00650130,435.83381765,0.32998711,11141.02474265,
0.10000000,6.00000000,0.01354964,905.14278197,0.08152747,2771.77096847,
0.10000000,7.00000000,0.00937989,632.31687317,0.50572569,16885.16925717,
0.10000000,8.00000000,0.00563625,379.60121596,0.13559953,4535.80415707,
0.10000000,9.00000000,0.00988061,665.48858272,0.07914213,2647.06671657,
1000000.00000000,1.00000000,0.00001483,1.00022965,0.00002999,1.00023182,
1000000.00000000,10.00000000,0.00001485,1.00150683,0.00003004,1.00154128,
1000000.00000000,11.00000000,0.00001477,1.00028818,0.00003026,1.00028224,
1000000.00000000,12.00000000,0.00001483,1.00005388,0.00002995,1.00005478,
1000000.00000000,13.00000000,0.00001480,1.00025804,0.00003013,1.00026386,
1000000.00000000,14.00000000,0.00001489,1.00176310,0.00002989,1.00175675,
1000000.00000000,15.00000000,0.00001487,1.00025599,0.00002982,1.00024213,
1000000.00000000,16.00000000,0.00001489,1.00185701,0.00002990,1.00178378,
1000000.00000000,17.00000000,0.00001483,1.00183292,0.00003011,1.00180524,
1000000.00000000,18.00000000,0.00001497,1.00182296,0.00002957,1.00183245,
1000000.00000000,19.00000000,0.00001500,1.00170847,0.00002946,1.00175710,
1000000.00000000,2.00000000,0.00001495,1.00165925,0.00002963,1.00163394,
1000000.00000000,20.00000000,0.00001488,1.00177007,0.00002991,1.00173292,
1000000.00000000,3.00000000,0.00001480,1.00176838,0.00003024,1.00180473,
1000000.00000000,4.00000000,0.00001476,1.00026940,0.00003026,1.00026702,
1000000.00000000,5.00000000,0.00001492,1.00021619,0.00002963,1.00022214,
1000000.00000000,6.00000000,0.00001500,1.00170709,0.00002946,1.00166818,
1000000.00000000,7.00000000,0.00001486,1.00150686,0.00003000,1.00151246,
1000000.00000000,8.00000000,0.00001487,1.00166037,0.00002995,1.00167683,
1000000.00000000,9.00000000,0.00001485,1.00000067,0.00002990,1.00000069,
100000.00000000,1.00000000,0.00001498,1.01039483,0.00003030,1.01049899,
100000.00000000,10.00000000,0.00001551,1.04598358,0.00003139,1.04658694,
100000.00000000,11.00000000,0.00001497,1.01397064,0.00003067,1.01380711,
100000.00000000,12.00000000,0.00001489,1.00365601,0.00003006,1.00372376,
100000.00000000,13.00000000,0.00001499,1.01311738,0.00003053,1.01335942,
100000.00000000,14.00000000,0.00001579,1.06274441,0.00003172,1.06291444,
100000.00000000,15.00000000,0.00001503,1.01060997,0.00003011,1.01005836,
100000.00000000,16.00000000,0.00001581,1.06408689,0.00003172,1.06270059,
100000.00000000,17.00000000,0.00001575,1.06366837,0.00003196,1.06306276,
100000.00000000,18.00000000,0.00001590,1.06426582,0.00003141,1.06440037,
100000.00000000,19.00000000,0.00001588,1.06088356,0.00003124,1.06248529,
100000.00000000,2.00000000,0.00001578,1.05688556,0.00003126,1.05681667,
100000.00000000,20.00000000,0.00001579,1.06304220,0.00003173,1.06259762,
100000.00000000,3.00000000,0.00001569,1.06192604,0.00003208,1.06268795,
100000.00000000,4.00000000,0.00001496,1.01373560,0.00003067,1.01365540,
100000.00000000,5.00000000,0.00001506,1.00986621,0.00002992,1.01013192,
100000.00000000,6.00000000,0.00001584,1.05801213,0.00003108,1.05674339,
100000.00000000,7.00000000,0.00001552,1.04604217,0.00003133,1.04602329,
100000.00000000,8.00000000,0.00001563,1.05243497,0.00003146,1.05248168,
100000.00000000,9.00000000,0.00001485,1.00006172,0.00002990,1.00006321,
10000.00000000,1.00000000,0.00001611,1.08636250,0.00003259,1.08697944,
10000.00000000,10.00000000,0.00001865,1.25827926,0.00003770,1.25687864,
10000.00000000,11.00000000,0.00001708,1.15738606,0.00003500,1.15685262,
10000.00000000,12.00000000,0.00001590,1.07206093,0.00003216,1.07387985,
10000.00000000,13.00000000,0.00001697,1.14699667,0.00003460,1.14865067,
10000.00000000,14.00000000,0.00002094,1.40905190,0.00004209,1.41053785,
10000.00000000,15.00000000,0.00001609,1.08193473,0.00003214,1.07832184,
10000.00000000,16.00000000,0.00002098,1.41189150,0.00004209,1.41011023,
10000.00000000,17.00000000,0.00002091,1.41197525,0.00004239,1.41018975,
10000.00000000,18.00000000,0.00002120,1.41888611,0.00004175,1.41468569,
10000.00000000,19.00000000,0.00002095,1.39928645,0.00004153,1.41237037,
10000.00000000,2.00000000,0.00002024,1.35621237,0.00004026,1.36112208,
10000.00000000,20.00000000,0.00002097,1.41125878,0.00004221,1.41380823,
10000.00000000,3.00000000,0.00002074,1.40341167,0.00004244,1.40601756,
10000.00000000,4.00000000,0.00001700,1.15203166,0.00003486,1.15230892,
10000.00000000,5.00000000,0.00001610,1.07906166,0.00003200,1.08042616,
10000.00000000,6.00000000,0.00002045,1.36626720,0.00003990,1.35643579,
10000.00000000,7.00000000,0.00001852,1.24844578,0.00003733,1.24628885,
10000.00000000,8.00000000,0.00001928,1.29869672,0.00003873,1.29550033,
10000.00000000,9.00000000,0.00001490,1.00373007,0.00003001,1.00379662,
1000.00000000,1.00000000,0.00001907,1.28637969,0.00003857,1.28659804,
1000.00000000,10.00000000,0.00002376,1.60266302,0.00004771,1.59059682,
1000.00000000,11.00000000,0.00002204,1.49315622,0.00004509,1.49054690,
1000.00000000,12.00000000,0.00002017,1.35999483,0.00004102,1.36972646,
1000.00000000,13.00000000,0.00002178,1.47254864,0.00004448,1.47668343,
1000.00000000,14.00000000,0.00002685,1.80675640,0.00005395,1.80781486,
1000.00000000,15.00000000,0.00001834,1.23349636,0.00003657,1.22692931,
1000.00000000,16.00000000,0.00002665,1.79379251,0.00005359,1.79528666,
1000.00000000,17.00000000,0.00002657,1.79448701,0.00005392,1.79384962,
1000.00000000,18.00000000,0.00002719,1.81969657,0.00005323,1.80348322,
1000.00000000,19.00000000,0.00002681,1.79061627,0.00005362,1.82340717,
1000.00000000,2.00000000,0.00002570,1.72156739,0.00005145,1.73942726,
1000.00000000,20.00000000,0.00002688,1.80953958,0.00005421,1.81544637,
1000.00000000,3.00000000,0.00002635,1.78317921,0.00005405,1.79035417,
1000.00000000,4.00000000,0.00002168,1.46857217,0.00004454,1.47210450,
1000.00000000,5.00000000,0.00001827,1.22474541,0.00003634,1.22680409,
1000.00000000,6.00000000,0.00002606,1.74111975,0.00005049,1.71663537,
1000.00000000,7.00000000,0.00002295,1.54687474,0.00004609,1.53875062,
1000.00000000,8.00000000,0.00002403,1.61829186,0.00004801,1.60590785,
1000.00000000,9.00000000,0.00001567,1.05510816,0.00003155,1.05531366,
100.00000000,1.00000000,0.00002294,1.54743338,0.00004634,1.54559969,
100.00000000,10.00000000,0.00002820,1.90202014,0.00005636,1.87900002,
100.00000000,11.00000000,0.00002601,1.76176363,0.00005312,1.75597311,
100.00000000,12.00000000,0.00002459,1.65764805,0.00005014,1.67414132,
100.00000000,13.00000000,0.00002583,1.74625268,0.00005274,1.75066621,
100.00000000,14.00000000,0.00003003,2.02060652,0.00006032,2.02133123,
100.00000000,15.00000000,0.00002245,1.50951804,0.00004470,1.49956489,
100.00000000,16.00000000,0.00002937,1.97658689,0.00005915,1.98135422,
100.00000000,17.00000000,0.00002926,1.97590896,0.00005935,1.97432830,
100.00000000,18.00000000,0.00003042,2.03571281,0.00005934,2.01068941,
100.00000000,19.00000000,0.00002995,2.00068392,0.00006005,2.04205207,
100.00000000,2.00000000,0.00002902,1.94410351,0.00005828,1.97021789,
100.00000000,20.00000000,0.00002984,2.00872723,0.00006017,2.01518792,
100.00000000,3.00000000,0.00002923,1.97834620,0.00006005,1.98939668,
100.00000000,4.00000000,0.00002509,1.70006185,0.00005164,1.70684291,
100.00000000,5.00000000,0.00002099,1.40686994,0.00004176,1.41000899,
100.00000000,6.00000000,0.00002955,1.97394739,0.00005703,1.93885611,
100.00000000,7.00000000,0.00002717,1.83150432,0.00005446,1.81841671,
100.00000000,8.00000000,0.00002767,1.86370241,0.00005505,1.84154204,
100.00000000,9.00000000,0.00001820,1.22582724,0.00003664,1.22556382,
10.00000000,1.00000000,0.00007330,4.94345340,0.00015878,5.29617656,
10.00000000,10.00000000,0.00004312,2.90852802,0.00009130,3.04401789,
10.00000000,11.00000000,0.00009023,6.11292985,0.00008342,2.75721262,
10.00000000,12.00000000,0.00003648,2.45925472,0.00007403,2.47164863,
10.00000000,13.00000000,0.00003818,2.58140893,0.00007644,2.53760143,
10.00000000,14.00000000,0.00004388,2.95279258,0.00008512,2.85260891,
10.00000000,15.00000000,0.00008532,5.73801322,0.00007945,2.66521963,
10.00000000,16.00000000,0.00004334,2.91666512,0.00008932,2.99208730,
10.00000000,17.00000000,0.00007130,4.81481407,0.00066531,22.13277179,
10.00000000,18.00000000,0.00008236,5.51151294,0.00010173,3.44681164,
10.00000000,19.00000000,0.00010305,6.88288669,0.00014318,4.86888450,
10.00000000,2.00000000,0.00009336,6.25489144,0.00010195,3.44645559,
10.00000000,20.00000000,0.00004131,2.78035796,0.00008917,2.98636459,
10.00000000,3.00000000,0.00008741,5.91528965,0.00077373,25.63129849,
10.00000000,4.00000000,0.00006648,4.50384283,0.00011037,3.64768261,
10.00000000,5.00000000,0.00008780,5.88611964,0.00021219,7.16386463,
10.00000000,6.00000000,0.00007660,5.11716758,0.00008833,3.00318482,
10.00000000,7.00000000,0.00007554,5.09233184,0.00058370,19.48862303,
10.00000000,8.00000000,0.00007783,5.24152898,0.00041798,13.98142836,
10.00000000,9.00000000,0.00007765,5.23022514,0.00007116,2.38011437,
1.00000000,1.00000000,0.00040300,27.18040306,0.00051593,17.20873366,
1.00000000,10.00000000,0.00021591,14.56455582,0.00120420,40.15047670,
1.00000000,11.00000000,0.00035559,24.08948951,0.00068137,22.52184338,
1.00000000,12.00000000,0.00015965,10.76262757,0.00039225,13.09650994,
1.00000000,13.00000000,0.00018274,12.35367846,0.00040043,13.29315293,
1.00000000,14.00000000,0.00033763,22.71863311,0.00085375,28.60989907,
1.00000000,15.00000000,0.00033672,22.64573644,0.00112480,37.73259024,
1.00000000,16.00000000,0.00035853,24.12953739,0.00878074,294.14595402,
1.00000000,17.00000000,0.00038960,26.31098465,0.03348293,1113.87652722,
1.00000000,18.00000000,0.00039862,26.67475911,0.02198523,744.90359064,
1.00000000,19.00000000,0.00035220,23.52480793,0.00221273,75.24601506,
1.00000000,2.00000000,0.00041648,27.90234117,0.00093082,31.46633836,
1.00000000,20.00000000,0.00019376,13.04179065,0.00104001,34.83101355,
1.00000000,3.00000000,0.00046150,31.23128554,0.00722935,239.48657611,
1.00000000,4.00000000,0.00049825,33.75619744,0.00110710,36.59073794,
1.00000000,5.00000000,0.00034487,23.11950874,0.00154620,52.20284279,
1.00000000,6.00000000,0.00037091,24.77778507,0.00056136,19.08500747,
1.00000000,7.00000000,0.00043668,29.43753313,0.03174511,1059.90580734,
1.00000000,8.00000000,0.00038032,25.61444204,0.00229320,76.70757084,
1.00000000,9.00000000,0.00037335,25.14625441,0.00039503,13.21247214,
20.00000000,1.00000000,0.00003770,2.54237131,0.00008040,2.68159429,
20.00000000,10.00000000,0.00003468,2.33968532,0.00007040,2.34743596,
20.00000000,11.00000000,0.00004514,3.05785913,0.00006697,2.21346174,
20.00000000,12.00000000,0.00002979,2.00852507,0.00006093,2.03438116,
20.00000000,13.00000000,0.00003144,2.12572704,0.00006379,2.11777798,
20.00000000,14.00000000,0.00003625,2.43955703,0.00007154,2.39744606,
20.00000000,15.00000000,0.00004105,2.76058631,0.00005900,1.97923243,
20.00000000,16.00000000,0.00003505,2.35910296,0.00007076,2.37029330,
20.00000000,17.00000000,0.00004027,2.71946844,0.00012863,4.27913278,
20.00000000,18.00000000,0.00004724,3.16099327,0.00007540,2.55455467,
20.00000000,19.00000000,0.00005106,3.41026425,0.00008498,2.88983721,
20.00000000,2.00000000,0.00004621,3.09592211,0.00007516,2.54071897,
20.00000000,20.00000000,0.00003496,2.35301424,0.00007175,2.40299925,
20.00000000,3.00000000,0.00004601,3.11393174,0.00014604,4.83786140,
20.00000000,4.00000000,0.00003771,2.55494699,0.00006950,2.29706972,
20.00000000,5.00000000,0.00003594,2.40924200,0.00008284,2.79681745,
20.00000000,6.00000000,0.00004333,2.89448495,0.00006970,2.36950322,
20.00000000,7.00000000,0.00003995,2.69278347,0.00013835,4.61922693,
20.00000000,8.00000000,0.00004460,3.00376159,0.00012104,4.04879988,
20.00000000,9.00000000,0.00003588,2.41690520,0.00005075,1.69735294,
2.00000000,1.00000000,0.00023791,16.04578089,0.00029618,9.87920933,
2.00000000,10.00000000,0.00011091,7.48209024,0.00032122,10.71021124,
2.00000000,11.00000000,0.00021508,14.57051538,0.00026029,8.60349049,
2.00000000,12.00000000,0.00008773,5.91407681,0.00018327,6.11895933,
2.00000000,13.00000000,0.00009188,6.21154879,0.00018746,6.22298913,
2.00000000,14.00000000,0.00012270,8.25620563,0.00028739,9.63089063,
2.00000000,15.00000000,0.00019896,13.38076815,0.00036647,12.29351108,
2.00000000,16.00000000,0.00015364,10.33992588,0.00107888,36.14153733,
2.00000000,17.00000000,0.00022247,15.02426629,0.00818130,272.16739874,
2.00000000,18.00000000,0.00021376,14.30431354,0.00224241,75.97728396,
2.00000000,19.00000000,0.00025479,17.01868479,0.00067923,23.09774565,
2.00000000,2.00000000,0.00025300,16.94940925,0.00036643,12.38700141,
2.00000000,20.00000000,0.00010091,6.79227777,0.00029316,9.81818624,
2.00000000,3.00000000,0.00026903,18.20628337,0.00707981,234.53283431,
2.00000000,4.00000000,0.00021979,14.89071184,0.00039516,13.06040334,
2.00000000,5.00000000,0.00019277,12.92318087,0.00068239,23.03891932,
2.00000000,6.00000000,0.00019101,12.75978726,0.00025302,8.60209612,
2.00000000,7.00000000,0.00027068,18.24692182,0.00592051,197.67407963,
2.00000000,8.00000000,0.00020404,13.74229052,0.00135966,45.48058510,
2.00000000,9.00000000,0.00020021,13.48488406,0.00020051,6.70647280,
50.00000000,1.00000000,0.00002444,1.64804074,0.00004942,1.64843687,
50.00000000,10.00000000,0.00002981,2.01082940,0.00005960,1.98716432,
50.00000000,11.00000000,0.00002791,1.89109206,0.00005644,1.86555666,
50.00000000,12.00000000,0.00002594,1.74896064,0.00005297,1.76846985,
50.00000000,13.00000000,0.00002732,1.84695836,0.00005574,1.85033470,
50.00000000,14.00000000,0.00003152,2.12078485,0.00006314,2.11589241,
50.00000000,15.00000000,0.00002440,1.64072605,0.00004812,1.61432798,
50.00000000,16.00000000,0.00003069,2.06540182,0.00006185,2.07185643,
50.00000000,17.00000000,0.00003062,2.06786453,0.00006229,2.07214483,
50.00000000,18.00000000,0.00003222,2.15579804,0.00006236,2.11297312,
50.00000000,19.00000000,0.00003175,2.12069400,0.00006331,2.15283624,
50.00000000,2.00000000,0.00003045,2.04006071,0.00006102,2.06285162,
50.00000000,20.00000000,0.00003110,2.09329281,0.00006280,2.10309210,
50.00000000,3.00000000,0.00003089,2.09066100,0.00006400,2.12003493,
50.00000000,4.00000000,0.00002649,1.79462852,0.00005431,1.79503298,
50.00000000,5.00000000,0.00002213,1.48374544,0.00004423,1.49332512,
50.00000000,6.00000000,0.00003105,2.07448573,0.00005963,2.02741602,
50.00000000,7.00000000,0.00002881,1.94202835,0.00005836,1.94866171,
50.00000000,8.00000000,0.00002992,2.01503421,0.00005956,1.99242677,
50.00000000,9.00000000,0.00001983,1.33585802,0.00003967,1.32695877,
5.00000000,1.00000000,0.00012169,8.20729785,0.00020896,6.96980905,
5.00000000,10.00000000,0.00005974,4.02988904,0.00013290,4.43126541,
5.00000000,11.00000000,0.00014469,9.80220113,0.00011565,3.82269501,
5.00000000,12.00000000,0.00004955,3.34027436,0.00009974,3.33012917,
5.00000000,13.00000000,0.00005130,3.46787885,0.00010136,3.36499530,
5.00000000,14.00000000,0.00005867,3.94785243,0.00011507,3.85600056,
5.00000000,15.00000000,0.00013417,9.02360869,0.00012712,4.26433626,
5.00000000,16.00000000,0.00006222,4.18740269,0.00015416,5.16414991,
5.00000000,17.00000000,0.00011945,8.06652021,0.00217709,72.42539437,
5.00000000,18.00000000,0.00012560,8.40467054,0.00018512,6.27237878,
5.00000000,19.00000000,0.00016731,11.17512649,0.00025683,8.73390923,
5.00000000,2.00000000,0.00015621,10.46554871,0.00015186,5.13351050,
5.00000000,20.00000000,0.00005384,3.62368758,0.00013012,4.35776866,
5.00000000,3.00000000,0.00014465,9.78887634,0.00296203,98.12301551,
5.00000000,4.00000000,0.00010871,7.36482798,0.00018257,6.03397950,
5.00000000,5.00000000,0.00014678,9.83962016,0.00035515,11.99071502,
5.00000000,6.00000000,0.00011759,7.85525591,0.00012459,4.23569286,
5.00000000,7.00000000,0.00013419,9.04584951,0.00156613,52.29003525,
5.00000000,8.00000000,0.00012082,8.13722180,0.00091425,30.58178713,
5.00000000,9.00000000,0.00012124,8.16581316,0.00011047,3.69497033,