alpha,seed,time,niter,nfail,train_lossf,test_lossf,train_lossf[0],test_lossf[0],errorf[0][0],errorf[0][1],errorf1[0][0],errorf1[0][1],errorf2[0][0],errorf2[0][1],train_Srel[0],test_Srel[0],
inf,1.00000000,0.00000000,0.00000000,0.00000000,3441.62670533,17557.10752945,3441.62670533,17557.10752945,15.79387053,3425.83283480,5.98680982,14058.46267503,15.77051565,3476.88752895,-0.00000000,0.00000000,
0.00000000,1.00000000,1613.51909089,847.00000000,1.00000000,17.64783723,319983.24582770,17.64783723,319983.24582770,17.64783723,0.00000000,145.54825680,19434.31407039,139.91647919,300263.46702131,0.00000000,-549755813888.00000000,alpha,seed,time,niter,nfail,train_lossf,test_lossf,train_lossf[0],test_lossf[0],errorf[0][0],errorf[0][1],errorf1[0][0],errorf1[0][1],errorf2[0][0],errorf2[0][1],train_Srel[0],test_Srel[0],
inf,10.00000000,0.00000000,0.00000000,0.00000000,12972.76507210,17494.85420387,12972.76507210,17494.85420387,16.47619740,12956.28887470,5.43620736,4558.71999408,16.05905818,12914.63894425,0.00000000,-0.00000000,
0.00000000,10.00000000,1837.52973890,841.00000000,1.00000000,36.97687418,1274.24945888,36.97687418,1274.24945888,24.09571921,12.88115497,27.52441983,96.55085003,52.52309184,1097.65109719,0.00000000,-35184372088832.00000000,alpha,seed,time,niter,nfail,train_lossf,test_lossf,train_lossf[0],test_lossf[0],errorf[0][0],errorf[0][1],errorf1[0][0],errorf1[0][1],errorf2[0][0],errorf2[0][1],train_Srel[0],test_Srel[0],
inf,11.00000000,0.00000000,0.00000000,0.00000000,5077.30026641,17480.96120415,5077.30026641,17480.96120415,16.32910200,5060.97116442,5.51390575,12460.72312340,16.11613488,4998.60804012,0.00000000,0.00000000,
0.00000000,11.00000000,1217.60499644,844.00000000,1.00000000,3444.33464286,4366.49101893,3444.33464286,4366.49101893,3444.33464286,0.00000000,900.57949823,0.00000000,3388.20002727,77.71149343,0.00000000,-604462909807314587353088.00000000,
0.01000000,1.00000000,27.95598698,207.00000000,0.00000000,0.16084126,36472.57438931,0.16084126,36472.57438931,0.08820513,0.00005802,29.18617654,4200.75597517,267.50246154,31975.04055719,-7.25780994,-8.92188755,
0.01000000,10.00000000,16.93137407,195.00000000,0.00000000,0.25621511,1260.09803750,0.25621511,1260.09803750,0.17939553,0.00005249,27.30875450,95.54062626,51.76197134,1085.38285252,-7.67670873,-10.38328765,
0.01000000,11.00000000,45.34399295,466.00000000,0.00000000,0.37873230,72845.12880552,0.37873230,72845.12880552,0.30233553,0.00002075,64.80765904,72163.29025967,210.52627128,406.40282312,-7.63760213,-10.17924012,
0.01000000,12.00000000,21.00323057,168.00000000,0.00000000,0.22710663,765.45089290,0.22710663,765.45089290,0.15206048,0.00000882,49.04232418,0.00000000,716.30468341,0.00000000,-7.50373329,-10.38853116,
0.01000000,13.00000000,67.16233873,286.00000000,0.00000000,0.23355308,2806.64721175,0.23355308,2806.64721175,0.15812772,0.00001351,51.92822791,2491.89996046,168.73878912,93.99023068,-7.54118387,-9.00035829,
0.01000000,14.00000000,67.70177960,361.00000000,0.00000000,0.27728916,5347.54898140,0.27728916,5347.54898140,0.20238461,0.00000718,33.91950671,1429.83732022,640.03684554,3243.65456485,-7.48973712,-10.07440845,
0.01000000,15.00000000,45.04830647,439.00000000,0.00000000,0.29880159,109992.38365551,0.29880159,109992.38365551,0.21976429,0.00006313,62.99092882,101909.91362531,186.65396928,7832.72110566,-7.89741702,-10.40264388,
0.01000000,16.00000000,31.99189496,276.00000000,0.00000000,0.19089720,214434.86277258,0.19089720,214434.86277258,0.11316364,0.00000121,19.08529471,83097.41656169,1064.21899694,130254.03779510,-7.77323514,-10.41241433,
0.01000000,17.00000000,45.66979003,308.00000000,0.00000000,0.14861855,9784.46783013,0.14861855,9784.46783013,0.07136133,0.00011969,65.68361345,1509.45558127,7794.43363797,414.79087430,-7.71375272,-10.41231303,
0.01000000,18.00000000,46.12218881,575.00000000,0.00000000,0.42853587,143.70257741,0.42853587,143.70257741,0.34762934,0.00007796,45.71014174,0.00000000,96.00397539,1.88699134,-8.08285687,-10.14689380,
0.01000000,19.00000000,54.89768887,484.00000000,0.00000000,0.27608396,23763.48098286,0.27608396,23763.48098286,0.19817008,0.00104629,43.83615153,0.00000000,772.63984301,22946.90651785,-7.68675980,-9.84704688,alpha,seed,time,niter,nfail,train_lossf,test_lossf,train_lossf[0],test_lossf[0],errorf[0][0],errorf[0][1],errorf1[0][0],errorf1[0][1],errorf2[0][0],errorf2[0][1],train_Srel[0],test_Srel[0],
inf,12.00000000,0.00000000,0.00000000,0.00000000,2076.28994837,17597.42940637,2076.28994837,17597.42940637,14.30933050,2061.98061787,7.37000624,15402.83121475,14.59361930,2172.63456608,-0.00000000,0.00000000,
0.00000000,12.00000000,1116.44540906,841.00000000,1.00000000,3483.40019418,419.75410001,3483.40019418,419.75410001,62.11927605,3421.28091813,35.91136349,0.00000000,375.87251337,7.97022315,-137438953472.00000000,-137438953472.00000000,
0.01000000,2.00000000,57.95665765,477.00000000,0.00000000,0.13060113,4965.91038960,0.13060113,4965.91038960,0.05314068,0.00001534,32.69775830,0.02365492,2578.37945590,2354.70527864,-7.74451165,-10.42418373,
0.01000000,20.00000000,30.12934661,260.00000000,0.00000000,0.32764737,566.69052308,0.32764737,566.69052308,0.25091748,0.00001218,260.48620410,0.00000000,306.10012866,0.00000000,-7.67177112,-10.41903198,alpha,seed,time,niter,nfail,train_lossf,test_lossf,train_lossf[0],test_lossf[0],errorf[0][0],errorf[0][1],errorf1[0][0],errorf1[0][1],errorf2[0][0],errorf2[0][1],train_Srel[0],test_Srel[0],
inf,13.00000000,0.00000000,0.00000000,0.00000000,4809.06284916,17602.88995584,4809.06284916,17602.88995584,14.74247892,4794.32037025,7.02241114,12667.93430232,14.76631418,4913.16692820,0.00000000,0.00000000,
0.00000000,13.00000000,2143.23069668,844.00000000,1.00000000,16692.29963105,5836.10440320,16692.29963105,5836.10440320,88.09899424,16604.20063681,182.86058997,4528.74024422,547.23950554,577.26406347,0.00000000,36893488147419103232.00000000,
0.01000000,3.00000000,31.82760429,261.00000000,0.00000000,0.20102047,2824.36244924,0.20102047,2824.36244924,0.12662483,0.00007366,44.62401228,303.09003212,1571.79000751,904.75829707,-7.43219731,-10.01002634,alpha,seed,time,niter,nfail,train_lossf,test_lossf,train_lossf[0],test_lossf[0],errorf[0][0],errorf[0][1],errorf1[0][0],errorf1[0][1],errorf2[0][0],errorf2[0][1],train_Srel[0],test_Srel[0],
inf,14.00000000,0.00000000,0.00000000,0.00000000,17274.21364248,17598.77351417,17274.21364248,17598.77351417,17.27631582,17256.93732666,4.48792330,207.66680177,17.30424617,17369.31454292,0.00000000,0.00000000,
0.00000000,14.00000000,2005.92325783,843.00000000,1.00000000,52.81550895,663.71105470,52.81550895,663.71105470,52.76955762,0.04595133,18.99481424,0.00000000,38.33933803,606.37690242,4398046511104.00000000,0.00000000,
0.01000000,4.00000000,53.11573148,381.00000000,0.00000000,0.29273053,9784.47569284,0.29273053,9784.47569284,0.21573604,0.00002614,3187.13224809,1762.83532250,4672.99345037,161.41061381,-7.69683587,-10.40580710,alpha,seed,time,niter,nfail,train_lossf,test_lossf,train_lossf[0],test_lossf[0],errorf[0][0],errorf[0][1],errorf1[0][0],errorf1[0][1],errorf2[0][0],errorf2[0][1],train_Srel[0],test_Srel[0],
inf,15.00000000,0.00000000,0.00000000,0.00000000,3415.37205764,17315.12323890,3415.37205764,17315.12323890,15.00392959,3400.36812805,6.78826714,14207.08465388,14.96850282,3086.28181506,-0.00000000,-0.00000000,
0.00000000,15.00000000,1304.47531652,844.00000000,1.00000000,29.45910390,1321.35224127,29.45910390,1321.35224127,29.44118053,0.01792337,29.60104270,0.09001907,1036.15027728,255.51090222,0.00000000,37778931862957161709568.00000000,
0.01000000,5.00000000,45.51793194,388.00000000,0.00000000,0.18758722,3476.04390939,0.18758722,3476.04390939,0.11371026,0.00005811,10.11202402,0.00000000,3465.82762873,0.00000000,-7.38188407,-10.42566296,alpha,seed,time,niter,nfail,train_lossf,test_lossf,train_lossf[0],test_lossf[0],errorf[0][0],errorf[0][1],errorf1[0][0],errorf1[0][1],errorf2[0][0],errorf2[0][1],train_Srel[0],test_Srel[0],
inf,16.00000000,0.00000000,0.00000000,0.00000000,17543.72319339,17256.13562900,17543.72319339,17256.13562900,16.18678143,17527.53641196,5.50056874,109.02502552,16.44557576,17125.16445897,-0.00000000,-0.00000000,
0.00000000,16.00000000,2115.34496379,840.00000000,1.00000000,2447.16700902,2678.70963418,2447.16700902,2678.70963418,267.02754524,2180.13946378,13.64853953,693.84256782,371.31426678,1599.90426004,0.00000000,0.00000000,
0.01000000,6.00000000,32.42044830,389.00000000,0.00000000,0.37690457,5610.21955925,0.37690457,5610.21955925,0.29783607,0.00001229,31.65817944,876.95414808,38.97667776,4662.53438443,-7.90562116,-9.61695442,alpha,seed,time,niter,nfail,train_lossf,test_lossf,train_lossf[0],test_lossf[0],errorf[0][0],errorf[0][1],errorf1[0][0],errorf1[0][1],errorf2[0][0],errorf2[0][1],train_Srel[0],test_Srel[0],
inf,17.00000000,0.00000000,0.00000000,0.00000000,17461.39948815,17402.54935930,17461.39948815,17402.54935930,16.80626331,17444.59322484,4.96794644,116.20800362,16.80248708,17264.57092217,0.00000000,0.00000000,
0.00000000,17.00000000,1722.20308089,850.00000000,1.00000000,29.96551903,1622.32669517,29.96551903,1622.32669517,29.96532797,0.00019106,36.24198532,0.00000000,1581.87504565,4.20966419,-4835703278458516698824704.00000000,-4835703278458516698824704.00000000,
0.01000000,7.00000000,58.70108414,632.00000000,0.00000000,0.33887353,9784.47579429,0.33887353,9784.47579429,0.26039483,0.00028946,18.01085279,1840.60631047,7842.11484566,83.63962584,-7.81892397,-10.41595183,alpha,seed,time,niter,nfail,train_lossf,test_lossf,train_lossf[0],test_lossf[0],errorf[0][0],errorf[0][1],errorf1[0][0],errorf1[0][1],errorf2[0][0],errorf2[0][1],train_Srel[0],test_Srel[0],
inf,18.00000000,0.00000000,0.00000000,0.00000000,17582.45927484,17352.25731655,17582.45927484,17352.25731655,17.50632500,17564.95294984,4.33291288,23.19667793,17.30944091,17307.41828483,0.00000000,0.00000000,
0.00000000,18.00000000,1875.30102444,844.00000000,1.00000000,21.77858172,220.02096020,21.77858172,220.02096020,21.77858172,0.00000000,64.64068372,0.00000000,142.49885175,12.88142473,0.00000000,0.00000000,
0.01000000,8.00000000,51.07508183,324.00000000,0.00000000,0.09912621,4850.60787044,0.09912621,4850.60787044,0.02419421,0.00000000,10.56495961,4579.82502318,260.12054167,0.00000000,-7.49320008,-9.73459798,alpha,seed,time,niter,nfail,train_lossf,test_lossf,train_lossf[0],test_lossf[0],errorf[0][0],errorf[0][1],errorf1[0][0],errorf1[0][1],errorf2[0][0],errorf2[0][1],train_Srel[0],test_Srel[0],
inf,19.00000000,0.00000000,0.00000000,0.00000000,16819.21847802,18209.07423738,16819.21847802,18209.07423738,14.77570073,16804.44277729,6.91170111,352.69853009,15.02983165,17834.43417453,0.00000000,0.00000000,
0.00000000,19.00000000,1229.46171641,845.00000000,1.00000000,116.02090884,541.06364909,116.02090884,541.06364909,88.37427488,27.64663397,474.30597399,0.00000000,66.73502110,0.02265400,0.00000000,-549755813888.00000000,
0.01000000,9.00000000,63.17482352,437.00000000,0.00000000,0.22294569,332.56851952,0.22294569,332.56851952,0.14418985,0.00002273,7.33964657,2.66252453,44.87697129,277.59207373,-7.87331124,-9.73034107,alpha,seed,time,niter,nfail,train_lossf,test_lossf,train_lossf[0],test_lossf[0],errorf[0][0],errorf[0][1],errorf1[0][0],errorf1[0][1],errorf2[0][0],errorf2[0][1],train_Srel[0],test_Srel[0],
inf,2.00000000,0.00000000,0.00000000,0.00000000,15803.19289317,17710.35699060,15803.19289317,17710.35699060,18.39690832,15784.79598485,3.22259148,1625.05779837,18.85842307,16063.21817768,0.00000000,0.00000000,
0.00000000,2.00000000,1744.80075216,855.00000000,1.00000000,173.74719272,2352.40326886,173.74719272,2352.40326886,77.12040447,96.62678824,88.48807332,1.50304364,1254.82681509,1007.58533682,-35184372088832.00000000,-35184372088832.00000000,alpha,seed,time,niter,nfail,train_lossf,test_lossf,train_lossf[0],test_lossf[0],errorf[0][0],errorf[0][1],errorf1[0][0],errorf1[0][1],errorf2[0][0],errorf2[0][1],train_Srel[0],test_Srel[0],
inf,20.00000000,0.00000000,0.00000000,0.00000000,17376.74844745,17477.16593816,17376.74844745,17477.16593816,13.53096344,17363.21748401,8.18264672,161.48504185,13.70916787,17293.78908173,-0.00000000,-0.00000000,
0.00000000,20.00000000,1612.47188735,843.00000000,1.00000000,84.71871309,566.58633407,84.71871309,566.58633407,84.71871309,0.00000000,260.48620479,0.00000000,306.10012928,0.00000000,-137438953472.00000000,-137438953472.00000000,alpha,seed,time,niter,nfail,train_lossf,test_lossf,train_lossf[0],test_lossf[0],errorf[0][0],errorf[0][1],errorf1[0][0],errorf1[0][1],errorf2[0][0],errorf2[0][1],train_Srel[0],test_Srel[0],
inf,3.00000000,0.00000000,0.00000000,0.00000000,17063.46576757,17769.56613418,17063.46576757,17769.56613418,15.28431041,17048.18145716,6.44253866,333.18648085,15.42605054,17414.51106413,-0.00000000,0.00000000,
0.00000000,3.00000000,1771.56604791,848.00000000,1.00000000,137.89002490,3699.79503590,137.89002490,3699.79503590,135.87169549,2.01832941,32.45855860,0.80009466,3666.53638264,0.00000000,549755813888.00000000,549755813888.00000000,alpha,seed,time,niter,nfail,train_lossf,test_lossf,train_lossf[0],test_lossf[0],errorf[0][0],errorf[0][1],errorf1[0][0],errorf1[0][1],errorf2[0][0],errorf2[0][1],train_Srel[0],test_Srel[0],
inf,4.00000000,0.00000000,0.00000000,0.00000000,4945.92316749,17524.21745159,4945.92316749,17524.21745159,13.41096235,4932.51220515,8.29531452,12568.18984981,13.61568499,4934.11660228,-0.00000000,0.00000000,
0.00000000,4.00000000,2007.90906811,844.00000000,1.00000000,41.59379478,82503.92221842,41.59379478,82503.92221842,38.48310335,3.11069143,19.35171971,81357.50211110,91.92202083,1035.14636678,412316860416.00000000,0.00000000,alpha,seed,time,niter,nfail,train_lossf,test_lossf,train_lossf[0],test_lossf[0],errorf[0][0],errorf[0][1],errorf1[0][0],errorf1[0][1],errorf2[0][0],errorf2[0][1],train_Srel[0],test_Srel[0],
inf,5.00000000,0.00000000,0.00000000,0.00000000,3194.40337132,17580.27808504,3194.40337132,17580.27808504,14.41813695,3179.98523436,7.41574726,14292.40606143,14.24118451,3266.21509184,0.00000000,-0.00000000,
0.00000000,5.00000000,1541.76313877,846.00000000,1.00000000,35.35701496,2563.32377601,35.35701496,2563.32377601,35.35701496,0.00000000,35.10374569,2174.97587822,263.71100605,89.53314605,281474976710656.00000000,0.00000000,alpha,seed,time,niter,nfail,train_lossf,test_lossf,train_lossf[0],test_lossf[0],errorf[0][0],errorf[0][1],errorf1[0][0],errorf1[0][1],errorf2[0][0],errorf2[0][1],train_Srel[0],test_Srel[0],
inf,6.00000000,0.00000000,0.00000000,0.00000000,16176.99688042,16965.08735077,16176.99688042,16965.08735077,12.86226204,16164.13461838,8.93427156,1626.03494889,12.79439600,15317.32373432,-0.00000000,0.00000000,
0.00000000,6.00000000,1307.53212166,845.00000000,1.00000000,41.77057035,2235.17163556,41.77057035,2235.17163556,29.82979003,11.94078032,89.20847001,0.00000000,28.68549293,2117.27767261,0.00000000,8796093022208.00000000,alpha,seed,time,niter,nfail,train_lossf,test_lossf,train_lossf[0],test_lossf[0],errorf[0][0],errorf[0][1],errorf1[0][0],errorf1[0][1],errorf2[0][0],errorf2[0][1],train_Srel[0],test_Srel[0],
inf,7.00000000,0.00000000,0.00000000,0.00000000,12885.12694620,17430.30221715,12885.12694620,17430.30221715,14.64296980,12870.48397640,7.13899109,4676.66489808,14.61659762,12731.88173036,-0.00000000,0.00000000,
0.00000000,7.00000000,1279.51451588,844.00000000,1.00000000,98.31484668,3010.08427631,98.31484668,3010.08427631,83.64412703,14.67071965,43.95896947,0.00000000,2409.48699232,556.63831452,0.00000000,549755813888.00000000,alpha,seed,time,niter,nfail,train_lossf,test_lossf,train_lossf[0],test_lossf[0],errorf[0][0],errorf[0][1],errorf1[0][0],errorf1[0][1],errorf2[0][0],errorf2[0][1],train_Srel[0],test_Srel[0],
inf,8.00000000,0.00000000,0.00000000,0.00000000,14517.38014267,17375.67521638,14517.38014267,17375.67521638,16.66508626,14500.71505641,5.17208447,3073.90925573,16.47554671,14280.11832946,0.00000000,0.00000000,
0.00000000,8.00000000,1341.56274056,855.00000000,1.00000000,181.79678553,7258.55360978,181.79678553,7258.55360978,181.79678553,0.00000000,15.58636157,556.25777036,145.21336704,6541.49611082,0.00000000,-8796093022208.00000000,alpha,seed,time,niter,nfail,train_lossf,test_lossf,train_lossf[0],test_lossf[0],errorf[0][0],errorf[0][1],errorf1[0][0],errorf1[0][1],errorf2[0][0],errorf2[0][1],train_Srel[0],test_Srel[0],
inf,9.00000000,0.00000000,0.00000000,0.00000000,175.20356496,17522.82165644,175.20356496,17522.82165644,15.73715646,159.46640850,6.01673338,17341.72508828,15.79468552,159.28514925,-0.00000000,0.00000000,
0.00000000,9.00000000,1747.40968156,847.00000000,1.00000000,1330.65563008,101.94774821,1330.65563008,101.94774821,44.50826916,1286.14736092,43.89323826,0.00000000,41.19676537,16.85774457,0.00000000,-137438953472.00000000,
0.10000000,1.00000000,18.38585734,115.00000000,0.00000000,0.61077408,1531.30188769,0.61077408,1531.30188769,0.22290702,0.00001407,7.99138793,469.65907171,3.30030433,1049.95592167,-3.87852997,-3.95202041,
0.10000000,10.00000000,9.65098810,84.00000000,0.00000000,0.80316387,1267.68610813,0.80316387,1267.68610813,0.31354825,0.00000100,11.19553239,887.63876275,59.53066592,308.50504954,-4.89614625,-8.16097543,
0.10000000,11.00000000,12.05302429,115.00000000,0.00000000,0.94570461,3612.50027802,0.94570461,3612.50027802,0.43487475,0.00020927,3.84379630,3542.20297613,31.28549467,34.60354485,-5.10620586,-5.64466085,
0.10000000,12.00000000,7.36416698,70.00000000,0.00000000,0.74337137,425.88389569,0.74337137,425.88389569,0.29918756,0.00001145,9.14784972,235.81291949,130.44737595,49.84297818,-4.44172359,-6.32772356,
0.10000000,13.00000000,20.40153909,139.00000000,0.00000000,0.75055582,324.11964992,0.75055582,324.11964992,0.30251174,0.00000565,6.55948144,292.56739830,24.46315133,0.00000000,-4.48038424,-5.29618854,
0.10000000,14.00000000,17.42290759,124.00000000,0.00000000,0.84716926,44.05496427,0.84716926,44.05496427,0.32040934,0.00003253,11.12854596,11.25773804,4.30613336,16.70226490,-5.26727398,-6.60282001,
0.10000000,15.00000000,13.02353883,112.00000000,0.00000000,0.87463016,2400.18341495,0.87463016,2400.18341495,0.35864145,0.00001753,5.46551538,2355.40847509,9.23655423,29.51381274,-5.15971177,-5.59057519,
0.10000000,16.00000000,16.83563638,97.00000000,0.00000000,0.74820622,123859.08883906,0.74820622,123859.08883906,0.24471837,0.00006265,14.32572909,921.89932342,286.39540204,122635.55997026,-5.03425198,-9.08414242,
0.10000000,17.00000000,26.82730842,137.00000000,0.00000000,0.69949118,7888.40681470,0.69949118,7888.40681470,0.20501753,0.00026094,45.85222150,1016.71608535,6498.42728657,326.44367978,-4.94212713,-9.67541510,
0.10000000,18.00000000,14.58371210,144.00000000,0.00000000,1.03475221,5146.69136982,1.03475221,5146.69136982,0.48419690,0.00000317,7.30166258,27.00321469,704.29847249,4407.38766012,-5.50552137,-7.00359931,
0.10000000,19.00000000,16.43074512,149.00000000,0.00000000,0.81381057,1286.96192957,0.81381057,1286.96192957,0.34746163,0.00000104,106.60514966,9.88087848,788.49962830,381.28841940,-4.66347896,-6.87853729,
0.10000000,2.00000000,17.94379282,179.00000000,0.00000000,0.68572708,44.40722656,0.68572708,44.40722656,0.19381509,0.00000765,7.78885948,0.62673211,29.50551187,5.94936530,-4.91904342,-5.36757796,
0.10000000,20.00000000,17.22122359,144.00000000,0.00000000,0.88651763,260.89492786,0.88651763,260.89492786,0.39041589,0.00002247,88.79949096,0.00000000,171.24039145,0.00000000,-4.96079271,-8.55045452,
0.10000000,3.00000000,27.22637153,157.00000000,0.00000000,0.71169307,94.06929536,0.71169307,94.06929536,0.26107597,0.00001001,13.74400087,62.27841708,17.40872228,0.00000000,-4.50607084,-6.38155140,
0.10000000,4.00000000,22.50584960,118.00000000,0.00000000,0.85167773,7634.59041933,0.85167773,7634.59041933,0.34811555,0.00004212,2132.68138431,1250.42010450,4112.65770029,137.84573177,-5.03520066,-9.85498460,
0.10000000,5.00000000,29.70860171,138.00000000,0.00000000,0.69603363,761.42359870,0.69603363,761.42359870,0.23977258,0.00000628,5.07396299,184.92603492,569.31896122,1.28251292,-4.56254770,-8.22126649,
0.10000000,6.00000000,16.31807327,180.00000000,0.00000000,0.98456083,161.32100863,0.98456083,161.32100863,0.41430628,0.00047784,12.63392182,66.63329955,7.37372688,73.98211436,-5.69776705,-6.97946030,
0.10000000,7.00000000,20.08227444,178.00000000,0.00000000,0.91212095,3806.92069096,0.91212095,3806.92069096,0.40212224,0.00005371,17.95721436,231.57077493,3407.54656969,148.87495605,-5.09944998,-9.71175929,
0.10000000,8.00000000,14.65520501,147.00000000,0.00000000,0.60464634,1261.76243508,0.60464634,1261.76243508,0.14912566,0.00005444,5.67533922,965.91621934,65.81253273,223.64407669,-4.55466238,-7.14267099,
0.10000000,9.00000000,34.21006036,130.00000000,0.00000000,0.78956994,1801.23903730,0.78956994,1801.23903730,0.28513290,0.00002459,2.78552564,1649.72455128,10.58441071,137.52347677,-5.04412450,-6.21072900,
1000000.00000000,1.00000000,25.94704247,290.00000000,0.00000000,3315.38675044,17465.74495891,3315.38675044,17465.74495891,15.66364431,3183.18185732,5.93797436,14096.60887926,15.64127274,3229.92173465,-0.00011654,-0.00011764,
1000000.00000000,10.00000000,62.14044428,636.00000000,0.00000000,12119.50597171,16603.91942068,12119.50597171,16603.91942068,16.12140133,11328.94894600,5.29777079,4538.58261915,15.70956153,11251.63108916,-0.00077444,-0.00079270,
1000000.00000000,11.00000000,78.17040205,853.00000000,0.00000000,4928.01607154,17302.03285064,4928.01607154,17302.03285064,16.17456791,4765.91466537,5.41436432,12427.14483982,15.96146941,4710.68297428,-0.00014593,-0.00014283,
1000000.00000000,12.00000000,28.42976236,323.00000000,0.00000000,2048.28596640,17473.62534478,2048.28596640,17473.62534478,14.23750773,2006.91867337,7.34365500,15309.12221245,14.52041135,2115.05680408,-0.00002713,-0.00002758,
1000000.00000000,13.00000000,43.11787796,558.00000000,0.00000000,4669.61549431,17420.46948268,4669.61549431,17420.46948268,14.56139944,4524.46036199,6.96591132,12632.17236553,14.58301065,4633.18632538,-0.00013059,-0.00013356,
1000000.00000000,14.00000000,147.86907101,1025.00000000,0.00000000,16270.53856678,16575.73177363,16270.53856678,16575.73177363,16.81450461,15353.00389140,4.24864986,196.47293934,16.84931666,15461.21707542,-0.00090072,-0.00089694,
1000000.00000000,15.00000000,27.86963534,268.00000000,0.00000000,3281.99552929,17258.36329392,3281.99552929,17258.36329392,14.89549216,3137.07625918,6.71725551,14264.22145175,14.86774708,2849.58438597,-0.00013002,-0.00012297,
1000000.00000000,16.00000000,96.07322502,745.00000000,0.00000000,16504.28431102,16286.54158672,16504.28431102,16286.54158672,15.57465848,15539.17782850,5.40363101,105.73879508,15.83149792,15248.70413814,-0.00094953,-0.00091086,
1000000.00000000,17.00000000,137.78170085,1171.00000000,0.00000000,16438.21114083,16403.59553356,16438.21114083,16403.59553356,16.23894316,15485.13404980,4.82426154,111.92017166,16.24037098,15348.43891332,-0.00093684,-0.00092217,
1000000.00000000,18.00000000,99.24947405,924.00000000,0.00000000,16564.62167849,16337.69285956,16564.62167849,16337.69285956,16.97801537,15616.18232406,4.14613863,21.11172482,16.78917229,15359.18301132,-0.00093146,-0.00093646,
1000000.00000000,19.00000000,56.43454885,596.00000000,0.00000000,15855.32942050,17134.53342345,15855.32942050,17134.53342345,14.30072246,14968.38732579,6.70529778,328.68188476,14.53663322,15886.93592997,-0.00087264,-0.00089767,
1000000.00000000,2.00000000,54.39899087,457.00000000,0.00000000,14869.10901714,16722.27707610,14869.10901714,16722.27707610,17.80987463,14002.12685693,3.17226563,1562.43738159,18.25996348,14303.01802701,-0.00084917,-0.00083539,
1000000.00000000,20.00000000,165.40470624,978.00000000,0.00000000,16364.35623592,16480.30165823,16364.35623592,16480.30165823,13.12966470,15446.68067664,7.88835496,146.01038541,13.30394264,15428.36173415,-0.00090455,-0.00088474,
1000000.00000000,3.00000000,119.77812314,941.00000000,0.00000000,16076.46635769,16722.74611330,16076.46635769,16722.74611330,14.72771642,15158.09600178,6.30754932,316.65422816,14.86125721,15462.22418866,-0.00090364,-0.00092270,
1000000.00000000,4.00000000,84.19809270,677.00000000,0.00000000,4800.57839495,17343.44372783,4800.57839495,17343.44372783,13.26639851,4650.97785721,8.19508449,12530.50013392,13.47044027,4656.16781939,-0.00013633,-0.00013511,
1000000.00000000,5.00000000,40.39565349,342.00000000,0.00000000,3074.62216397,17497.63438571,3074.62216397,17497.63438571,14.30321931,2950.60738722,7.36748267,14335.88299988,14.12417319,3027.53681457,-0.00010971,-0.00011272,
1000000.00000000,6.00000000,81.21571541,939.00000000,0.00000000,15219.68382085,16020.86283674,15219.68382085,16020.86283674,12.62868582,14333.43737917,8.51685263,1563.68751722,12.56640313,13582.39394734,-0.00087362,-0.00085370,
1000000.00000000,7.00000000,20.96045303,219.00000000,0.00000000,12024.45224823,16559.66741987,12024.45224823,16559.66741987,14.29870339,11235.58347809,6.99910554,4661.56406731,14.27498282,11099.18123538,-0.00077457,-0.00077765,
1000000.00000000,8.00000000,89.33444405,941.00000000,0.00000000,13568.14288182,16484.48477421,13568.14288182,16484.48477421,16.22620606,12699.78363814,5.06142339,3129.65605759,16.04054927,12472.57173993,-0.00085213,-0.00086116,
1000000.00000000,9.00000000,11.99978018,122.00000000,0.00000000,174.87246142,17505.36047578,174.87246142,17505.36047578,15.73137513,158.80502226,6.01205577,17324.60810962,15.78888834,158.60705982,-0.00000034,-0.00000034,
100000.00000000,1.00000000,61.63130045,481.00000000,0.00000000,2575.92620043,16830.24609837,2575.92620043,16830.24609837,14.87102954,1986.16274711,5.65177036,14217.77546246,14.85618923,2011.38920764,-0.00574892,-0.00580573,
100000.00000000,10.00000000,57.67839575,606.00000000,0.00000000,8124.79224276,12384.44900129,8124.79224276,12384.44900129,14.53591776,5457.65205513,4.70956760,4351.44014351,14.16654405,5318.74481816,-0.02652604,-0.02695388,
100000.00000000,11.00000000,107.81665778,1044.00000000,0.00000000,4004.35355685,15962.94398032,4004.35355685,15962.94398032,15.19499687,3233.22151079,4.79811432,11993.76251283,14.98252505,3204.33108658,-0.00755937,-0.00745070,
100000.00000000,12.00000000,37.59315562,393.00000000,0.00000000,1841.87166235,16510.81513717,1841.87166235,16510.81513717,13.69219578,1635.18763090,7.14621869,14567.50662975,13.96445687,1725.77144717,-0.00192992,-0.00196426,
100000.00000000,13.00000000,83.28810024,608.00000000,0.00000000,3802.90922284,16096.06611359,3802.90922284,16096.06611359,13.42062111,3079.41249586,6.58389448,12212.00623080,13.43027173,3140.05041031,-0.00710076,-0.00723995,
100000.00000000,14.00000000,124.17200685,866.00000000,0.00000000,11281.52751076,11479.55717732,11281.52751076,11479.55717732,14.45046018,7790.97895955,3.32182927,134.67067766,14.53145664,7847.59357512,-0.03476098,-0.03479440,
100000.00000000,15.00000000,29.37862492,278.00000000,0.00000000,2507.77412589,16843.54705705,2507.77412589,16843.54705705,14.28471825,1905.45905392,6.31586730,14526.00175338,14.29833115,1739.77333723,-0.00588030,-0.00557158,
100000.00000000,16.00000000,113.35546851,881.00000000,0.00000000,11382.99210696,11374.38584725,11382.99210696,11374.38584725,12.70080699,7817.23562301,5.00861884,83.79219106,12.91038190,7810.99420836,-0.03553056,-0.03461680,
100000.00000000,17.00000000,115.38663483,857.00000000,0.00000000,11366.67244806,11402.97665420,11366.67244806,11402.97665420,13.56517869,7828.16268837,4.20701496,86.04768297,13.58751515,7811.95594421,-0.03524945,-0.03487178,
100000.00000000,18.00000000,100.16879082,1110.00000000,0.00000000,11493.55333933,11301.10403278,11493.55333933,11301.10403278,14.44962164,7925.90506434,3.32899301,10.78395170,14.31904775,7707.42595854,-0.03553199,-0.03565246,
100000.00000000,19.00000000,70.70671034,732.00000000,0.00000000,11032.25926808,11826.63712494,11032.25926808,11826.63712494,12.05943468,7648.01915989,5.74138738,210.96965186,12.20293962,8137.76735393,-0.03372181,-0.03459956,
100000.00000000,2.00000000,83.06923985,724.00000000,0.00000000,10260.93880013,11766.81821126,10260.93880013,11766.81821126,14.94057203,7061.37865267,3.04899146,1245.60172234,15.29969362,7332.48296978,-0.03184620,-0.03170385,
100000.00000000,20.00000000,147.44307041,960.00000000,0.00000000,11339.28790775,11466.40728469,11339.28790775,11466.40728469,11.10005147,7835.40030978,6.63526633,79.61838331,11.25046312,7913.43289225,-0.03492788,-0.03455470,
100000.00000000,3.00000000,114.84801173,914.00000000,0.00000000,11155.07905995,11555.29116085,11155.07905995,11555.29116085,12.24196931,7711.63604666,5.57271147,225.45778624,12.34238457,7831.56084530,-0.03431201,-0.03480357,
100000.00000000,4.00000000,85.47286177,629.00000000,0.00000000,3898.45464657,16022.97706135,3898.45464657,16022.97706135,12.36069907,3142.92565058,7.53674177,12102.38994949,12.55799998,3162.30703499,-0.00743168,-0.00738185,
100000.00000000,5.00000000,42.64032102,481.00000000,0.00000000,2371.58747069,16944.53335406,2371.58747069,16944.53335406,13.61926177,1811.77801943,7.07398906,14517.71843120,13.42983784,1845.20480294,-0.00546190,-0.00561106,
100000.00000000,6.00000000,67.60920811,727.00000000,0.00000000,10497.92110113,11287.29118799,10497.92110113,11287.29118799,11.49305155,7241.64343033,6.60644353,1247.52515756,11.46311567,6844.89868460,-0.03244785,-0.03176798,
100000.00000000,7.00000000,41.35696650,509.00000000,0.00000000,8008.74685846,12436.97341456,8008.74685846,12436.97341456,12.81451656,5335.92190773,6.37470355,4522.23460504,12.80323659,5232.83695998,-0.02660010,-0.02662724,
100000.00000000,8.00000000,89.81014991,969.00000000,0.00000000,9100.49555371,12266.08277248,9100.49555371,12266.08277248,14.40206206,6092.89438657,4.48629906,3337.35455245,14.24869288,5906.52061767,-0.02993199,-0.03003473,
100000.00000000,9.00000000,12.90371871,107.00000000,0.00000000,171.98284561,17354.06281966,171.98284561,17354.06281966,15.68135412,153.18577478,5.97158568,17176.31172435,15.73873294,152.84899735,-0.00003116,-0.00003192,
10000.00000000,1.00000000,50.46661282,455.00000000,0.00000000,1067.66026582,13871.22274358,1067.66026582,13871.22274358,12.57523560,496.42575208,4.93370755,12791.74718164,12.59789382,498.79229022,-0.05586593,-0.05631517,
10000.00000000,10.00000000,49.54270530,472.00000000,0.00000000,2572.02138017,5662.75518685,2572.02138017,5662.75518685,12.01990538,881.50092052,4.14097607,3142.70147232,11.78714280,824.64318525,-0.16785006,-0.16794824,
10000.00000000,11.00000000,141.59101367,668.00000000,0.00000000,1769.36474747,10405.53445687,1769.36474747,10405.53445687,12.53126707,815.41682781,3.13410190,8649.46579255,12.34870848,803.65286312,-0.09414167,-0.09369330,
10000.00000000,12.00000000,33.66116095,366.00000000,0.00000000,1072.35817864,11826.13517189,1072.35817864,11826.13517189,11.30193175,640.96777682,6.33976827,10700.15485808,11.52576206,678.52029944,-0.04200885,-0.04295945,
10000.00000000,13.00000000,94.63238764,406.00000000,0.00000000,1692.73244967,10673.48301599,1692.73244967,10673.48301599,10.43938255,796.34496232,5.36996692,8954.96628282,10.42760345,806.11177104,-0.08859481,-0.08966074,
10000.00000000,14.00000000,113.62732124,761.00000000,0.00000000,3523.68734757,3566.66671078,3523.68734757,3566.66671078,10.97009884,1084.32276492,3.46724455,30.26098972,11.19109582,1084.17389805,-0.24283945,-0.24375735,
10000.00000000,15.00000000,69.86395240,340.00000000,0.00000000,976.94636765,15109.01655548,976.94636765,15109.01655548,12.78694589,421.44759183,5.24128275,14181.74584488,12.87914336,390.95024970,-0.05427118,-0.05182000,
10000.00000000,16.00000000,80.96880794,595.00000000,0.00000000,3519.09199439,3567.68788024,3519.09199439,3567.68788024,9.44175961,1064.00490047,5.11485227,36.53402281,9.43230697,1088.86001123,-0.24456453,-0.24277467,
10000.00000000,17.00000000,98.10221338,721.00000000,0.00000000,3521.55522029,3564.30752397,3521.55522029,3564.30752397,10.27863433,1067.34989021,4.25393899,36.46360023,10.33461038,1081.82487941,-0.24439267,-0.24314305,
10000.00000000,18.00000000,132.02866197,749.00000000,0.00000000,3582.23694878,3507.93758940,3582.23694878,3507.93758940,11.52233919,1098.21348437,2.96336215,0.20093349,11.54530147,1032.61959891,-0.24725011,-0.24606084,
10000.00000000,19.00000000,51.84001541,567.00000000,0.00000000,3465.10882720,3664.38192651,3465.10882720,3664.38192651,9.75807943,1074.32684625,4.75275812,41.82106171,9.78277467,1165.02756029,-0.23810239,-0.24429978,
10000.00000000,2.00000000,50.58013988,419.00000000,0.00000000,3210.90823316,3926.78941756,3210.90823316,3926.78941756,10.74193156,1016.75840000,3.80529606,617.85665214,10.82889096,1091.87595169,-0.21834079,-0.22024226,
10000.00000000,20.00000000,146.50948453,717.00000000,0.00000000,3536.35322168,3575.06897049,3536.35322168,3575.06897049,8.32540918,1089.87734816,6.13865932,9.88964071,8.45048666,1104.19326569,-0.24381505,-0.24463969,
10000.00000000,3.00000000,83.24775219,660.00000000,0.00000000,3478.92465146,3593.10116298,3478.92465146,3593.10116298,10.19010671,1065.58091374,4.35996743,69.09000408,10.25420965,1091.10135408,-0.24031536,-0.24182956,
10000.00000000,4.00000000,56.51574063,408.00000000,0.00000000,1712.01845085,10603.10424540,1712.01845085,10603.10424540,10.15149329,789.12363627,5.57000843,8869.26595123,10.30677488,805.00648451,-0.09127433,-0.09129550,
10000.00000000,5.00000000,47.52560616,508.00000000,0.00000000,944.32244565,14673.42312690,944.32244565,14673.42312690,11.86176443,411.37121889,6.29171327,13713.15934637,11.66350691,410.27743684,-0.05210895,-0.05320311,
10000.00000000,6.00000000,67.23820043,596.00000000,0.00000000,3282.99863191,3775.84535496,3282.99863191,3775.84535496,10.14391267,1033.51507106,4.40191334,610.57410743,10.19319534,960.81867204,-0.22393396,-0.21898575,
10000.00000000,7.00000000,46.68861151,515.00000000,0.00000000,2476.97468210,6085.65502460,2476.97468210,6085.65502460,10.94611687,829.89456229,5.47812804,3640.05253079,10.93744278,802.62519302,-0.16361340,-0.16265617,
10000.00000000,8.00000000,109.62826800,893.00000000,0.00000000,2803.06173585,5778.61539367,2803.06173585,5778.61539367,12.80731268,893.17131349,3.33586359,3037.09272299,12.73904666,840.94086224,-0.18970831,-0.18845069,
10000.00000000,9.00000000,18.97148776,158.00000000,0.00000000,149.61367953,16155.92092610,149.61367953,16155.92092610,15.27409999,114.34312871,5.64938715,16001.27435819,15.33118795,113.26926727,-0.00199965,-0.00203967,
1000.00000000,1.00000000,45.44269729,323.00000000,0.00000000,250.58628176,7327.37951118,250.58628176,7327.37951118,9.75969405,59.70959781,4.19308803,7071.86001300,9.88197134,60.01420553,-0.18111699,-0.18143023,
1000.00000000,10.00000000,41.30444837,389.00000000,0.00000000,458.04552695,1495.76421056,458.04552695,1495.76421056,10.30166765,68.46667829,4.82343857,1044.95303409,10.20561212,61.13626320,-0.37927718,-0.37464586,
1000.00000000,11.00000000,47.00821829,444.00000000,0.00000000,369.81205663,3930.48383768,369.81205663,3930.48383768,11.26106220,63.13866642,2.18968680,3562.64117987,11.17263245,60.31217354,-0.29541233,-0.29416817,
1000.00000000,12.00000000,31.67041826,355.00000000,0.00000000,292.11533770,4748.64871473,292.11533770,4748.64871473,8.60432722,72.75706852,5.60726231,4441.20383520,8.78128062,77.22131806,-0.21075394,-0.21583502,
1000.00000000,13.00000000,56.94070649,444.00000000,0.00000000,359.65968378,4084.87905920,359.65968378,4084.87905920,8.99234350,64.95095631,4.43142042,3718.28603623,8.97721481,65.08648986,-0.28571638,-0.28809790,
1000.00000000,14.00000000,154.13962245,682.00000000,0.00000000,549.09760216,556.20548573,549.09760216,556.20548573,10.07593524,50.37350517,5.21845482,0.98812153,10.39960374,50.01810783,-0.48864816,-0.48958120,
1000.00000000,15.00000000,44.29510403,439.00000000,0.00000000,223.07919981,10340.70058464,223.07919981,10340.70058464,10.97705799,56.25723908,3.55181972,10122.60589898,11.11270762,52.10898982,-0.15584490,-0.15132117,
1000.00000000,16.00000000,65.70253634,557.00000000,0.00000000,540.87028266,564.00127633,540.87028266,564.00127633,9.47375185,46.75288590,5.98294273,14.54047935,9.28165728,49.86257553,-0.48464364,-0.48433362,
1000.00000000,17.00000000,87.20813060,521.00000000,0.00000000,541.71211967,563.58027280,541.71211967,563.58027280,9.85458015,47.27254119,5.53368972,14.50252701,9.95550208,50.14640959,-0.48458500,-0.48344214,
1000.00000000,18.00000000,57.73450112,640.00000000,0.00000000,555.77135978,547.31170001,555.77135978,547.31170001,11.41845644,50.44202810,3.96841816,0.00000000,11.49824169,43.65482924,-0.49391088,-0.48819021,
1000.00000000,19.00000000,34.73292661,430.00000000,0.00000000,542.43010925,570.04287329,542.43010925,570.04287329,10.31682623,51.04697256,5.03241828,1.13671108,10.37548796,57.89538423,-0.48106631,-0.49560287,
1000.00000000,2.00000000,90.48758101,556.00000000,0.00000000,513.45238792,722.34073919,513.45238792,722.34073919,9.33816537,53.81817248,5.55742815,187.73920326,9.24483609,62.45477007,-0.45029605,-0.45734450,
1000.00000000,20.00000000,57.09907722,591.00000000,0.00000000,547.08545371,557.35442336,547.08545371,557.35442336,7.95799651,49.73652180,7.50063588,0.00000000,8.09841356,49.46662898,-0.48939094,-0.49228874,
1000.00000000,3.00000000,38.64316630,473.00000000,0.00000000,540.44698506,567.50250567,540.44698506,567.50250567,11.24152129,49.06328828,4.01363436,16.61722355,11.34358893,52.62830340,-0.48014218,-0.48289976,
1000.00000000,4.00000000,52.99669337,371.00000000,0.00000000,354.14516929,4135.71733884,354.14516929,4135.71733884,9.59366527,59.21723362,3.91781928,3773.03531588,9.69976211,62.09079866,-0.28533427,-0.28697364,
1000.00000000,5.00000000,32.48805141,311.00000000,0.00000000,208.40420307,9471.60342694,208.40420307,9471.60342694,9.61790726,44.99927211,5.34511124,9256.84793200,9.44297153,44.35940862,-0.15378702,-0.15560800,
1000.00000000,6.00000000,49.83224893,624.00000000,0.00000000,525.56518220,696.14559304,525.56518220,696.14559304,10.25330399,55.41283525,4.56666584,183.63635859,10.32181965,48.79076050,-0.45989904,-0.44882999,
1000.00000000,7.00000000,32.33684206,302.00000000,0.00000000,432.32523463,2116.14862033,432.32523463,2116.14862033,10.28168926,64.68429306,5.03277187,1685.79514182,10.21035217,61.75992726,-0.35735925,-0.35335043,
1000.00000000,8.00000000,35.85948563,386.00000000,0.00000000,462.44366469,2035.51726753,462.44366469,2035.51726753,13.07061804,53.52473239,2.53757300,1582.39626445,13.06636528,46.92898250,-0.39584831,-0.39058808,
1000.00000000,9.00000000,16.63308096,159.00000000,0.00000000,80.47299946,11806.52632212,80.47299946,11806.52632212,13.60909935,33.64310300,4.47040660,11722.37718913,13.67076444,32.56799889,-0.03322080,-0.03343996,
100.00000000,1.00000000,20.47684860,160.00000000,0.00000000,43.25196816,3544.25351110,43.25196816,3544.25351110,8.30298979,2.65018038,4.03420517,3496.68297330,8.49358180,2.85125181,-0.32298798,-0.32191499,
100.00000000,10.00000000,17.98744631,170.00000000,0.00000000,63.88276433,334.37601539,63.88276433,334.37601539,8.44150085,1.94517095,5.70863361,266.25499263,8.42899696,1.38123519,-0.53496093,-0.52602157,
100.00000000,11.00000000,49.72462535,275.00000000,0.00000000,55.28763324,2058.39880405,55.28763324,2058.39880405,9.73006184,1.84729737,2.20592039,2001.49612996,9.72481866,1.48023424,-0.43710274,-0.43491701,
100.00000000,12.00000000,13.29761267,131.00000000,0.00000000,46.83455472,2156.45964352,46.83455472,2156.45964352,7.03020075,2.20753578,5.53048392,2102.81628916,7.15328226,2.57623251,-0.37596818,-0.38383356,
100.00000000,13.00000000,27.27766800,172.00000000,0.00000000,52.88920964,2028.00320610,52.88920964,2028.00320610,7.75591871,1.94179569,4.25245199,1970.63873533,7.77292220,1.87624555,-0.43191495,-0.43462851,
100.00000000,14.00000000,43.61492729,319.00000000,0.00000000,69.68818675,75.98374771,69.68818675,75.98374771,8.45993452,1.21282632,5.86459108,0.00000000,8.80805128,1.20190460,-0.60015426,-0.60109201,
100.00000000,15.00000000,24.91017222,231.00000000,0.00000000,42.61680053,5631.78482645,42.61680053,5631.78482645,9.18058959,3.46628775,2.70866671,5587.23220957,9.42556300,2.90948197,-0.29969923,-0.29508905,
100.00000000,16.00000000,21.29744864,242.00000000,0.00000000,68.01981302,84.97457323,68.01981302,84.97457323,8.09208050,1.12744748,6.22542973,10.50275422,7.89686658,1.44888201,-0.58800285,-0.58900641,
100.00000000,17.00000000,38.91448784,320.00000000,0.00000000,68.40852631,87.05513287,68.40852631,87.05513287,8.53176249,1.13143716,5.86222329,10.81346984,8.65115468,3.13848072,-0.58745327,-0.58589804,
100.00000000,18.00000000,40.64223337,371.00000000,0.00000000,71.56715203,74.98138025,71.56715203,74.98138025,9.72043523,1.19673684,4.62834025,0.00000000,9.88340937,0.68297288,-0.60649980,-0.59786658,
100.00000000,19.00000000,27.57278442,284.00000000,0.00000000,69.70113668,77.20269002,69.70113668,77.20269002,9.14655169,1.28492650,5.06476645,0.00000000,9.22258593,1.84214903,-0.59269658,-0.61073189,
100.00000000,2.00000000,27.47795510,234.00000000,0.00000000,66.30974506,148.59692432,66.30974506,148.59692432,8.04906497,1.38282961,6.52150263,73.84057986,7.98965570,2.35335628,-0.56877850,-0.57891830,
100.00000000,20.00000000,54.28803349,382.00000000,0.00000000,67.92687697,76.16449571,67.92687697,76.16449571,6.92537016,1.28916739,7.84442922,0.00000000,7.05802260,1.23231691,-0.59712339,-0.60029727,
100.00000000,3.00000000,93.86915779,405.00000000,0.00000000,69.89146943,86.10997442,69.89146943,86.10997442,9.86370795,1.21895749,3.85850891,11.26452002,9.96247075,1.84565238,-0.58808804,-0.59178822,
100.00000000,4.00000000,23.30895782,216.00000000,0.00000000,51.97447767,2126.29433863,51.97447767,2126.29433863,8.76751881,1.66583580,3.35569616,2070.20632475,8.86649664,1.99123526,-0.41541123,-0.41874586,
100.00000000,5.00000000,23.94315481,219.00000000,0.00000000,36.08323872,5453.32359095,36.08323872,5453.32359095,7.91937979,1.91211597,4.87574709,5412.39276116,7.77490134,1.77721262,-0.26251743,-0.26502969,
100.00000000,6.00000000,20.12694931,216.00000000,0.00000000,68.78284130,143.65044646,68.78284130,143.65044646,9.10801836,1.50729365,5.05706583,71.73240446,9.15591469,1.01218665,-0.58167529,-0.56692875,
100.00000000,7.00000000,34.27746820,200.00000000,0.00000000,61.91253496,614.86637349,61.91253496,614.86637349,9.07339086,2.31363465,4.98620475,548.96135323,8.94634349,2.06693059,-0.50525509,-0.49905541,
100.00000000,8.00000000,38.26754498,284.00000000,0.00000000,64.74403296,697.71322200,64.74403296,697.71322200,10.90476701,1.68322754,2.31810287,631.97122339,10.99217110,1.14603770,-0.52156038,-0.51285687,
100.00000000,9.00000000,12.19683051,94.00000000,0.00000000,25.85959944,6827.98670650,25.85959944,6827.98670650,10.49471445,2.23133506,3.22023369,6799.08901132,10.57335681,1.96443055,-0.13133550,-0.13139674,
10.00000000,1.00000000,11.83077407,85.00000000,0.00000000,9.60051647,2488.49840650,9.60051647,2488.49840650,3.90136938,0.04038155,4.39446485,2474.33377100,3.95695504,0.09659124,-0.56587655,-0.57166244,
10.00000000,10.00000000,9.41076136,74.00000000,0.00000000,11.51774789,160.43214223,11.51774789,160.43214223,4.08224686,0.02070315,5.69494380,143.14594116,4.07363449,0.13191119,-0.74147979,-0.73857116,
10.00000000,11.00000000,13.49013805,142.00000000,0.00000000,11.23303955,2264.65671702,11.23303955,2264.65671702,4.37468245,0.02290974,2.57389285,2250.35251523,5.33156442,0.03161455,-0.68354474,-0.63671300,
10.00000000,12.00000000,4.11138010,51.00000000,0.00000000,9.05165618,1780.28823746,9.05165618,1780.28823746,3.43545036,0.02618773,5.38773519,1765.41487825,3.43271161,0.33973624,-0.55900181,-0.57131762,
10.00000000,13.00000000,10.64627147,73.00000000,0.00000000,10.04159300,1862.78885829,10.04159300,1862.78885829,3.79185158,0.02377168,4.32871625,1848.32706598,3.90058642,0.02083831,-0.62259697,-0.62116513,
10.00000000,14.00000000,30.85972929,147.00000000,0.00000000,12.13824436,18.15912215,12.13824436,18.15912215,4.27459981,0.01527048,5.72313703,0.00000000,4.58209842,0.07702978,-0.78483741,-0.77768569,
10.00000000,15.00000000,7.25264931,73.00000000,0.00000000,10.06237552,4417.35722574,10.06237552,4417.35722574,4.31118983,0.05946999,3.06482898,4403.56045425,5.52344296,0.04113800,-0.56917157,-0.51673615,
10.00000000,16.00000000,15.96731257,99.00000000,0.00000000,11.80446433,27.03393710,11.80446433,27.03393710,4.15337287,0.01370243,6.19086252,8.98484837,4.11297975,0.04730135,-0.76373890,-0.76979451,
10.00000000,17.00000000,23.26445484,170.00000000,0.00000000,11.97869719,34.30436889,11.97869719,34.30436889,4.01754691,0.01277733,5.25024387,12.45050610,6.11656712,1.32830815,-0.79483729,-0.91587436,
10.00000000,18.00000000,16.01595545,155.00000000,0.00000000,12.79117910,28.25964283,12.79117910,28.25964283,4.37834728,0.01244644,5.12978096,9.92665672,5.13574023,0.10721872,-0.84003854,-0.79602462,
10.00000000,19.00000000,17.32649660,167.00000000,0.00000000,12.05895846,21.82770046,12.05895846,21.82770046,3.72472714,0.02019217,4.76814429,4.26591538,4.18445832,0.27761702,-0.83140391,-0.83315654,
10.00000000,2.00000000,12.80030727,108.00000000,0.00000000,11.49242472,75.66422487,11.49242472,75.66422487,3.78388993,0.01427707,6.31734250,57.27388818,4.24226033,0.29404685,-0.76942577,-0.75366870,
10.00000000,20.00000000,16.50054836,132.00000000,0.00000000,11.08443744,28.25889338,11.08443744,28.25889338,3.54029532,0.01998007,7.26757833,9.72137307,3.60342911,0.06400514,-0.75241620,-0.76025077,
10.00000000,3.00000000,34.39907408,182.00000000,0.00000000,12.63651477,33.51039553,12.63651477,33.51039553,4.22466272,0.02036822,3.85985452,14.53543751,4.52977126,0.87722601,-0.83914838,-0.97081062,
10.00000000,4.00000000,8.59457088,74.00000000,0.00000000,10.62576804,1927.07133037,10.62576804,1927.07133037,4.29223374,0.02362934,2.91083951,1913.19570102,4.70182130,0.08534689,-0.63099050,-0.61776217,
10.00000000,5.00000000,9.98164582,100.00000000,0.00000000,8.73957569,3344.78246426,8.73957569,3344.78246426,4.03091302,0.01817981,4.41509928,3331.31541329,3.84678901,0.12667140,-0.46904829,-0.50784913,
10.00000000,6.00000000,21.40539622,207.00000000,0.00000000,12.49171929,72.95605123,12.49171929,72.95605123,4.45692853,0.01995805,4.39388649,55.83622647,5.18513100,0.01331771,-0.80148327,-0.75274896,
10.00000000,7.00000000,9.37178397,90.00000000,0.00000000,11.79388549,300.79304021,11.79388549,300.79304021,4.22905887,0.03418175,4.74243603,282.06842078,5.24911320,0.00111691,-0.75306449,-0.87319533,
10.00000000,8.00000000,12.29649758,117.00000000,0.00000000,12.26615608,380.33905729,12.26615608,380.33905729,4.04527052,0.02638042,2.44192020,365.19001616,3.68691972,0.38557836,-0.81945051,-0.86346229,
10.00000000,9.00000000,7.01101971,51.00000000,0.00000000,8.76229237,4881.70523485,8.76229237,4881.70523485,4.65703100,0.02291326,2.96554451,4869.54229512,5.52006032,0.00763256,-0.40823481,-0.36697023,
1.00000000,1.00000000,10.29695368,62.00000000,0.00000000,2.53089156,1293.52652762,2.53089156,1293.52652762,1.03589144,0.00018383,6.59003823,1283.06751887,1.73747431,0.64205728,-1.49481629,-1.48943893,
1.00000000,10.00000000,5.24846649,60.00000000,0.00000000,3.05427077,170.11980116,3.05427077,170.11980116,1.38966091,0.00018256,6.30120903,157.20190925,3.54317396,1.24491924,-1.66442730,-1.82858968,
1.00000000,11.00000000,11.30090284,93.00000000,0.00000000,3.19587711,2617.59419046,3.19587711,2617.59419046,1.55915194,0.00024149,3.62479153,2609.37428226,2.63195878,0.37000190,-1.63648369,-1.59315600,
1.00000000,12.00000000,4.47590852,50.00000000,0.00000000,2.58774267,1143.10485756,2.58774267,1143.10485756,1.29742137,0.00022257,5.82388766,1134.14343492,1.51129908,0.23865618,-1.29009873,-1.38757973,
1.00000000,13.00000000,5.69591522,53.00000000,0.00000000,2.79527093,1208.80238791,2.79527093,1208.80238791,1.30995359,0.00007629,4.46879182,1201.34107457,1.46084203,0.02646808,-1.48524105,-1.50521141,
1.00000000,14.00000000,15.54580450,89.00000000,0.00000000,3.27864401,27.01921638,3.27864401,27.01921638,1.50366711,0.00004656,6.34382575,0.00000000,3.37492149,15.51732369,-1.77493034,-1.78314545,
1.00000000,15.00000000,9.82144594,92.00000000,0.00000000,3.08144978,3380.52616100,3.08144978,3380.52616100,1.55949328,0.00032895,4.30054605,3372.30835360,2.35023476,0.00405544,-1.52162755,-1.56297116,
1.00000000,16.00000000,8.85453844,71.00000000,0.00000000,3.10352821,4299.72522879,3.10352821,4299.72522879,1.36357145,0.00016000,6.21683471,10.88822667,8.37226491,4271.86290648,-1.73979675,-2.38499601,
1.00000000,17.00000000,26.68128490,137.00000000,0.00000000,2.99947818,318.11843368,2.99947818,318.11843368,1.27922700,0.00012016,4.10557158,20.91072376,289.08453011,1.07746220,-1.72013102,-2.94014603,
1.00000000,18.00000000,14.37346959,114.00000000,0.00000000,3.43143266,821.08196734,3.43143266,821.08196734,1.68542349,0.00007561,6.38239390,7.90353291,114.77660538,689.50619539,-1.74593356,-2.51323976,
1.00000000,19.00000000,13.64718413,145.00000000,0.00000000,2.93329051,24.66904791,2.93329051,24.66904791,1.31015109,0.00056000,6.92770851,0.00000000,10.28331202,5.60766403,-1.62257942,-1.85036336,
1.00000000,2.00000000,12.45159245,134.00000000,0.00000000,2.94400150,26.81005815,2.94400150,26.81005815,1.28865834,0.00029279,7.06987224,16.46867658,1.59080179,0.04249157,-1.65505037,-1.63821597,
1.00000000,20.00000000,13.23051405,101.00000000,0.00000000,2.95182076,27.73564906,2.95182076,27.73564906,1.47547970,0.00036190,8.51357410,13.68473013,1.87119713,2.08262209,-1.47597916,-1.58352562,
1.00000000,3.00000000,22.64162493,145.00000000,0.00000000,2.98607472,43.18742717,2.98607472,43.18742717,1.15720837,0.00024818,5.78929401,17.84561535,15.27807740,1.84878213,-1.82861817,-2.42565828,
1.00000000,4.00000000,17.69439054,87.00000000,0.00000000,3.09879101,1227.24598249,3.09879101,1227.24598249,1.49893623,0.00027452,3.39827271,1219.44032244,2.77052200,0.02989648,-1.59958027,-1.60696886,
1.00000000,5.00000000,8.14856648,84.00000000,0.00000000,2.74654349,1436.77812121,2.74654349,1436.77812121,1.33742316,0.00005475,3.67134977,1413.34892569,8.20394062,9.92301490,-1.40906558,-1.63089023,
1.00000000,6.00000000,9.48972654,121.00000000,0.00000000,3.47719493,27.69111699,3.47719493,27.69111699,1.72245163,0.00017110,4.84645679,18.12157445,3.02455417,0.00000000,-1.75457221,-1.69853158,
1.00000000,7.00000000,12.35914230,101.00000000,0.00000000,3.14787228,343.47101530,3.14787228,343.47101530,1.50304215,0.00025682,6.59038939,156.51610805,175.01236914,2.33466478,-1.64457331,-3.01748394,
1.00000000,8.00000000,12.56923771,122.00000000,0.00000000,2.88969141,246.97464740,2.88969141,246.97464740,1.11928838,0.00031210,2.77610547,239.18109401,2.51330897,0.45415263,-1.77009093,-2.04998631,
1.00000000,9.00000000,13.68510818,72.00000000,0.00000000,2.95379968,3892.10143089,2.95379968,3892.10143089,1.48162757,0.00008479,2.93430211,3884.86199058,2.73427701,0.20699723,-1.47208732,-1.36386396,
20.00000000,1.00000000,14.21828628,99.00000000,0.00000000,14.56202198,2759.96521954,14.56202198,2759.96521954,5.45055939,0.16392189,4.15711934,2741.05575419,5.53683383,0.24202001,-0.44737704,-0.44867461,
20.00000000,10.00000000,7.79220986,88.00000000,0.00000000,18.36572498,182.79269980,18.36572498,182.79269980,5.35393554,0.08685340,5.69416538,158.94468501,5.32582653,0.06175803,-0.64624680,-0.63831324,
20.00000000,11.00000000,18.52772999,192.00000000,0.00000000,17.39437553,2128.73339297,17.39437553,2128.73339297,5.94155246,0.09743533,2.38184651,2108.69177114,6.57324313,0.17787695,-0.56776939,-0.54543276,
20.00000000,12.00000000,7.26096821,102.00000000,0.00000000,14.16066670,1880.81816091,14.16066670,1880.81816091,4.50025638,0.10748175,5.38220497,1860.71675288,4.51815647,0.44325604,-0.47764643,-0.48788953,
20.00000000,13.00000000,14.30714631,120.00000000,0.00000000,15.75444396,1902.23459603,15.75444396,1902.23459603,4.92964312,0.10182229,4.27327569,1882.10973800,5.01413827,0.08910916,-0.53614893,-0.53741675,
20.00000000,14.00000000,20.84733415,145.00000000,0.00000000,19.45967340,25.51635068,19.45967340,25.51635068,5.47577892,0.06003120,5.72837851,0.00000000,5.82851412,0.10465987,-0.69619316,-0.69273991,
20.00000000,15.00000000,14.52736545,110.00000000,0.00000000,15.06156888,4586.61449477,15.06156888,4586.61449477,5.84497325,0.22511579,2.84429065,4568.41019320,6.73576720,0.15843526,-0.44957399,-0.42329042,
20.00000000,16.00000000,25.66795588,173.00000000,0.00000000,18.92243790,35.12375619,18.92243790,35.12375619,5.32105270,0.05971759,6.17735615,9.98424009,5.23727873,0.12387501,-0.67708338,-0.68005031,
20.00000000,17.00000000,27.91664195,206.00000000,0.00000000,19.29304391,38.44783442,19.29304391,38.44783442,5.48865886,0.05939453,5.51571054,11.89255544,5.26803991,1.55329331,-0.68724953,-0.71091176,
20.00000000,18.00000000,21.54195023,214.00000000,0.00000000,20.52810925,30.50553114,20.52810925,30.50553114,5.94410393,0.05932097,4.88431713,5.02547850,6.56800646,0.03120691,-0.72623422,-0.69982611,
20.00000000,19.00000000,37.10564923,162.00000000,0.00000000,19.71050675,27.82361758,19.71050675,27.82361758,5.30434999,0.07258969,4.72604741,2.66260334,5.62770084,0.29361972,-0.71667835,-0.72568231,
20.00000000,2.00000000,19.47760940,172.00000000,0.00000000,18.61745036,86.47436318,18.61745036,86.47436318,5.12345223,0.07013667,6.38452875,60.82866677,5.37366659,0.44776112,-0.67119307,-0.67198700,
20.00000000,20.00000000,13.42609501,151.00000000,0.00000000,18.17963341,29.83322660,18.17963341,29.83322660,4.50625596,0.07273656,7.41413498,4.05943379,4.57399851,0.08678257,-0.68003204,-0.68494384,
20.00000000,3.00000000,32.09710121,255.00000000,0.00000000,20.27816515,38.02189743,20.27816515,38.02189743,5.98076558,0.06720548,3.81818022,13.24569894,5.43595054,0.58190540,-0.71150970,-0.74700812,
20.00000000,4.00000000,19.32005763,106.00000000,0.00000000,16.31541319,1998.89800632,16.31541319,1998.89800632,5.71741934,0.08977377,3.02264512,1979.24065252,6.02937326,0.17735288,-0.52541100,-0.52139913,
20.00000000,5.00000000,12.53797865,129.00000000,0.00000000,12.81696004,3971.42975770,12.81696004,3971.42975770,5.43552213,0.09003314,4.61419706,3954.01680446,5.06399224,0.10624930,-0.36457024,-0.38142573,
20.00000000,6.00000000,22.46806502,225.00000000,0.00000000,19.86438194,83.56120813,19.86438194,83.56120813,5.95047116,0.07960204,4.65677773,59.23220496,6.39488937,0.02754803,-0.69171544,-0.66248940,
20.00000000,7.00000000,10.36528039,135.00000000,0.00000000,18.61279648,355.73513238,18.61279648,355.73513238,5.84453041,0.13564676,4.77546828,332.44387900,5.23314222,0.04438864,-0.63163097,-0.66191271,
20.00000000,8.00000000,17.71392679,189.00000000,0.00000000,19.64252255,438.25130476,19.64252255,438.25130476,5.97906322,0.10040012,2.36819917,416.23285506,5.79276152,0.27906032,-0.67815296,-0.67892143,
20.00000000,9.00000000,6.80389929,56.00000000,0.00000000,12.08220223,5258.01742275,12.08220223,5258.01742275,6.42440638,0.10967060,2.98620100,5242.78589598,6.97143074,0.06214288,-0.27740626,-0.26058761,
2.00000000,1.00000000,10.93665242,73.00000000,0.00000000,3.79151850,1659.82731973,3.79151850,1659.82731973,1.60280669,0.00087804,5.78202483,1649.85974259,1.97148451,0.05040777,-1.09391689,-1.08183001,
2.00000000,10.00000000,5.19924140,61.00000000,0.00000000,4.45881528,158.51340723,4.45881528,158.51340723,2.00218845,0.00054279,6.00551227,146.11851514,2.56587358,1.27454376,-1.22804202,-1.27448124,
2.00000000,11.00000000,11.13174629,110.00000000,0.00000000,4.56669662,2544.99964820,4.56669662,2544.99964820,2.18616904,0.00061057,3.33533457,2535.83629329,3.25042890,0.31634699,-1.18995851,-1.13062223,
2.00000000,12.00000000,5.22461915,52.00000000,0.00000000,3.66974441,1348.85968742,3.66974441,1348.85968742,1.78272776,0.00086072,5.67012856,1339.11285967,1.80487230,0.30879264,-0.94307796,-0.98151713,
2.00000000,13.00000000,9.67365074,56.00000000,0.00000000,4.03277788,1480.98288655,4.03277788,1480.98288655,1.89148577,0.00077588,4.40840696,1472.41679544,1.99324009,0.02444995,-1.07025811,-1.06999706,
2.00000000,14.00000000,11.38310122,77.00000000,0.00000000,4.75911616,14.22893236,4.75911616,14.22893236,2.19707141,0.00102718,6.03245939,0.00000000,2.63181956,2.99791707,-1.28050879,-1.28336817,
2.00000000,15.00000000,9.76320863,90.00000000,0.00000000,4.32825231,3791.55495857,4.32825231,3791.55495857,2.19853104,0.00198569,3.89695031,3782.44458867,3.13993620,0.00075807,-1.06386779,-1.03636266,
2.00000000,16.00000000,16.71437001,61.00000000,0.00000000,4.56453408,323.28439417,4.56453408,323.28439417,2.02395281,0.00034830,6.35041096,6.88448151,2.28788108,304.89897505,-1.27011649,-1.43132279,
2.00000000,17.00000000,12.79942250,142.00000000,0.00000000,4.46171493,90.05782982,4.46171493,90.05782982,1.88860941,0.00031892,4.56103396,13.16127912,67.20970682,1.38478278,-1.28639330,-1.87051357,
2.00000000,18.00000000,16.83478093,120.00000000,0.00000000,4.92210779,98.06166703,4.92210779,98.06166703,2.28298882,0.00014617,6.05727595,11.77049370,13.18544366,64.08931945,-1.31948640,-1.47956713,
2.00000000,19.00000000,20.29143333,117.00000000,0.00000000,4.34123089,14.04458005,4.34123089,14.04458005,1.81601323,0.00099556,5.81364461,0.42098140,3.82381555,1.32840388,-1.26211105,-1.32886731,
2.00000000,2.00000000,17.84983230,135.00000000,0.00000000,4.33091763,42.32106422,4.33091763,42.32106422,1.91041083,0.00049565,6.69511573,30.99417953,2.16890642,0.07562588,-1.21000558,-1.19361833,
2.00000000,20.00000000,13.62186575,91.00000000,0.00000000,4.21620554,28.48965726,4.21620554,28.48965726,1.96954959,0.00103853,7.73800952,15.44197212,2.16956756,0.82681754,-1.12280871,-1.15664526,
2.00000000,3.00000000,18.57039547,138.00000000,0.00000000,4.56449945,49.59177528,4.56449945,49.59177528,1.76416708,0.00055822,4.73067957,17.18932091,20.07926587,3.76905770,-1.39988707,-1.91172561,
2.00000000,4.00000000,15.65520167,100.00000000,0.00000000,4.41728069,1452.60017978,4.41728069,1452.60017978,2.15559979,0.00078844,3.05902219,1444.62294855,2.65082246,0.02773713,-1.13044623,-1.11982472,
2.00000000,5.00000000,17.85133672,96.00000000,0.00000000,3.87723207,1898.97615646,3.87723207,1898.97615646,1.98528160,0.00037659,3.80792484,1886.38333309,3.85773612,2.79501586,-0.94578695,-1.06607327,
2.00000000,6.00000000,21.38043404,107.00000000,0.00000000,4.94677273,40.58503579,4.94677273,40.58503579,2.37918913,0.00081813,4.43307846,30.33406604,3.37597321,0.00000000,-1.28338273,-1.22095904,
2.00000000,7.00000000,17.77554584,85.00000000,0.00000000,4.55411285,245.80785451,4.55411285,245.80785451,2.06514393,0.00098913,5.71628957,201.15057564,33.25237752,2.14554515,-1.24398989,-1.77153332,
2.00000000,8.00000000,31.26094460,146.00000000,0.00000000,4.40388285,292.45836922,4.40388285,292.45836922,1.72232446,0.00107223,2.64634278,283.62030162,2.82589104,0.33465925,-1.34024308,-1.51558727,
2.00000000,9.00000000,12.73173022,53.00000000,0.00000000,4.13385085,4197.90525795,4.13385085,4197.90525795,2.17213105,0.00053265,2.93181877,4189.94977544,3.23864203,0.00000000,-0.98059358,-0.89251085,
50.00000000,1.00000000,20.18813467,120.00000000,0.00000000,26.30087729,3129.18453270,26.30087729,3129.18453270,7.43551645,0.85063673,4.04588450,3098.59049564,7.60584075,0.99455582,-0.36029448,-0.35895512,
50.00000000,10.00000000,16.22540450,163.00000000,0.00000000,36.35255210,243.96377065,36.35255210,243.96377065,7.22131710,0.55298804,5.73445576,202.59085841,7.21422561,0.31779710,-0.57156494,-0.56212868,
50.00000000,11.00000000,20.36867380,226.00000000,0.00000000,32.64270292,2015.43712074,32.64270292,2015.43712074,8.36643089,0.54030267,2.25273939,1980.37163830,8.47204172,0.78874450,-0.47471939,-0.47103914,
50.00000000,12.00000000,10.47784925,95.00000000,0.00000000,27.26070530,1989.33470082,27.26070530,1989.33470082,6.05587876,0.64776122,5.46526407,1955.89366402,6.13288469,0.86277004,-0.41114131,-0.41960236,
50.00000000,13.00000000,13.27121568,154.00000000,0.00000000,30.55007588,1930.62529143,30.55007588,1930.62529143,6.62732511,0.58072597,4.24382049,1895.69711367,6.66931719,0.54573446,-0.46684050,-0.46938611,
50.00000000,14.00000000,33.28038144,248.00000000,0.00000000,39.07767226,45.28324612,39.07767226,45.28324612,7.28010155,0.32438343,5.82132058,0.00000000,7.63848850,0.34354234,-0.62946375,-0.62959789,
50.00000000,15.00000000,21.51800537,166.00000000,0.00000000,26.61448235,5012.85743384,26.61448235,5012.85743384,8.08414864,1.16035499,2.71379254,4983.73878253,8.44859867,0.90431047,-0.34739957,-0.34103899,
50.00000000,16.00000000,19.26178622,238.00000000,0.00000000,38.05932572,54.73601628,38.05932572,54.73601628,6.98202921,0.31594752,6.20830285,10.38366613,6.82738696,0.47404393,-0.61522698,-0.61685233,
50.00000000,17.00000000,33.38439798,232.00000000,0.00000000,38.48092111,56.99160918,38.48092111,56.99160918,7.45510165,0.30863277,5.76900275,11.00446828,7.54927735,2.03113133,-0.61434373,-0.61275459,
50.00000000,18.00000000,27.06096959,226.00000000,0.00000000,40.60648974,45.26825477,40.60648974,45.26825477,8.36250931,0.34826947,4.72038632,0.41973363,8.62300398,0.13858064,-0.63791422,-0.62733100,
50.00000000,19.00000000,24.65011811,204.00000000,0.00000000,39.42238041,45.77075107,39.42238041,45.77075107,7.81108263,0.38385165,4.90748148,0.12448059,7.92046246,0.71049252,-0.62454892,-0.64215668,
50.00000000,2.00000000,24.73840117,210.00000000,0.00000000,37.29343903,111.10955563,37.29343903,111.10955563,7.08133244,0.39723698,6.51854331,66.24243647,7.05526228,0.97434910,-0.59629739,-0.60637929,
50.00000000,20.00000000,53.82334995,331.00000000,0.00000000,37.51463057,45.69085290,37.51463057,45.69085290,5.97065816,0.37893129,7.69856501,0.21672741,6.08038018,0.36018813,-0.62330082,-0.62669984,
50.00000000,3.00000000,29.86796260,217.00000000,0.00000000,39.83434626,56.16863360,39.83434626,56.16863360,8.47683275,0.36345707,3.82457910,11.75325581,8.45365634,0.87189228,-0.61988113,-0.62530500,
50.00000000,4.00000000,20.67353654,158.00000000,0.00000000,30.55101510,2033.63220814,30.55101510,2033.63220814,7.72609484,0.49835764,3.21883449,1999.40776734,7.85336157,0.66826538,-0.44653125,-0.44967959,
50.00000000,5.00000000,16.70808005,170.00000000,0.00000000,22.32763807,4761.09484498,22.32763807,4761.09484498,7.15915572,0.57016183,4.78352290,4734.04649806,6.98542816,0.51050823,-0.29196641,-0.29537775,
50.00000000,6.00000000,16.06542397,188.00000000,0.00000000,39.05938410,107.41833540,39.05938410,107.41833540,8.03025003,0.44152528,4.96706088,64.29936856,8.13123681,0.23808591,-0.61175218,-0.59565166,
50.00000000,7.00000000,16.90739703,147.00000000,0.00000000,35.84526498,469.47830982,35.84526498,469.47830982,7.98770893,0.71412060,4.91993896,429.29229101,7.78849713,0.57687376,-0.54286871,-0.53801418,
50.00000000,8.00000000,35.81975603,213.00000000,0.00000000,37.80005037,553.78762770,37.80005037,553.78762770,9.06129873,0.52046163,2.32218701,514.15771800,9.16735864,0.40144938,-0.56436580,-0.55477829,
50.00000000,9.00000000,18.54687476,83.00000000,0.00000000,18.41034647,5986.87429529,18.41034647,5986.87429529,9.03780542,0.69158686,3.06668849,5965.44538234,9.16212866,0.54978233,-0.17361908,-0.17300627,
5.00000000,1.00000000,10.55111241,70.00000000,0.00000000,6.41653941,2150.96454412,6.41653941,2150.96454412,2.71693059,0.00875087,4.86179239,2139.54105774,2.84527997,0.02282539,-0.73817159,-0.73871773,
5.00000000,10.00000000,15.37051606,75.00000000,0.00000000,7.50896351,151.87387242,7.50896351,151.87387242,3.05384531,0.00453333,5.77514907,138.13380448,3.16277631,0.31715446,-0.89011697,-0.89699762,
5.00000000,11.00000000,12.95566058,112.00000000,0.00000000,7.48660960,2399.08093188,7.48660960,2399.08093188,3.26670446,0.00569387,2.86348090,2387.96914737,4.32566118,0.01623042,-0.84284225,-0.78128240,
5.00000000,12.00000000,5.33374906,54.00000000,0.00000000,6.00778205,1619.94015789,6.00778205,1619.94015789,2.59956150,0.00616867,5.47592691,1608.09420977,2.58832912,0.29576840,-0.68041038,-0.69718474,
5.00000000,13.00000000,9.46792555,77.00000000,0.00000000,6.65528316,1752.98273540,6.65528316,1752.98273540,2.86156506,0.00523895,4.37922678,1741.83220896,2.97394668,0.03185259,-0.75769583,-0.75310008,
5.00000000,14.00000000,17.06340218,111.00000000,0.00000000,7.92806264,14.14906309,7.92806264,14.14906309,3.28874852,0.00330346,5.80092138,0.00000000,3.53695737,0.21476002,-0.92720213,-0.91928486,
5.00000000,15.00000000,13.78794336,99.00000000,0.00000000,6.88704720,4210.96136055,6.88704720,4210.96136055,3.23816474,0.01390068,3.38675494,4199.77501860,4.46630150,0.01177879,-0.72699636,-0.66430134,
5.00000000,16.00000000,14.41273808,85.00000000,0.00000000,7.69382631,21.66165970,7.69382631,21.66165970,3.14079623,0.00305457,6.25418254,7.65838628,3.06976944,0.02215715,-0.90999510,-0.93143286,
5.00000000,17.00000000,17.50479126,158.00000000,0.00000000,7.68776456,40.47245283,7.68776456,40.47245283,2.94156920,0.00349769,4.98411148,12.47539020,15.55279385,1.36445134,-0.94853953,-1.21914119,
5.00000000,18.00000000,23.98845220,155.00000000,0.00000000,8.27168612,28.71380114,8.27168612,28.71380114,3.29877779,0.00367400,5.49259330,12.85350058,4.10749172,1.46918669,-0.99384686,-0.95820577,
5.00000000,19.00000000,14.79406166,136.00000000,0.00000000,7.59678849,16.95181307,7.59678849,16.95181307,2.70994531,0.00520268,5.03882477,3.20562847,3.35084664,0.42782314,-0.97632810,-0.98573801,
5.00000000,2.00000000,12.75201368,95.00000000,0.00000000,7.37344864,67.19314467,7.37344864,67.19314467,2.86362153,0.00367615,6.36002637,52.95714636,3.31403245,0.18337664,-0.90123019,-0.87571257,
5.00000000,20.00000000,19.65958714,117.00000000,0.00000000,7.09584627,29.90660108,7.09584627,29.90660108,2.77126726,0.00510588,7.29901019,14.73179514,2.87010262,0.61277666,-0.86389463,-0.87858329,
5.00000000,3.00000000,20.47128177,141.00000000,0.00000000,8.06375106,37.37550135,8.06375106,37.37550135,2.95268353,0.00415506,4.04819411,15.74209074,9.00424741,1.95758621,-1.02138250,-1.32467657,
5.00000000,4.00000000,10.72311974,65.00000000,0.00000000,7.15661368,1762.35567342,7.15661368,1762.35567342,3.22927900,0.00560240,2.89637096,1751.91603066,3.66006465,0.04846243,-0.78434646,-0.76694894,
5.00000000,5.00000000,9.17158031,89.00000000,0.00000000,6.09084155,2690.40681864,6.09084155,2690.40681864,3.00778096,0.00312942,4.15542663,2679.32279940,3.27752434,0.27330298,-0.61598623,-0.67555306,
5.00000000,6.00000000,14.02516985,122.00000000,0.00000000,8.17197691,64.53507074,8.17197691,64.53507074,3.40711189,0.00490239,4.25250450,51.53082511,4.28628427,0.00567447,-0.95199253,-0.89195648,
5.00000000,7.00000000,10.88327932,101.00000000,0.00000000,7.68407045,263.67531547,7.68407045,263.67531547,3.08626259,0.00776769,4.95142918,243.36533548,9.45492342,0.12801453,-0.91800803,-1.15512257,
5.00000000,8.00000000,11.32044291,118.00000000,0.00000000,7.79112843,338.66395799,7.79112843,338.66395799,2.79491629,0.00693408,2.52913426,326.98600492,3.06979816,0.57150610,-0.99785561,-1.10150291,
5.00000000,9.00000000,8.69244003,46.00000000,0.00000000,6.34745445,4564.83773807,6.34745445,4564.83773807,3.39419847,0.00429320,2.94983912,4554.85517928,4.38134851,0.00000000,-0.58979256,-0.53027423,