alpha,seed,time,niter,nfail,train_lossf,test_lossf,train_lossf[0],test_lossf[0],errorf[0][0],errorf[0][1],errorf1[0][0],errorf1[0][1],errorf2[0][0],errorf2[0][1],train_Srel[0],test_Srel[0],
inf,1.00000000,0.00000000,0.00000000,0.00000000,80.54915558,96.58482546,80.54915558,96.58482546,11.15648596,69.39266963,4.75593772,0.00000000,11.14888271,80.68000503,0.00000000,-0.00000000,
0.00000000,1.00000000,1566.86553502,855.00000000,1.00000000,462.46662583,573.53408720,462.46662583,573.53408720,33.68303029,428.78359553,30.06942109,231.98308518,311.48158093,0.00000000,2251799813685248.00000000,4503599627370496.00000000,alpha,seed,time,niter,nfail,train_lossf,test_lossf,train_lossf[0],test_lossf[0],errorf[0][0],errorf[0][1],errorf1[0][0],errorf1[0][1],errorf2[0][0],errorf2[0][1],train_Srel[0],test_Srel[0],
inf,10.00000000,0.00000000,0.00000000,0.00000000,48.21352064,84.06639503,48.21352064,84.06639503,7.35934569,40.85417495,8.56245060,34.68107029,7.32366024,33.49921389,0.00000000,0.00000000,
0.00000000,10.00000000,1988.18002677,852.00000000,1.00000000,318.68922571,17182.09752845,318.68922571,17182.09752845,311.81437263,6.87485309,45.04761352,7572.84686790,8841.77264109,722.43040595,-8796093022208.00000000,0.00000000,alpha,seed,time,niter,nfail,train_lossf,test_lossf,train_lossf[0],test_lossf[0],errorf[0][0],errorf[0][1],errorf1[0][0],errorf1[0][1],errorf2[0][0],errorf2[0][1],train_Srel[0],test_Srel[0],
inf,11.00000000,0.00000000,0.00000000,0.00000000,59.71073254,93.85883178,59.71073254,93.85883178,11.42459396,48.28613858,4.46369919,22.44954946,11.49117991,55.45440321,-0.00000000,-0.00000000,
0.00000000,11.00000000,1572.74909258,851.00000000,1.00000000,18.29878755,60.57768030,18.29878755,60.57768030,18.29878755,0.00000000,12.89787182,0.00000000,47.66170495,0.01810353,-281474976710656.00000000,281474976710656.00000000,
0.01000000,1.00000000,57.40638232,230.00000000,0.00000000,0.12225345,573.63805462,0.12225345,573.63805462,0.05098277,0.00000000,30.06941765,231.98285454,311.48150924,0.00000000,-7.12706781,-10.42731935,
0.01000000,10.00000000,68.12618828,481.00000000,0.00000000,0.22832155,15769.10169908,0.22832155,15769.10169908,0.15046395,0.00000433,41.35350143,6937.11352084,8139.52296657,651.00961973,-7.78532721,-10.20905040,
0.01000000,11.00000000,39.79058862,357.00000000,0.00000000,0.19032213,60.61813149,0.19032213,60.61813149,0.11070418,0.00002639,12.88215033,0.00000000,47.61420807,0.01759669,-7.95915581,-10.41764027,
0.01000000,12.00000000,48.19655800,452.00000000,0.00000000,0.21582313,32115.62581171,0.21582313,32115.62581171,0.13656227,0.00001805,25.22242201,17780.75751396,415.57283703,13893.97780479,-7.92428155,-9.52339246,
0.01000000,13.00000000,45.35754919,300.00000000,0.00000000,0.13602231,35.62716648,0.13602231,35.62716648,0.06179326,0.00000406,10.27553452,0.00000000,25.25207527,0.00000000,-7.42249898,-9.95566857,
0.01000000,14.00000000,25.10624623,176.00000000,0.00000000,0.15274424,295.09843005,0.15274424,295.09843005,0.07836840,0.00000079,15.84950114,0.00000000,266.51978342,12.62486940,-7.43750521,-10.42760907,
0.01000000,15.00000000,44.16285229,460.00000000,0.00000000,0.17242456,54137.49545087,0.17242456,54137.49545087,0.09629770,0.00000000,13.42137505,3698.78859314,1348.10227381,49077.08604053,-7.61268571,-9.71683485,
0.01000000,16.00000000,159.99623585,1036.00000000,0.00000000,0.26916393,105.24853531,0.26916393,105.24853531,0.18918749,0.00001652,19.25467648,23.65306033,62.23760853,0.00000000,-7.99599175,-10.31899757,
0.01000000,17.00000000,103.78499603,758.00000000,0.00000000,0.23567799,472.31596407,0.23567799,472.31596407,0.15851076,0.00000063,27.20396893,0.31599718,16.33726229,428.35451530,-7.71665944,-10.42203782,
0.01000000,18.00000000,66.21499896,491.00000000,0.00000000,0.33524915,573.63553412,0.33524915,573.63553412,0.25727936,0.00000000,100.38040186,0.00000000,241.16989997,231.98093481,-7.79697858,-10.42974804,
0.01000000,19.00000000,42.42204356,312.00000000,0.00000000,0.20946041,33.92241815,0.20946041,33.92241815,0.13205352,0.00000334,6.83188851,0.00000000,26.98660585,0.00000000,-7.74035525,-10.39237945,alpha,seed,time,niter,nfail,train_lossf,test_lossf,train_lossf[0],test_lossf[0],errorf[0][0],errorf[0][1],errorf1[0][0],errorf1[0][1],errorf2[0][0],errorf2[0][1],train_Srel[0],test_Srel[0],
inf,12.00000000,0.00000000,0.00000000,0.00000000,62.13324425,86.95266959,62.13324425,86.95266959,10.85446043,51.27878381,5.09023734,22.73395348,10.75326403,48.37521473,-0.00000000,0.00000000,
0.00000000,12.00000000,1589.93878293,855.00000000,1.00000000,16536.58690591,4612.49915180,16536.58690591,4612.49915180,8859.31856296,7677.26834295,56.79268445,41.90700374,2372.58366457,2141.21579904,-9007199254740992.00000000,-4503599627370496.00000000,
0.01000000,2.00000000,67.32407117,548.00000000,0.00000000,0.23838623,573.63835130,0.23838623,573.63835130,0.16091340,0.00000398,24.84808399,0.00000000,316.70291803,231.98308518,-7.74688469,-10.42640972,
0.01000000,20.00000000,14.61833262,132.00000000,0.00000000,0.06601141,45.22302332,0.06601141,45.22302332,0.00697858,0.00000107,14.30986619,0.38220122,30.30236941,0.14729651,-5.90317620,-8.12899963,alpha,seed,time,niter,nfail,train_lossf,test_lossf,train_lossf[0],test_lossf[0],errorf[0][0],errorf[0][1],errorf1[0][0],errorf1[0][1],errorf2[0][0],errorf2[0][1],train_Srel[0],test_Srel[0],
inf,13.00000000,0.00000000,0.00000000,0.00000000,79.98032232,86.93601694,79.98032232,86.93601694,9.45239078,70.52793154,6.50663792,3.50984065,9.30789066,67.61164772,0.00000000,0.00000000,
0.00000000,13.00000000,2161.03581905,849.00000000,1.00000000,36.59392702,161.39666527,36.59392702,161.39666527,36.59392702,0.00000000,129.10330132,8.52388087,15.25963860,8.50984447,37778931862957161709568.00000000,18889465931478580854784.00000000,
0.01000000,3.00000000,46.58707547,507.00000000,0.00000000,0.29716518,38522.30475605,0.29716518,38522.30475605,0.21899203,0.00001203,15.28929619,31655.81214031,60.66207505,6790.43690140,-7.81611243,-10.43430882,alpha,seed,time,niter,nfail,train_lossf,test_lossf,train_lossf[0],test_lossf[0],errorf[0][0],errorf[0][1],errorf1[0][0],errorf1[0][1],errorf2[0][0],errorf2[0][1],train_Srel[0],test_Srel[0],
inf,14.00000000,0.00000000,0.00000000,0.00000000,83.53477136,86.28834003,83.53477136,86.28834003,8.98749548,74.54727588,6.92356406,0.00000000,8.98312224,70.38165373,0.00000000,-0.00000000,
0.00000000,14.00000000,1941.09397435,849.00000000,1.00000000,4358.84548335,573.53408720,4358.84548335,573.53408720,87.62772578,4271.21775756,10.29197673,0.00000000,331.25902529,231.98308518,0.00000000,180143985094819840.00000000,
0.01000000,4.00000000,86.20916367,450.00000000,0.00000000,0.36109987,78.92578873,0.36109987,78.92578873,0.28471813,0.00001185,27.58633082,4.71952567,22.05799092,24.46123287,-7.63698942,-10.07084484,alpha,seed,time,niter,nfail,train_lossf,test_lossf,train_lossf[0],test_lossf[0],errorf[0][0],errorf[0][1],errorf1[0][0],errorf1[0][1],errorf2[0][0],errorf2[0][1],train_Srel[0],test_Srel[0],
inf,15.00000000,0.00000000,0.00000000,0.00000000,46.46760368,88.31311920,46.46760368,88.31311920,11.06305689,35.40454679,4.86056296,37.90650692,11.02141191,34.52463741,0.00000000,0.00000000,
0.00000000,15.00000000,26.03815055,69.00000000,0.00000000,19.85735668,17182.09752845,19.85735668,17182.09752845,14.79721429,5.06014238,11.92701728,7460.19253025,8874.89323733,835.08474359,-11.06250000,-10.25000000,
0.01000000,5.00000000,48.47149539,499.00000000,0.00000000,0.12153471,2671.64498014,0.12153471,2671.64498014,0.04611262,0.00001262,49.45454412,68.56304256,52.57393081,2500.94995796,-7.54094686,-10.35046910,alpha,seed,time,niter,nfail,train_lossf,test_lossf,train_lossf[0],test_lossf[0],errorf[0][0],errorf[0][1],errorf1[0][0],errorf1[0][1],errorf2[0][0],errorf2[0][1],train_Srel[0],test_Srel[0],
inf,16.00000000,0.00000000,0.00000000,0.00000000,70.58454779,84.63736098,70.58454779,84.63736098,11.21277141,59.37177638,4.68113578,15.88305813,11.26101351,52.81215356,-0.00000000,-0.00000000,
0.00000000,16.00000000,1959.02649641,853.00000000,1.00000000,17.47740194,111.20618951,17.47740194,111.20618951,17.47740194,0.00000000,20.04417261,25.51528867,65.64672823,0.00000000,-151115727451828646838272.00000000,0.00000000,
0.01000000,6.00000000,30.45815492,273.00000000,0.00000000,0.16379205,450.33039329,0.16379205,450.33039329,0.08993049,0.00000013,49.84576248,7.58236909,303.20485635,89.59394685,-7.38614259,-10.34585175,alpha,seed,time,niter,nfail,train_lossf,test_lossf,train_lossf[0],test_lossf[0],errorf[0][0],errorf[0][1],errorf1[0][0],errorf1[0][1],errorf2[0][0],errorf2[0][1],train_Srel[0],test_Srel[0],
inf,17.00000000,0.00000000,0.00000000,0.00000000,50.37531572,86.92580791,50.37531572,86.92580791,11.42753400,38.94778172,4.46633971,35.10717097,11.47635480,35.87594244,-0.00000000,-0.00000000,
0.00000000,17.00000000,1779.36009073,861.00000000,1.00000000,609.14258663,40.42444292,609.14258663,40.42444292,74.07093217,535.07165445,15.31509614,0.00000000,25.10934678,0.00000000,36028797018963968.00000000,0.00000000,
0.01000000,7.00000000,69.21446061,467.00000000,0.00000000,0.26049592,78.04093913,0.26049592,78.04093913,0.17907747,0.00000330,24.75114155,14.85024832,38.33855683,0.00000000,-8.14151485,-10.09924270,alpha,seed,time,niter,nfail,train_lossf,test_lossf,train_lossf[0],test_lossf[0],errorf[0][0],errorf[0][1],errorf1[0][0],errorf1[0][1],errorf2[0][0],errorf2[0][1],train_Srel[0],test_Srel[0],
inf,18.00000000,0.00000000,0.00000000,0.00000000,50.54852149,88.49999545,50.54852149,88.49999545,11.94933832,38.59918317,3.93539786,34.68107029,12.02608179,37.85744551,0.00000000,0.00000000,
0.00000000,18.00000000,2391.85122156,850.00000000,1.00000000,26.50678150,573.53408720,26.50678150,573.53408720,26.50678150,0.00000000,100.38047915,0.00000000,241.17052287,231.98308518,562949953421312.00000000,1125899906842624.00000000,
0.01000000,8.00000000,62.47204113,606.00000000,0.00000000,0.35569627,116.65395076,0.35569627,116.65395076,0.27651531,0.00000761,4.83889534,0.00000000,111.61982239,0.09649831,-7.91733578,-9.87347175,alpha,seed,time,niter,nfail,train_lossf,test_lossf,train_lossf[0],test_lossf[0],errorf[0][0],errorf[0][1],errorf1[0][0],errorf1[0][1],errorf2[0][0],errorf2[0][1],train_Srel[0],test_Srel[0],
inf,19.00000000,0.00000000,0.00000000,0.00000000,76.25190093,81.76831467,76.25190093,81.76831467,12.06051158,64.19138935,3.86221875,12.65762150,12.02288076,53.22559366,0.00000000,0.00000000,
0.00000000,19.00000000,1323.07620668,846.00000000,1.00000000,13.30953982,34.11234474,13.30953982,34.11234474,13.30953982,0.00000000,6.85786985,0.00000000,27.25447489,0.00000000,38685626227668133590597632.00000000,0.00000000,
0.01000000,9.00000000,31.84306955,324.00000000,0.00000000,0.32291578,1669.60228534,0.32291578,1669.60228534,0.24576736,0.00022434,12.00913760,62.87903160,29.83535732,1564.78046120,-7.69240815,-9.82976090,alpha,seed,time,niter,nfail,train_lossf,test_lossf,train_lossf[0],test_lossf[0],errorf[0][0],errorf[0][1],errorf1[0][0],errorf1[0][1],errorf2[0][0],errorf2[0][1],train_Srel[0],test_Srel[0],
inf,2.00000000,0.00000000,0.00000000,0.00000000,71.55343546,89.36493569,71.55343546,89.36493569,11.41251881,60.14091666,4.50755423,12.65762150,11.38257907,60.81718089,0.00000000,0.00000000,
0.00000000,2.00000000,1992.04712772,852.00000000,1.00000000,16.68962668,573.53408720,16.68962668,573.53408720,16.68962668,0.00000000,24.84808399,0.00000000,316.70291803,231.98308518,281474976710656.00000000,-1125899906842624.00000000,alpha,seed,time,niter,nfail,train_lossf,test_lossf,train_lossf[0],test_lossf[0],errorf[0][0],errorf[0][1],errorf1[0][0],errorf1[0][1],errorf2[0][0],errorf2[0][1],train_Srel[0],test_Srel[0],
inf,20.00000000,0.00000000,0.00000000,0.00000000,84.17994649,83.82282918,84.17994649,83.82282918,8.61439492,75.56555158,7.28878896,0.28440402,8.63644841,67.61318779,0.00000000,0.00000000,
0.00000000,20.00000000,227.72490239,530.00000000,0.00000000,855.22481373,195.23899078,855.22481373,195.23899078,13.17042754,842.05438619,66.75642733,33.71674519,86.18515697,8.58066128,-10.43537045,-10.42880726,alpha,seed,time,niter,nfail,train_lossf,test_lossf,train_lossf[0],test_lossf[0],errorf[0][0],errorf[0][1],errorf1[0][0],errorf1[0][1],errorf2[0][0],errorf2[0][1],train_Srel[0],test_Srel[0],
inf,3.00000000,0.00000000,0.00000000,0.00000000,50.28605494,90.59682754,50.28605494,90.59682754,13.00790151,37.27815343,3.02292681,34.82276695,12.65008472,40.10104907,-0.00000000,0.00000000,
0.00000000,3.00000000,1292.40417695,848.00000000,1.00000000,54.12057989,7653.07141431,54.12057989,7653.07141431,54.12057989,0.00000000,11.12696408,17.09981582,69.91758994,7554.92704447,0.00000000,-281474976710656.00000000,alpha,seed,time,niter,nfail,train_lossf,test_lossf,train_lossf[0],test_lossf[0],errorf[0][0],errorf[0][1],errorf1[0][0],errorf1[0][1],errorf2[0][0],errorf2[0][1],train_Srel[0],test_Srel[0],
inf,4.00000000,0.00000000,0.00000000,0.00000000,64.31375824,84.23194615,64.31375824,84.23194615,11.30734175,53.00641650,4.63467424,22.44954946,11.21600797,45.93171448,0.00000000,-0.00000000,
0.00000000,4.00000000,2216.82172799,846.00000000,1.00000000,65.89429438,7653.07141431,65.89429438,7653.07141431,65.89429438,0.00000000,10.77535503,2256.09541511,70.26919899,5315.93144518,0.00000000,0.00000000,alpha,seed,time,niter,nfail,train_lossf,test_lossf,train_lossf[0],test_lossf[0],errorf[0][0],errorf[0][1],errorf1[0][0],errorf1[0][1],errorf2[0][0],errorf2[0][1],train_Srel[0],test_Srel[0],
inf,5.00000000,0.00000000,0.00000000,0.00000000,57.47527694,95.11928728,57.47527694,95.11928728,9.82095310,47.65432384,6.04984433,22.44954946,9.93820702,56.68168646,-0.00000000,-0.00000000,
0.00000000,5.00000000,46.25139260,92.00000000,0.00000000,13.65683711,11533.42276482,13.65683711,11533.42276482,13.65683711,0.00000000,17.42585407,74.31263825,59.31816190,11382.36611060,-10.00000000,-6.00000000,alpha,seed,time,niter,nfail,train_lossf,test_lossf,train_lossf[0],test_lossf[0],errorf[0][0],errorf[0][1],errorf1[0][0],errorf1[0][1],errorf2[0][0],errorf2[0][1],train_Srel[0],test_Srel[0],
inf,6.00000000,0.00000000,0.00000000,0.00000000,85.72675819,87.39429567,85.72675819,87.39429567,12.09183132,73.63492686,3.75772511,0.28440402,12.27086211,71.08130443,0.00000000,0.00000000,
0.00000000,6.00000000,1416.44040895,856.00000000,1.00000000,458.63236389,115214.77566748,458.63236389,115214.77566748,24.47468693,434.15767696,32.43499171,2973.30146699,124.92159364,112084.11761514,0.00000000,-2417851639229258349412352.00000000,alpha,seed,time,niter,nfail,train_lossf,test_lossf,train_lossf[0],test_lossf[0],errorf[0][0],errorf[0][1],errorf1[0][0],errorf1[0][1],errorf2[0][0],errorf2[0][1],train_Srel[0],test_Srel[0],
inf,7.00000000,0.00000000,0.00000000,0.00000000,72.16168924,90.06181880,72.16168924,90.06181880,12.39720117,59.76448807,3.56619675,12.65762150,12.23725947,61.60074108,-0.00000000,0.00000000,
0.00000000,7.00000000,2261.94516134,857.00000000,1.00000000,24.53652048,85258.90733198,24.53652048,85258.90733198,24.53652048,0.00000000,99.05682413,11723.86436163,146.10426606,73289.88188017,-140737488355328.00000000,0.00000000,alpha,seed,time,niter,nfail,train_lossf,test_lossf,train_lossf[0],test_lossf[0],errorf[0][0],errorf[0][1],errorf1[0][0],errorf1[0][1],errorf2[0][0],errorf2[0][1],train_Srel[0],test_Srel[0],
inf,8.00000000,0.00000000,0.00000000,0.00000000,13.96950979,88.77241427,13.96950979,88.77241427,13.65142075,0.31808904,2.30292460,72.72927387,13.51836271,0.22185309,0.00000000,-0.00000000,
0.00000000,8.00000000,1535.53434038,845.00000000,1.00000000,26.48056941,7653.07141431,26.48056941,7653.07141431,26.48056941,0.00000000,12.79911203,0.00000000,68.24544199,7572.02686029,-4398046511104.00000000,4398046511104.00000000,alpha,seed,time,niter,nfail,train_lossf,test_lossf,train_lossf[0],test_lossf[0],errorf[0][0],errorf[0][1],errorf1[0][0],errorf1[0][1],errorf2[0][0],errorf2[0][1],train_Srel[0],test_Srel[0],
inf,9.00000000,0.00000000,0.00000000,0.00000000,37.73621399,84.43413151,37.73621399,84.43413151,9.22294011,28.51327388,6.64362435,47.05428778,9.35129445,21.38492494,-0.00000000,-0.00000000,
0.00000000,9.00000000,1239.12259150,844.00000000,1.00000000,1577.19361557,35.41547002,1577.19361557,35.41547002,57.85363689,1519.33997868,19.76804788,0.00000000,15.64742214,0.00000000,1152921504606846976.00000000,-2305843009213693952.00000000,
0.10000000,1.00000000,10.98168898,94.00000000,0.00000000,0.58030605,572.33953235,0.58030605,572.33953235,0.18057998,0.00000136,30.04262965,230.29778980,310.95923767,0.00000000,-3.99724709,-10.39875238,
0.10000000,10.00000000,27.09039903,155.00000000,0.00000000,0.76113989,1226.52386384,0.76113989,1226.52386384,0.31700172,0.00000030,9.79781361,135.05906565,1045.91009879,35.13381100,-4.44137867,-6.23074787,
0.10000000,11.00000000,19.56011534,152.00000000,0.00000000,0.77656304,275.52388521,0.77656304,275.52388521,0.24119054,0.00000338,3.40843790,11.94638785,5.44060237,254.12421924,-5.35369122,-6.04237854,
0.10000000,12.00000000,49.92226529,167.00000000,0.00000000,0.77377225,10219.22961762,0.77377225,10219.22961762,0.27636315,0.00000324,10.91831755,3542.52107164,175.83725034,6489.21346438,-4.97405863,-7.39513711,
0.10000000,13.00000000,22.55125070,93.00000000,0.00000000,0.62989489,470.15486629,0.62989489,470.15486629,0.19780638,0.00000575,8.58552866,66.08748831,3.08926458,391.88446306,-4.32082759,-5.08121674,
0.10000000,14.00000000,8.94583249,66.00000000,0.00000000,0.64287724,465.00749468,0.64287724,465.00749468,0.21984701,0.00000415,9.65320449,0.00000000,305.42217052,148.94732550,-4.23026089,-9.84794174,
0.10000000,15.00000000,25.89511800,171.00000000,0.00000000,0.69359040,51662.50702038,0.69359040,51662.50702038,0.23766217,0.00000035,8.83438048,176.76525053,96.11996555,51379.92069245,-4.55927875,-8.66731360,
0.10000000,16.00000000,41.84038615,246.00000000,0.00000000,0.88205812,3061.35972456,0.88205812,3061.35972456,0.31136482,0.00000634,3.95939144,3017.56065611,11.56902735,27.49864254,-5.70686957,-7.72007116,
0.10000000,17.00000000,39.94425797,227.00000000,0.00000000,0.79501656,295.35092049,0.79501656,295.35092049,0.30190333,0.00000540,11.33182999,0.00000000,11.07479878,272.05127343,-4.93107829,-8.93018289,
0.10000000,18.00000000,17.41099072,157.00000000,0.00000000,0.94482847,555.57440111,0.94482847,555.57440111,0.37406909,0.00001325,99.26992456,0.00000000,237.13094779,218.14768943,-5.70746123,-10.25839335,
0.10000000,19.00000000,12.44556713,125.00000000,0.00000000,0.76022852,4114.29495417,0.76022852,4114.29495417,0.27781004,0.00000787,4.76342757,18.36293352,9.49888178,4081.00388432,-4.82410610,-6.65826981,
0.10000000,2.00000000,18.57918715,158.00000000,0.00000000,0.79760984,574.03742113,0.79760984,574.03742113,0.30017408,0.00000250,24.80708038,0.00000000,316.61157095,231.57691290,-4.97433250,-10.41856909,
0.10000000,20.00000000,12.77138257,69.00000000,0.00000000,0.44773079,55.61326677,0.44773079,55.61326677,0.10372501,0.00000000,6.83793517,0.00000000,6.34062937,42.08227089,-3.44005773,-3.52431338,
0.10000000,3.00000000,13.73108768,128.00000000,0.00000000,0.89040877,9917.63637853,0.89040877,9917.63637853,0.35542139,0.00000000,6.89001868,4345.98795279,1878.85101199,3685.05942732,-5.34987384,-8.47967752,
0.10000000,4.00000000,15.37378407,102.00000000,0.00000000,0.93607114,172.05223523,0.93607114,172.05223523,0.40792561,0.00000292,9.34116820,17.23051647,11.37645490,133.26615294,-5.28142608,-8.37942715,
0.10000000,5.00000000,13.71099687,141.00000000,0.00000000,0.59674460,414.84180418,0.59674460,414.84180418,0.19318903,0.00000014,4.77824895,172.71805496,4.05991375,232.75427970,-4.03555431,-5.31306820,
0.10000000,6.00000000,10.13817096,107.00000000,0.00000000,0.63110662,175.10459126,0.63110662,175.10459126,0.24366696,0.00000536,7.79051355,0.00674326,3.18217822,163.65640803,-3.87434302,-4.68748193,
0.10000000,7.00000000,34.53803039,170.00000000,0.00000000,0.85522917,19.91163289,0.85522917,19.91163289,0.32324843,0.00000128,8.29052642,0.00000000,10.84968105,0.00000000,-5.31979461,-7.71425420,
0.10000000,8.00000000,19.59403276,162.00000000,0.00000000,0.97216129,146.66050852,0.97216129,146.66050852,0.39458349,0.00000276,9.22937066,91.31373027,45.24938618,0.13315679,-5.77575040,-7.34864619,
0.10000000,9.00000000,9.28312898,103.00000000,0.00000000,0.88678192,219.81486730,0.88678192,219.81486730,0.39118296,0.00000009,6.72097154,78.27152644,7.02998661,127.23407640,-4.95598868,-5.58306314,
1000000.00000000,1.00000000,26.49929500,176.00000000,0.00000000,79.93478159,95.87006151,79.93478159,95.87006151,11.15749710,68.22577624,4.75490736,0.00000000,11.14992267,79.38929849,-0.00000055,-0.00000058,
1000000.00000000,10.00000000,16.29551077,56.00000000,0.00000000,47.83039077,83.61241984,47.83039077,83.61241984,7.35875167,40.10195837,8.56282818,34.49751521,7.32313631,32.90684451,-0.00000037,-0.00000032,
1000000.00000000,11.00000000,10.92335844,74.00000000,0.00000000,59.45809167,93.36797495,59.45809167,93.36797495,11.42494190,47.80477259,4.46328653,22.25579645,11.49165605,54.91796598,-0.00000023,-0.00000024,
1000000.00000000,12.00000000,7.76730752,79.00000000,0.00000000,61.86223819,86.49027146,61.86223819,86.49027146,10.85476324,50.73945370,5.09004242,22.52415470,10.75347290,47.85802097,-0.00000027,-0.00000026,
1000000.00000000,13.00000000,14.53795004,85.00000000,0.00000000,79.33174175,86.30491780,79.33174175,86.30491780,9.45395839,69.24038203,6.50524830,3.50169254,9.30937411,66.35021634,-0.00000064,-0.00000064,
1000000.00000000,14.00000000,17.06031299,104.00000000,0.00000000,82.89540111,85.62802961,82.89540111,85.62802961,8.98827584,73.38112640,6.92289845,0.00000000,8.98381552,69.18247315,-0.00000053,-0.00000054,
1000000.00000000,15.00000000,10.97837305,86.00000000,0.00000000,46.12333392,87.80271359,46.12333392,87.80271359,11.06188907,34.74633514,4.86145762,37.73284954,11.02031132,33.87165921,-0.00000032,-0.00000032,
1000000.00000000,16.00000000,10.89048028,62.00000000,0.00000000,70.15337221,84.09781710,70.15337221,84.09781710,11.21155565,58.51818375,4.68249701,15.70837272,11.25990334,52.04634069,-0.00000042,-0.00000040,
1000000.00000000,17.00000000,12.68087244,88.00000000,0.00000000,50.23575778,86.62373660,50.23575778,86.62373660,11.42651218,38.66938006,4.46732037,34.92371743,11.47538328,35.62874589,-0.00000014,-0.00000013,
1000000.00000000,18.00000000,16.86682892,81.00000000,0.00000000,50.21244272,87.95789708,50.21244272,87.95789708,11.94797723,37.93035480,3.93647036,34.50024632,12.02465835,37.13517107,-0.00000033,-0.00000036,
1000000.00000000,19.00000000,7.17696333,77.00000000,0.00000000,75.82931164,81.28891699,75.82931164,81.28891699,12.06105723,63.42838540,3.86174572,12.51164928,12.02338071,52.58147455,-0.00000034,-0.00000031,
1000000.00000000,2.00000000,13.83362293,95.00000000,0.00000000,71.13845911,88.78607387,71.13845911,88.78607387,11.41126866,59.31987816,4.50885501,12.48587082,11.38118020,60.00763145,-0.00000041,-0.00000040,
1000000.00000000,20.00000000,9.84336019,117.00000000,0.00000000,83.48486956,83.27415134,83.48486956,83.27415134,8.61538066,74.13286196,7.28797697,0.27782932,8.63748509,66.39292675,-0.00000074,-0.00000068,
1000000.00000000,3.00000000,7.83691597,63.00000000,0.00000000,50.15796250,90.27130522,50.15796250,90.27130522,13.00801552,37.02160804,3.02272637,34.64246202,12.65024921,39.82072045,-0.00000013,-0.00000014,
1000000.00000000,4.00000000,11.57598710,74.00000000,0.00000000,64.02629674,83.79870879,64.02629674,83.79870879,11.30644976,52.47206664,4.63560115,22.25027965,11.21500427,45.46280219,-0.00000025,-0.00000024,
1000000.00000000,5.00000000,8.66759300,82.00000000,0.00000000,57.22802369,94.61489784,57.22802369,94.61489784,9.82106966,47.17685201,6.04969749,22.25460956,9.93833544,56.12738738,-0.00000023,-0.00000024,
1000000.00000000,6.00000000,23.28009200,141.00000000,0.00000000,85.07160733,86.76446777,85.07160733,86.76446777,12.09221822,72.26914013,3.75731775,0.27780034,12.27120761,69.77056409,-0.00000071,-0.00000069,
1000000.00000000,7.00000000,37.28298521,160.00000000,0.00000000,71.76606344,89.48633751,71.76606344,89.48633751,12.39607137,59.02240965,3.56739850,12.50301590,12.23602014,60.82715053,-0.00000035,-0.00000035,
1000000.00000000,8.00000000,4.38324928,37.00000000,0.00000000,13.96910838,88.76665482,13.96910838,88.76665482,13.65114955,0.31757985,2.30290883,72.72383692,13.51809725,0.22144069,-0.00000000,-0.00000000,
1000000.00000000,9.00000000,9.57939816,80.00000000,0.00000000,37.52828632,84.09131011,37.52828632,84.09131011,9.22217392,28.11234145,6.64409661,46.83150506,9.35054316,21.10575815,-0.00000019,-0.00000016,
100000.00000000,1.00000000,22.36919117,185.00000000,0.00000000,74.97682707,90.09696430,74.97682707,90.09696430,11.16572932,58.91718414,4.74635245,0.00000000,11.15839684,69.09777285,-0.00004894,-0.00005094,
100000.00000000,10.00000000,21.02382493,114.00000000,0.00000000,44.74783944,79.88602399,44.74783944,79.88602399,7.35410473,34.08146997,8.56573716,32.95294144,7.31900388,28.12650500,-0.00003312,-0.00002922,
100000.00000000,11.00000000,21.36196661,196.00000000,0.00000000,57.31102078,89.10678413,57.31102078,89.10678413,11.42775497,43.63104181,4.45969713,20.52029327,11.49558309,50.28913880,-0.00002252,-0.00002342,
100000.00000000,12.00000000,16.82555366,137.00000000,0.00000000,59.57099073,82.57238061,59.57099073,82.57238061,10.85679926,46.28589217,5.08850240,20.74532380,10.75472427,43.58247643,-0.00002428,-0.00002401,
100000.00000000,13.00000000,21.31365037,100.00000000,0.00000000,74.13288918,81.25987245,74.13288918,81.25987245,9.46655612,59.47587292,6.49406836,3.43805595,9.32132784,56.82951851,-0.00005190,-0.00005177,
100000.00000000,14.00000000,25.19886827,154.00000000,0.00000000,77.69445182,80.30086618,77.69445182,80.30086618,8.99531947,63.45046399,6.91688158,0.00000000,8.99013757,59.01194512,-0.00005249,-0.00005382,
100000.00000000,15.00000000,21.85612750,136.00000000,0.00000000,43.34762494,83.70981297,43.34762494,83.70981297,11.05231655,29.72509982,4.86869004,36.35085720,11.01127484,28.90106474,-0.00002570,-0.00002578,
100000.00000000,16.00000000,9.04034829,77.00000000,0.00000000,66.61889781,79.71074130,66.61889781,79.71074130,11.20139859,51.79422535,4.69387669,14.32270749,11.25060749,46.01762885,-0.00003623,-0.00003426,
100000.00000000,17.00000000,14.82184839,68.00000000,0.00000000,49.03652844,84.05446160,49.03652844,84.05446160,11.41759649,36.34640470,4.47572492,33.37822333,11.46689621,33.56228974,-0.00001273,-0.00001171,
100000.00000000,18.00000000,23.87118173,167.00000000,0.00000000,47.48270659,83.59231148,47.48270659,83.59231148,11.93665953,32.74396257,3.94527430,33.03642390,12.01284777,31.60105892,-0.00002802,-0.00002997,
100000.00000000,19.00000000,16.37789297,123.00000000,0.00000000,72.16018314,76.98309972,72.16018314,76.98309972,12.06550690,56.37558180,3.85743197,11.09326282,12.02748325,46.53109715,-0.00003719,-0.00003474,
100000.00000000,2.00000000,35.76642275,192.00000000,0.00000000,67.73738013,84.12944223,67.73738013,84.12944223,11.40092838,53.08800189,4.51932028,11.17397516,11.36968775,53.85304722,-0.00003248,-0.00003213,
100000.00000000,20.00000000,15.11128712,208.00000000,0.00000000,77.90002750,78.79583887,77.90002750,78.79583887,8.62265930,63.75320220,7.28169680,0.22915786,8.64513473,57.59307913,-0.00005524,-0.00005047,
100000.00000000,3.00000000,11.89925647,74.00000000,0.00000000,49.05530636,87.49642044,49.05530636,87.49642044,13.00886323,34.86313444,3.02099849,33.11475291,12.65153351,37.46369888,-0.00001183,-0.00001245,
100000.00000000,4.00000000,22.41124773,165.00000000,0.00000000,61.58989985,80.01356455,61.58989985,80.01356455,11.29797922,47.73176094,4.64413635,20.43066152,11.20556095,41.30705620,-0.00002560,-0.00002426,
100000.00000000,5.00000000,21.99759746,145.00000000,0.00000000,55.13221155,90.28779858,55.13221155,90.28779858,9.82193846,43.12594071,6.04838277,20.55684443,9.93931130,51.41847532,-0.00002184,-0.00002325,
100000.00000000,6.00000000,15.49665117,112.00000000,0.00000000,79.81547746,81.69240563,79.81547746,81.69240563,12.09472695,62.32156547,3.75425588,0.22915261,12.27339542,60.19842142,-0.00005399,-0.00005237,
100000.00000000,7.00000000,28.16619921,176.00000000,0.00000000,68.44903960,84.60184530,68.44903960,84.60184530,12.38596041,52.78324804,3.57761383,11.16582545,12.22497748,54.28837808,-0.00003280,-0.00003345,
100000.00000000,8.00000000,6.93170071,49.00000000,0.00000000,13.96551300,88.71359155,13.96551300,88.71359155,13.64867946,0.31290763,2.30276254,72.67364577,13.51568084,0.21765921,-0.00000004,-0.00000004,
100000.00000000,9.00000000,8.48834205,80.00000000,0.00000000,35.82459845,81.21839181,35.82459845,81.21839181,9.21548269,24.83375442,6.64817615,44.94848947,9.34395690,18.80913457,-0.00001775,-0.00001469,
10000.00000000,1.00000000,21.44687104,180.00000000,0.00000000,51.00714594,62.24411045,51.00714594,62.24411045,11.19808191,24.78240138,4.70330714,0.00000000,11.19229495,30.53918182,-0.00150267,-0.00158093,
10000.00000000,10.00000000,14.33346152,141.00000000,0.00000000,30.08470115,61.50987133,30.08470115,61.50987133,7.32305309,13.77364088,8.58072424,25.93802968,7.28994306,11.50366387,-0.00089880,-0.00081975,
10000.00000000,11.00000000,15.59833598,133.00000000,0.00000000,44.34713445,65.20259258,44.34713445,65.20259258,11.43904808,23.18833824,4.43637622,11.78526417,11.51377089,27.27266486,-0.00097197,-0.00101945,
10000.00000000,12.00000000,17.81545210,163.00000000,0.00000000,45.73018016,60.78261718,45.73018016,60.78261718,10.86487542,24.67528565,5.07799571,11.89413235,10.75847851,23.02870541,-0.00101900,-0.00100233,
10000.00000000,13.00000000,24.37059617,144.00000000,0.00000000,49.02617035,57.06073276,49.02617035,57.06073276,9.52722155,23.97436543,6.43827800,3.16463999,9.37946117,22.81315096,-0.00155246,-0.00152652,
10000.00000000,14.00000000,62.58325267,198.00000000,0.00000000,52.17513662,55.51839861,52.17513662,55.51839861,9.02657952,26.93989452,6.88602486,0.00000000,9.01772222,23.66742190,-0.00162087,-0.00159472,
10000.00000000,15.00000000,19.38952088,152.00000000,0.00000000,29.93348077,63.59820565,29.93348077,63.59820565,10.98968347,10.63134833,4.90903702,29.28606077,10.95122354,10.13411270,-0.00083124,-0.00083178,
10000.00000000,16.00000000,17.86278796,94.00000000,0.00000000,47.63664504,57.22324086,47.63664504,57.22324086,11.13982607,23.74603999,4.75993092,8.29225145,11.19339037,20.91275143,-0.00127508,-0.00120649,
10000.00000000,17.00000000,22.32821822,86.00000000,0.00000000,40.69888370,66.97860452,40.69888370,66.97860452,11.34554667,22.53543522,4.53707051,23.58624936,11.39778698,21.12860031,-0.00068179,-0.00063289,
10000.00000000,18.00000000,24.04608798,156.00000000,0.00000000,34.00901430,62.85960738,34.00901430,62.85960738,11.86333518,13.70340221,3.99326377,26.01328029,11.93783943,12.16215194,-0.00084423,-0.00087531,
10000.00000000,19.00000000,20.83665991,230.00000000,0.00000000,52.46060620,55.09634431,52.46060620,55.09634431,12.08193973,27.05521520,3.83351854,5.07062267,12.04163658,21.76172550,-0.00133235,-0.00123888,
10000.00000000,2.00000000,39.47081971,278.00000000,0.00000000,49.27536196,59.74814233,49.27536196,59.74814233,11.32863460,25.37033609,4.58514178,5.14822336,11.29166901,26.20818286,-0.00125764,-0.00125149,
10000.00000000,20.00000000,17.53021741,165.00000000,0.00000000,51.39878231,56.23852442,51.39878231,56.23852442,8.65881981,26.70408180,7.24834719,0.05776375,8.68329279,25.32712116,-0.00160359,-0.00149220,
10000.00000000,3.00000000,7.85294127,84.00000000,0.00000000,41.30497231,69.18211553,41.30497231,69.18211553,13.00656695,21.90482681,3.00849945,23.43601791,12.65240940,23.38521933,-0.00063936,-0.00067000,
10000.00000000,4.00000000,19.51355100,121.00000000,0.00000000,47.02771601,59.04095025,47.02771601,59.04095025,11.23955745,25.18371325,4.69636868,11.56720517,11.14064633,21.54386111,-0.00106044,-0.00100929,
10000.00000000,5.00000000,15.91591835,188.00000000,0.00000000,42.39412548,66.06791774,42.39412548,66.06791774,9.82138762,23.27030738,6.03853197,11.97546415,9.93963337,28.19991651,-0.00093024,-0.00099144,
10000.00000000,6.00000000,15.07680631,207.00000000,0.00000000,54.46131221,56.97418570,54.46131221,56.97418570,12.09483239,26.65575462,3.74114064,0.05820285,12.27206602,25.56367178,-0.00157107,-0.00153391,
10000.00000000,7.00000000,31.53274536,199.00000000,0.00000000,50.31857716,59.63148951,50.31857716,59.63148951,12.31643581,25.67305993,3.63996235,5.21180807,12.14975415,26.13456800,-0.00123291,-0.00124954,
10000.00000000,8.00000000,12.08765554,46.00000000,0.00000000,13.93149921,88.22811643,13.93149921,88.22811643,13.62388623,0.27144461,2.30140309,72.21553972,13.49142533,0.18430749,-0.00000362,-0.00000354,
10000.00000000,9.00000000,7.89226890,96.00000000,0.00000000,26.77643613,65.97216140,26.77643613,65.97216140,9.16692791,11.59464626,6.67149022,35.65002445,9.29445557,9.22146696,-0.00060149,-0.00051347,
1000.00000000,1.00000000,16.48929787,171.00000000,0.00000000,22.12640150,28.78410709,22.12640150,28.78410709,11.05327282,3.06757111,4.64363231,0.00000000,11.05421051,4.54278584,-0.00800556,-0.00854348,
1000.00000000,10.00000000,24.18776417,141.00000000,0.00000000,13.25648646,38.71062245,13.25648646,38.71062245,7.16417295,1.62411141,8.61208913,17.43031776,7.13371386,1.32534256,-0.00446820,-0.00420916,
1000.00000000,11.00000000,12.87139773,124.00000000,0.00000000,21.99303371,30.61905694,21.99303371,30.61905694,11.29265002,3.35094035,4.38265903,2.87285397,11.37969744,4.20332238,-0.00734944,-0.00778052,
1000.00000000,12.00000000,14.85569239,138.00000000,0.00000000,21.97615925,29.31622258,21.97615925,29.31622258,10.74924890,3.49078687,5.05026793,2.84207479,10.63758112,3.21013746,-0.00773612,-0.00757616,
1000.00000000,13.00000000,17.20776558,91.00000000,0.00000000,19.62801889,28.64879113,19.62801889,28.64879113,9.48848689,2.40342807,6.37207857,2.82637725,9.33773704,2.53137825,-0.00773610,-0.00758122,
1000.00000000,14.00000000,27.07317924,114.00000000,0.00000000,20.98235160,26.78283626,20.98235160,26.78283626,8.94625568,3.37112915,6.84626625,0.00000000,8.93080336,2.82003905,-0.00866497,-0.00818573,
1000.00000000,15.00000000,19.05387020,137.00000000,0.00000000,14.95754659,40.58911033,14.95754659,40.58911033,10.72043371,0.57637447,4.96442352,20.80295313,10.68262679,0.47211102,-0.00366074,-0.00366700,
1000.00000000,16.00000000,13.31077099,72.00000000,0.00000000,21.10144214,28.53662191,21.10144214,28.53662191,10.92976578,2.52048168,4.87918171,3.32089137,10.98990058,2.07827406,-0.00765119,-0.00726837,
1000.00000000,17.00000000,8.97378683,78.00000000,0.00000000,21.81307341,33.10249283,21.81307341,33.10249283,10.96748799,3.67206578,4.71873224,6.98068106,11.02748499,3.57881889,-0.00717352,-0.00679678,
1000.00000000,18.00000000,23.95943761,158.00000000,0.00000000,17.69382790,38.67638141,17.69382790,38.67638141,11.54280277,1.68509416,4.09386191,17.37343771,11.61867288,1.13147993,-0.00446593,-0.00445893,
1000.00000000,19.00000000,25.49158120,144.00000000,0.00000000,24.05300585,26.68656309,24.05300585,26.68656309,11.93499391,3.53874012,3.78720425,0.44787933,11.88904061,2.63528674,-0.00857927,-0.00792715,
1000.00000000,2.00000000,15.80160975,145.00000000,0.00000000,22.46737252,27.93358919,22.46737252,27.93358919,11.00270949,3.34856478,4.72654161,0.44617588,10.95966882,3.64857022,-0.00811610,-0.00815263,
1000.00000000,20.00000000,40.78314757,146.00000000,0.00000000,20.31988442,27.49971356,20.31988442,27.49971356,8.65046433,3.21715378,7.17777859,0.00000000,8.67726634,3.52199281,-0.00845227,-0.00812268,
1000.00000000,3.00000000,10.77699590,75.00000000,0.00000000,23.38403081,33.70569024,23.38403081,33.70569024,12.80039602,3.70006852,2.97118052,7.22277152,12.45775726,3.93417560,-0.00688357,-0.00711981,
1000.00000000,4.00000000,23.94645357,141.00000000,0.00000000,22.42306056,28.72802599,22.42306056,28.72802599,10.96364287,3.46415703,4.79752027,2.64128920,10.85212067,2.77831264,-0.00799526,-0.00765878,
1000.00000000,5.00000000,15.31701756,151.00000000,0.00000000,20.27221131,30.88684859,20.27221131,30.88684859,9.66984361,3.35674148,5.99005102,2.93575671,9.79199115,4.46955369,-0.00724563,-0.00769950,
1000.00000000,6.00000000,19.89380836,123.00000000,0.00000000,23.77714065,27.15366407,23.77714065,27.15366407,11.86855840,3.32158961,3.73217788,0.00000000,12.04367114,3.04617566,-0.00858699,-0.00833164,
1000.00000000,7.00000000,26.92644739,155.00000000,0.00000000,23.59044916,27.62117443,23.59044916,27.62117443,12.00279164,3.35882524,3.76436289,0.45537107,11.82455059,3.25565993,-0.00822883,-0.00832123,
1000.00000000,8.00000000,5.89882827,51.00000000,0.00000000,13.69267055,85.91461792,13.69267055,85.91461792,13.38125500,0.10129643,2.29374959,70.10563888,13.25389244,0.05395668,-0.00021012,-0.00020738,
1000.00000000,9.00000000,10.90045071,98.00000000,0.00000000,14.28639546,44.13284024,14.28639546,44.13284024,8.90637066,1.64281454,6.71314273,23.56917062,9.01659125,1.42613266,-0.00373721,-0.00340780,
100.00000000,1.00000000,13.50460625,105.00000000,0.00000000,11.85886903,17.07581367,11.85886903,17.07581367,9.42934330,0.10400698,4.62854862,0.16767645,9.45493537,0.40576588,-0.02325519,-0.02418887,
100.00000000,10.00000000,13.18257356,80.00000000,0.00000000,7.62047146,30.88412030,7.62047146,30.88412030,6.32131459,0.05582280,8.66205932,14.67310141,6.29276264,0.05240571,-0.01243334,-0.01203791,
100.00000000,11.00000000,14.22840095,83.00000000,0.00000000,12.15953689,17.84507259,12.15953689,17.84507259,9.76508602,0.11558430,4.31503178,1.08721610,9.85211871,0.23154786,-0.02278867,-0.02359158,
100.00000000,12.00000000,7.62691283,70.00000000,0.00000000,11.80039500,18.08331041,11.80039500,18.08331041,9.44878884,0.11308077,4.98335585,1.12105668,9.32183822,0.43223736,-0.02238525,-0.02224822,
100.00000000,13.00000000,15.90791368,98.00000000,0.00000000,10.26010135,20.45812888,10.26010135,20.45812888,8.22782992,0.07236907,6.43645607,2.27462256,8.06439906,1.72955644,-0.01959902,-0.01953095,
100.00000000,14.00000000,15.24100184,92.00000000,0.00000000,10.13949757,16.92587209,10.13949757,16.92587209,7.80453440,0.11537614,6.86475765,0.00000000,7.77646919,0.15977733,-0.02219587,-0.02124868,
100.00000000,15.00000000,14.18729258,69.00000000,0.00000000,10.44012393,32.42685321,10.44012393,32.42685321,9.16814409,0.00682905,4.95684497,17.08153861,9.11017728,0.00165094,-0.01265151,-0.01276641,
100.00000000,16.00000000,6.41529202,65.00000000,0.00000000,11.76022815,18.63032931,11.76022815,18.63032931,9.83834571,0.05870049,4.85213851,2.04562522,9.91112168,0.02504823,-0.01863182,-0.01796396,
100.00000000,17.00000000,7.58371162,75.00000000,0.00000000,11.72330662,17.87905646,11.72330662,17.87905646,9.24650127,0.09715427,4.92811935,1.20177061,9.32957407,0.12077583,-0.02379651,-0.02298817,
100.00000000,18.00000000,12.09217119,84.00000000,0.00000000,11.65394726,30.17069008,11.65394726,30.17069008,10.02631542,0.04988696,4.27816842,14.22544182,10.10340421,0.00628736,-0.01577745,-0.01557388,
100.00000000,19.00000000,13.49466586,102.00000000,0.00000000,12.94632763,16.57369016,12.94632763,16.57369016,10.38802610,0.11374104,3.72850373,0.00743505,10.35551577,0.16391827,-0.02444560,-0.02318317,
100.00000000,2.00000000,13.44152260,73.00000000,0.00000000,11.86265817,16.70476541,11.86265817,16.70476541,9.45457907,0.08864189,4.83548276,0.00000000,9.39614772,0.13954583,-0.02319437,-0.02333589,
100.00000000,20.00000000,9.31611729,84.00000000,0.00000000,10.00413252,17.13419112,10.00413252,17.13419112,7.92380463,0.11552608,7.04316948,0.00000000,7.92766118,0.21561156,-0.01964802,-0.01947749,
100.00000000,3.00000000,4.41806221,52.00000000,0.00000000,13.53039301,19.06132688,13.53039301,19.06132688,10.93164714,0.12065579,2.88537863,2.05124936,10.61509624,0.98388930,-0.02478090,-0.02525713,
100.00000000,4.00000000,13.61507893,64.00000000,0.00000000,11.92406598,17.49388540,11.92406598,17.49388540,9.52152194,0.10506351,4.78570306,0.82197441,9.43923045,0.20163736,-0.02297481,-0.02245340,
100.00000000,5.00000000,9.01923347,66.00000000,0.00000000,10.56086913,17.88174221,10.56086913,17.88174221,8.21691818,0.11743395,5.79746782,1.13125687,8.34259504,0.30506212,-0.02226517,-0.02305360,
100.00000000,6.00000000,7.81392550,82.00000000,0.00000000,12.66733158,16.50983368,12.66733158,16.50983368,9.99694218,0.10648432,3.72309334,0.00331032,10.16701235,0.11045693,-0.02563905,-0.02505961,
100.00000000,7.00000000,13.41004634,85.00000000,0.00000000,12.89584161,16.54384421,12.89584161,16.54384421,10.43732305,0.10043114,3.76304876,0.00721692,10.28421796,0.11632871,-0.02358087,-0.02373032,
100.00000000,8.00000000,6.89714837,46.00000000,0.00000000,12.54483343,86.45968171,12.54483343,86.45968171,11.56267290,0.00624212,2.28340348,71.73559933,11.46932925,0.00000000,-0.00975918,-0.00971350,
100.00000000,9.00000000,5.69253683,61.00000000,0.00000000,9.03859242,34.08716395,9.03859242,34.08716395,7.57322495,0.05576024,6.68388673,18.34378593,7.60653074,0.04606071,-0.01409607,-0.01406900,
10.00000000,1.00000000,5.76212430,50.00000000,0.00000000,6.88747042,29.08586378,6.88747042,29.08586378,4.65500872,0.00113412,4.80936621,17.20276287,4.77162060,0.11769534,-0.22313276,-0.21844188,
10.00000000,10.00000000,8.19850063,44.00000000,0.00000000,4.95139368,24.91691545,4.95139368,24.91691545,3.71375730,0.00032670,8.41918315,11.48880813,3.67493647,0.00000000,-0.12373097,-0.13339877,
10.00000000,11.00000000,6.74617887,45.00000000,0.00000000,7.39036321,11.79559391,7.39036321,11.79559391,5.27107412,0.00132784,4.30104064,0.00000000,5.36400628,0.03440223,-0.21179613,-0.20961448,
10.00000000,12.00000000,6.61535096,38.00000000,0.00000000,7.14983429,12.70342468,7.14983429,12.70342468,5.06076857,0.00099405,5.00211082,0.03834656,4.97455859,0.45485959,-0.20880717,-0.22335491,
10.00000000,13.00000000,6.15550852,41.00000000,0.00000000,6.17404396,15.79171201,6.17404396,15.79171201,4.37735848,0.00116512,6.77812000,0.72483721,4.24967215,2.20998254,-0.17955204,-0.18291001,
10.00000000,14.00000000,7.57182813,46.00000000,0.00000000,6.02320589,13.23477525,6.02320589,13.23477525,4.33652495,0.00112276,7.06775861,0.05638529,4.28173098,0.13150040,-0.16855582,-0.16974000,
10.00000000,15.00000000,4.09068775,30.00000000,0.00000000,6.69873433,31.57506903,6.69873433,31.57506903,4.72593367,0.00000048,4.81172748,19.16872785,5.01062752,0.00000000,-0.19728002,-0.25839862,
10.00000000,16.00000000,6.37773418,35.00000000,0.00000000,7.90513805,25.20024129,7.90513805,25.20024129,6.03190389,0.00018307,4.16309997,13.05034159,6.17545169,0.00000000,-0.18730511,-0.18113480,
10.00000000,17.00000000,5.99684358,43.00000000,0.00000000,6.89169593,12.25090451,6.89169593,12.25090451,4.83499328,0.00023394,5.13750009,0.00000000,5.18624118,0.02331170,-0.20564687,-0.19038515,
10.00000000,18.00000000,4.29198337,40.00000000,0.00000000,7.72165536,20.93009057,7.72165536,20.93009057,5.70741116,0.00008579,4.66493392,8.36511268,5.79662580,0.12033237,-0.20141584,-0.19830858,
10.00000000,19.00000000,10.09480524,44.00000000,0.00000000,7.80973927,12.18136517,7.80973927,12.18136517,5.44162194,0.00109322,3.89112970,0.00000000,5.60967157,0.41964715,-0.23670241,-0.22609168,
10.00000000,2.00000000,10.58548617,43.00000000,0.00000000,7.24921409,11.90950901,7.24921409,11.90950901,5.21391325,0.00045532,4.67636226,0.00000000,5.10843634,0.02404439,-0.20348455,-0.21006660,
10.00000000,20.00000000,5.74882960,44.00000000,0.00000000,6.30754032,13.53433663,6.30754032,13.53433663,4.57483232,0.00130733,6.57657876,0.62153883,4.55293532,0.04705401,-0.17314007,-0.17362297,
10.00000000,3.00000000,2.40277934,31.00000000,0.00000000,8.08618013,16.42770489,8.08618013,16.42770489,5.61533937,0.00114005,2.62575282,0.00631882,8.36233722,2.03740301,-0.24697007,-0.33958930,
10.00000000,4.00000000,5.67812705,31.00000000,0.00000000,7.44234830,12.29363216,7.44234830,12.29363216,5.46557766,0.00075217,4.37563795,0.00000000,5.44845432,0.48778695,-0.19760185,-0.19817529,
10.00000000,5.00000000,4.10027575,35.00000000,0.00000000,5.99576246,24.23344931,5.99576246,24.23344931,4.03857530,0.00116273,5.12763754,12.90885919,4.27003024,0.04234892,-0.19560244,-0.18845734,
10.00000000,6.00000000,6.44214773,36.00000000,0.00000000,7.08820787,17.49392695,7.08820787,17.49392695,4.56967767,0.00087455,4.16199994,6.11001441,4.73569365,0.00733861,-0.25176556,-0.24788803,
10.00000000,7.00000000,4.03519011,40.00000000,0.00000000,7.92806848,26.26142903,7.92806848,26.26142903,5.61127548,0.00048509,3.38229736,14.90481289,5.77501550,0.00427437,-0.23163079,-0.21950289,
10.00000000,8.00000000,4.47487974,36.00000000,0.00000000,8.58532530,77.11250762,8.58532530,77.11250762,6.27721084,0.00008129,2.30088218,66.24914592,6.28704846,0.00000000,-0.23080332,-0.22754311,
10.00000000,9.00000000,5.02665877,32.00000000,0.00000000,5.79437125,26.44601506,5.79437125,26.44601506,4.30538764,0.00025089,6.31624908,14.33387657,4.26692938,0.00000000,-0.14887327,-0.15289600,
1.00000000,1.00000000,8.00960612,54.00000000,0.00000000,2.48431350,169.16497623,2.48431350,169.16497623,1.10238373,0.00001941,10.42975785,9.56159844,142.42296654,0.00000000,-1.38191035,-6.75065340,
1.00000000,10.00000000,11.88136387,68.00000000,0.00000000,2.37385334,93.82621285,2.37385334,93.82621285,1.42195241,0.00000339,7.07890339,19.72742643,65.62259493,0.00000000,-0.95189754,-1.39728809,
1.00000000,11.00000000,6.88538551,69.00000000,0.00000000,3.09164105,10.79042371,3.09164105,10.79042371,1.59455035,0.00000799,4.20102911,0.00000000,2.17342466,2.90278855,-1.49708271,-1.51318138,
1.00000000,12.00000000,8.75547290,68.00000000,0.00000000,2.96277684,17.35331089,2.96277684,17.35331089,1.51188202,0.00000555,5.13411233,0.58158894,2.94651900,7.05648248,-1.45088927,-1.63460814,
1.00000000,13.00000000,9.30764031,48.00000000,0.00000000,2.51593065,18.86697847,2.51593065,18.86697847,1.25600556,0.00000146,6.87920556,0.00561379,1.49120180,9.29499481,-1.25992363,-1.19596253,
1.00000000,14.00000000,7.15836287,34.00000000,0.00000000,2.50243040,31.41247055,2.50243040,31.41247055,1.26068946,0.00000003,7.19811961,0.00000000,21.17252042,0.00000000,-1.24174092,-3.04183052,
1.00000000,15.00000000,9.38587523,52.00000000,0.00000000,2.70573351,191.10338885,2.70573351,191.10338885,1.35975113,0.00000000,4.47619857,41.88693160,139.98174338,2.52742810,-1.34598238,-2.23108720,
1.00000000,16.00000000,8.99366713,69.00000000,0.00000000,3.46231758,38.96718163,3.46231758,38.96718163,1.75123717,0.00000000,3.18057220,32.00489182,1.98540213,0.00000000,-1.71108041,-1.79631549,
1.00000000,17.00000000,9.29855013,77.00000000,0.00000000,2.88858989,9.19711242,2.88858989,9.19711242,1.51504857,0.00000000,5.37887245,0.00000000,2.60890458,0.00000000,-1.37354132,-1.20933540,
1.00000000,18.00000000,5.72981215,48.00000000,0.00000000,3.30717678,54.83032924,3.30717678,54.83032924,1.77246997,0.00000871,7.68747255,0.00000000,34.05094667,8.89575880,-1.53469809,-4.19615123,
1.00000000,19.00000000,7.57944107,50.00000000,0.00000000,2.95143530,8.89931846,2.95143530,8.89931846,1.38045872,0.00002278,4.49553384,0.00000000,1.81855099,1.11381797,-1.57095380,-1.47141566,
1.00000000,2.00000000,10.59198046,57.00000000,0.00000000,2.99161102,146.45038138,2.99161102,146.45038138,1.51129015,0.00000006,6.81382379,0.00000000,98.35072258,35.64908837,-1.48032082,-5.63674664,
1.00000000,20.00000000,11.21899629,47.00000000,0.00000000,2.29656263,9.01826974,2.29656263,9.01826974,0.88548696,0.00000507,6.13090071,0.00000000,1.13650984,0.40740262,-1.41107060,-1.34345656,
1.00000000,3.00000000,5.85056162,47.00000000,0.00000000,3.19574862,677.80626750,3.19574862,677.80626750,1.63063951,0.00000975,2.05914813,28.72570045,380.34671597,263.86366685,-1.56509936,-2.81103611,
1.00000000,4.00000000,7.83670425,42.00000000,0.00000000,3.19191770,7.51164191,3.19191770,7.51164191,1.70372423,0.00001222,3.85760334,0.00000000,1.79994289,0.35033662,-1.48818125,-1.50375905,
1.00000000,5.00000000,4.85780907,53.00000000,0.00000000,2.30778312,93.73758621,2.30778312,93.73758621,1.16486563,0.00000397,4.61979692,86.39532636,1.41703096,0.15811533,-1.14291352,-1.14731664,
1.00000000,6.00000000,4.72133183,45.00000000,0.00000000,2.41936831,17.19276800,2.41936831,17.19276800,1.08641124,0.00000151,6.02535218,8.61320407,1.25834803,0.01526644,-1.33295555,-1.28059727,
1.00000000,7.00000000,17.30906940,74.00000000,0.00000000,3.16320970,39.71573116,3.16320970,39.71573116,1.58423782,0.00001185,3.32323121,32.70508567,2.16961617,0.00000000,-1.57896003,-1.51779811,
1.00000000,8.00000000,9.65156221,58.00000000,0.00000000,3.59061229,87.29023482,3.59061229,87.29023482,1.82555469,0.00000096,2.54973110,79.17457257,3.29772973,0.14760791,-1.76505664,-2.12059351,
1.00000000,9.00000000,3.65670633,37.00000000,0.00000000,2.73603082,15.30447370,2.73603082,15.30447370,1.64565487,0.00000172,6.15420842,5.48074771,2.05142782,0.37013785,-1.09037423,-1.24795189,
20.00000000,1.00000000,8.59775162,64.00000000,0.00000000,8.42320813,20.72651434,8.42320813,20.72651434,6.23828268,0.00482368,4.72212789,7.37611467,6.32785088,0.14429228,-0.10900509,-0.10780643,
20.00000000,10.00000000,11.69186926,55.00000000,0.00000000,5.79467257,27.47128709,5.79467257,27.47128709,4.61251941,0.00171592,8.59513627,13.10647909,4.54532511,0.01246338,-0.05902186,-0.06059416,
20.00000000,11.00000000,9.58859324,61.00000000,0.00000000,8.84983586,13.51954652,8.84983586,13.51954652,6.77048534,0.00572920,4.29169674,0.24955251,6.86904827,0.04466537,-0.10368107,-0.10322918,
20.00000000,12.00000000,5.83610988,53.00000000,0.00000000,8.59033195,14.24961919,8.59033195,14.24961919,6.54819692,0.00478901,4.95549486,0.29807207,6.35439843,0.46289889,-0.10186730,-0.10893775,
20.00000000,13.00000000,10.32212424,62.00000000,0.00000000,7.41732764,17.15495758,7.41732764,17.15495758,5.63793004,0.00436531,6.67968578,1.23406167,5.48207257,1.95352799,-0.08875161,-0.09028048,
20.00000000,14.00000000,17.01328564,49.00000000,0.00000000,7.19580761,14.36935086,7.19580761,14.36935086,5.49609343,0.00507619,6.98633209,0.08227922,5.44934864,0.16297167,-0.08473190,-0.08442096,
20.00000000,15.00000000,7.20039797,36.00000000,0.00000000,8.02763116,28.76913940,8.02763116,28.76913940,6.20544980,0.00007150,4.86199572,15.89340926,5.93133291,0.00121086,-0.09110549,-0.10405953,
20.00000000,16.00000000,4.57007599,45.00000000,0.00000000,9.13489801,18.40334994,9.13489801,18.40334994,7.45960069,0.00139938,4.48640034,4.71626543,7.57126558,0.00000000,-0.08369490,-0.08147093,
20.00000000,17.00000000,13.85415888,46.00000000,0.00000000,8.33393176,13.54922397,8.33393176,13.54922397,6.25349454,0.00224460,5.07856391,0.00000000,6.50189994,0.02623820,-0.10390963,-0.09712610,
20.00000000,18.00000000,5.91230011,57.00000000,0.00000000,9.05651974,25.54948877,9.05651974,25.54948877,7.23585586,0.00069650,4.54365870,11.84697893,7.30548560,0.04333606,-0.09099837,-0.09050147,
20.00000000,19.00000000,5.33337855,58.00000000,0.00000000,9.41446207,13.42944171,9.41446207,13.42944171,7.16383560,0.00436153,3.76079348,0.00000000,7.26360896,0.25906176,-0.11231325,-0.10729888,
20.00000000,2.00000000,6.97958112,54.00000000,0.00000000,8.64139808,13.39296152,8.64139808,13.39296152,6.67000376,0.00257058,4.78627932,0.00000000,6.55944560,0.02101990,-0.09844119,-0.10131083,
20.00000000,20.00000000,6.11347532,70.00000000,0.00000000,7.44651797,14.58530703,7.44651797,14.58530703,5.88404573,0.00583473,6.79158987,0.30773472,5.85056437,0.06350254,-0.07783188,-0.07859578,
20.00000000,3.00000000,4.18226576,40.00000000,0.00000000,9.78413459,14.52880119,9.78413459,14.52880119,7.37524691,0.00508886,2.73635707,0.53345319,7.02846002,1.43055420,-0.12018994,-0.13999884,
20.00000000,4.00000000,6.50101256,39.00000000,0.00000000,8.78182186,13.80285125,8.78182186,13.80285125,6.89293638,0.00382968,4.55976742,0.00968495,6.86429252,0.49714531,-0.09425279,-0.09359805,
20.00000000,5.00000000,5.26535654,44.00000000,0.00000000,7.36395014,18.28722252,7.36395014,18.28722252,5.38998780,0.00573687,5.38103051,5.29126289,5.59554983,0.10822750,-0.09841127,-0.09555759,
20.00000000,6.00000000,4.85931611,46.00000000,0.00000000,8.82794506,15.14012173,8.82794506,15.14012173,6.35817150,0.00402378,3.87727985,2.28996373,6.52140528,0.01333601,-0.12328749,-0.12190684,
20.00000000,7.00000000,8.30130196,55.00000000,0.00000000,9.49356187,17.50947490,9.49356187,17.50947490,7.31191616,0.00309134,3.51676103,4.52585910,7.35866279,0.03240670,-0.10892772,-0.10378926,
20.00000000,8.00000000,4.15316105,39.00000000,0.00000000,10.10628715,84.71218001,10.10628715,84.71218001,8.06487290,0.00046941,2.29901381,72.35302846,8.03894300,0.00000000,-0.10204724,-0.10105974,
20.00000000,9.00000000,3.48616409,39.00000000,0.00000000,6.81694557,28.95467542,6.81694557,28.95467542,5.36782807,0.00158057,6.47234099,15.65386911,5.34262866,0.00000000,-0.07237685,-0.07429183,
2.00000000,1.00000000,6.54978275,47.00000000,0.00000000,3.56996636,38.84881286,3.56996636,38.84881286,1.82418925,0.00004281,5.22811599,28.26169343,2.79052399,0.00000000,-0.87286715,-1.28423973,
2.00000000,10.00000000,8.37104464,47.00000000,0.00000000,3.07527159,33.42332460,3.07527159,33.42332460,2.01149723,0.00000419,7.62048389,13.70863942,10.74738148,0.00000000,-0.53188508,-0.67340991,
2.00000000,11.00000000,5.89665747,55.00000000,0.00000000,4.21683392,8.94796720,4.21683392,8.94796720,2.47475917,0.00004809,4.29501172,0.00000000,2.60865335,0.31178547,-0.87101333,-0.86625833,
2.00000000,12.00000000,9.50822520,54.00000000,0.00000000,4.06147420,10.58079053,4.06147420,10.58079053,2.35669520,0.00002659,5.12620983,0.00879341,2.71332255,0.95710855,-0.85237621,-0.88767810,
2.00000000,13.00000000,9.12881517,34.00000000,0.00000000,3.47771595,15.21704612,3.47771595,15.21704612,1.97647585,0.00002017,6.77005200,0.04473657,2.07468457,4.87694278,-0.75060997,-0.72531510,
2.00000000,14.00000000,6.58451176,29.00000000,0.00000000,3.44105275,10.78668377,3.44105275,10.78668377,1.98434063,0.00000570,7.21691363,0.00000000,1.90722522,0.00000000,-0.72835321,-0.83127246,
2.00000000,15.00000000,7.68238783,47.00000000,0.00000000,3.73335404,87.75567431,3.73335404,87.75567431,2.12168143,0.00000000,4.67851933,37.68877663,42.85649059,0.00000000,-0.80583630,-1.26594389,
2.00000000,16.00000000,6.97589111,46.00000000,0.00000000,4.73731637,45.29998794,4.73731637,45.29998794,2.79569287,0.00000000,3.37813499,37.07147794,2.90273951,0.00000000,-0.97081175,-0.97381776,
2.00000000,17.00000000,11.30995893,57.00000000,0.00000000,3.92520346,9.83421134,3.92520346,9.83421134,2.31893693,0.00000133,5.28244266,0.00000000,3.08863275,0.00000000,-0.80313260,-0.73156796,
2.00000000,18.00000000,6.51525617,41.00000000,0.00000000,4.48047326,9.38476799,4.48047326,9.38476799,2.63666612,0.00000394,4.54144493,0.00000000,2.61305665,0.28469632,-0.92190160,-0.97278504,
2.00000000,19.00000000,4.51521659,45.00000000,0.00000000,4.18258575,9.89568717,4.18258575,9.89568717,2.21393998,0.00003388,4.38938954,0.00000000,2.55215177,1.11600992,-0.98430594,-0.91906797,
2.00000000,2.00000000,8.50577164,49.00000000,0.00000000,4.11569601,8.77201240,4.11569601,8.77201240,2.36317481,0.00000307,4.22310633,0.00000000,2.44596387,0.03039773,-0.87625907,-1.03627223,
2.00000000,20.00000000,3.83815074,31.00000000,0.00000000,3.39344754,9.58789806,3.39344754,9.58789806,1.66815159,0.00002355,6.08838692,0.00000000,1.74195847,0.07528353,-0.86263620,-0.84113457,
2.00000000,3.00000000,8.18563938,39.00000000,0.00000000,4.41455440,231.21949223,4.41455440,231.21949223,2.46494124,0.00001244,2.20449040,0.00328683,153.54530185,71.98021380,-0.97480036,-1.74309968,
2.00000000,4.00000000,11.10486531,32.00000000,0.00000000,4.32471795,8.78781655,4.32471795,8.78781655,2.55469839,0.00000965,3.95325184,0.00000000,2.63349141,0.43413948,-0.88500496,-0.88346691,
2.00000000,5.00000000,3.71246123,45.00000000,0.00000000,3.20016802,61.04003160,3.20016802,61.04003160,1.76512554,0.00001938,4.68348938,52.89052232,2.00249484,0.05232932,-0.71751155,-0.70559787,
2.00000000,6.00000000,3.53944468,35.00000000,0.00000000,3.50007878,21.35156923,3.50007878,21.35156923,1.71114227,0.00000501,5.40224891,12.32818864,1.89974877,0.00465196,-0.89446575,-0.85836548,
2.00000000,7.00000000,11.42937613,55.00000000,0.00000000,4.38643855,49.37996848,4.38643855,49.37996848,2.44817126,0.00001616,3.23892120,41.45999825,2.86352067,0.00000000,-0.96912556,-0.90876418,
2.00000000,8.00000000,5.79135585,45.00000000,0.00000000,4.92716264,77.34929221,4.92716264,77.34929221,2.85306422,0.00000006,2.26797362,70.11037328,2.85948180,0.00000000,-1.03704918,-1.05573176,
2.00000000,9.00000000,3.08564591,29.00000000,0.00000000,3.54585585,17.66558065,3.54585585,17.66558065,2.29920674,0.00000590,6.09840314,8.00335410,2.22858018,0.00000000,-0.62332161,-0.66762162,
50.00000000,1.00000000,12.62078762,97.00000000,0.00000000,10.35935079,16.60516082,10.35935079,16.60516082,8.25180665,0.02996552,4.65136018,1.31183781,8.29385790,0.23245239,-0.04155157,-0.04231305,
50.00000000,10.00000000,12.27552485,70.00000000,0.00000000,6.82499913,29.68497680,6.82499913,29.68497680,5.71523149,0.01385538,8.66756878,14.23500560,5.68612266,0.02035543,-0.02191825,-0.02151849,
50.00000000,11.00000000,10.78701472,90.00000000,0.00000000,10.70137610,16.01453572,10.70137610,16.01453572,8.66418794,0.03318538,4.29696943,0.82029481,8.75703079,0.10591391,-0.04008006,-0.04068654,
50.00000000,12.00000000,14.84683943,74.00000000,0.00000000,10.38545802,16.59603072,10.38545802,16.59603072,8.42611718,0.03095001,4.95535073,0.95876443,8.26680769,0.45213221,-0.03856782,-0.03925951,
50.00000000,13.00000000,10.62690306,75.00000000,0.00000000,9.00815110,19.00135404,9.00815110,19.00135404,7.26382926,0.02187709,6.51996802,1.88999473,7.09857214,1.75773639,-0.03444889,-0.03470166,
50.00000000,14.00000000,10.97794771,95.00000000,0.00000000,8.77448268,15.68607942,8.77448268,15.68607942,6.94672823,0.03232384,6.90128187,0.00155672,6.91130207,0.12100714,-0.03590861,-0.03501863,
50.00000000,15.00000000,13.33335471,49.00000000,0.00000000,9.51804738,30.36215898,9.51804738,30.36215898,8.08496689,0.00079806,4.92885762,15.97128583,7.98934572,0.00016596,-0.02864565,-0.02945008,
50.00000000,16.00000000,9.60849619,55.00000000,0.00000000,10.59530459,17.35604352,10.59530459,17.35604352,9.00831016,0.01448946,4.75424780,1.97924287,9.09252768,0.00195369,-0.03145010,-0.03056143,
50.00000000,17.00000000,19.21096230,64.00000000,0.00000000,10.21172367,15.75355310,10.21172367,15.75355310,8.13369383,0.02229649,4.99434363,0.47633894,8.25240550,0.04887272,-0.04111467,-0.03963185,
50.00000000,18.00000000,7.75300288,64.00000000,0.00000000,10.58652318,28.57740453,10.58652318,28.57740453,9.02532096,0.01075256,4.37425531,13.56533521,9.09385054,0.00012794,-0.03100899,-0.03087671,
50.00000000,19.00000000,21.51377463,84.00000000,0.00000000,11.39335976,15.15889769,11.39335976,15.15889769,9.23735160,0.03157532,3.71688349,0.00076409,9.23953555,0.16431368,-0.04248866,-0.04074802,
50.00000000,2.00000000,8.80813479,69.00000000,0.00000000,10.41180886,15.22926113,10.41180886,15.22926113,8.44002279,0.02222124,4.84074977,0.00000000,8.36123803,0.05293446,-0.03899130,-0.03948678,
50.00000000,20.00000000,7.53122091,84.00000000,0.00000000,8.82414178,15.86274306,8.82414178,15.86274306,7.26306796,0.03391274,6.96392740,0.01374447,7.24472155,0.10661235,-0.03054322,-0.03067475,
50.00000000,3.00000000,7.19500947,54.00000000,0.00000000,11.91001482,17.28529537,11.91001482,17.28529537,9.60748483,0.03450837,2.83439789,1.50481424,9.26764438,1.33783159,-0.04536043,-0.04681215,
50.00000000,4.00000000,10.47672892,59.00000000,0.00000000,10.49277428,16.11258756,10.49277428,16.11258756,8.55759541,0.02736160,4.71807168,0.53659728,8.49947112,0.48165897,-0.03815635,-0.03753577,
50.00000000,5.00000000,6.88507009,63.00000000,0.00000000,9.14146997,16.65235431,9.14146997,16.65235431,7.16722727,0.03449756,5.65728788,1.55238773,7.30984092,0.17396884,-0.03879490,-0.03917738,
50.00000000,6.00000000,6.56203055,65.00000000,0.00000000,11.00368907,15.14965532,11.00368907,15.14965532,8.65548817,0.02898741,3.73872703,0.26167327,8.82156452,0.04202791,-0.04638427,-0.04571325,
50.00000000,7.00000000,11.69969368,70.00000000,0.00000000,11.40046560,15.42630543,11.40046560,15.42630543,9.33414098,0.02465035,3.68641897,0.41651464,9.23265005,0.07204989,-0.04083349,-0.04037344,
50.00000000,8.00000000,6.08435440,49.00000000,0.00000000,11.71184920,87.67053089,11.71184920,87.67053089,10.27040952,0.00226874,2.28648849,73.75217492,10.20007175,0.00000000,-0.02878342,-0.02863591,
50.00000000,9.00000000,4.93460393,53.00000000,0.00000000,8.09384768,32.00428614,8.09384768,32.00428614,6.73052281,0.01355205,6.62370161,17.26391264,6.73389624,0.00837309,-0.02699546,-0.02748805,
5.00000000,1.00000000,5.00243163,44.00000000,0.00000000,5.36467642,38.79611736,5.36467642,38.79611736,3.23094093,0.00028569,4.94324216,28.31625582,3.33829602,0.09619597,-0.42668996,-0.42042548,
5.00000000,10.00000000,6.08238244,36.00000000,0.00000000,4.10546504,23.09459078,4.10546504,23.09459078,2.91773058,0.00005063,8.13428024,10.10718775,3.49926719,0.00000000,-0.23753677,-0.27077112,
5.00000000,11.00000000,4.90430045,42.00000000,0.00000000,5.94707608,10.37069274,5.94707608,10.37069274,3.92463343,0.00029022,4.31729315,0.00000000,4.01220462,0.04245207,-0.40443049,-0.39974858,
5.00000000,12.00000000,4.89458108,40.00000000,0.00000000,5.73971612,11.44934891,5.73971612,11.44934891,3.78257176,0.00018274,5.06490431,0.02159859,3.80479596,0.48857050,-0.39139232,-0.41389591,
5.00000000,13.00000000,5.38330626,36.00000000,0.00000000,4.95378854,14.77588478,4.95378854,14.77588478,3.24430517,0.00025601,6.79232841,0.31892722,3.17270581,2.76297281,-0.34184547,-0.34579010,
5.00000000,14.00000000,6.37026501,31.00000000,0.00000000,4.86852908,11.97465775,4.86852908,11.97465775,3.23269541,0.00016438,7.14145439,0.00000000,3.16661748,0.00000000,-0.32713386,-0.33331718,
5.00000000,15.00000000,4.64944196,33.00000000,0.00000000,5.34715091,43.05259636,5.34715091,43.05259636,3.45191631,0.00000000,4.78472108,26.70401382,8.78462355,0.00000000,-0.37904692,-0.55584758,
5.00000000,16.00000000,4.16293216,36.00000000,0.00000000,6.55808870,37.69471355,6.55808870,37.69471355,4.56734180,0.00000000,3.78001604,27.25973157,4.71809471,0.00587243,-0.39814938,-0.38619976,
5.00000000,17.00000000,5.66962123,39.00000000,0.00000000,5.52005413,11.05128441,5.52005413,11.05128441,3.63754945,0.00002678,5.19053394,0.00000000,4.09185218,0.01961646,-0.37649558,-0.34985637,
5.00000000,18.00000000,5.62816906,38.00000000,0.00000000,6.29760210,14.13678214,6.29760210,14.13678214,4.22936429,0.00000868,4.68741391,2.89711908,4.32353152,0.19817430,-0.41364583,-0.40610867,
5.00000000,19.00000000,3.77727246,38.00000000,0.00000000,6.17075203,11.06941993,6.17075203,11.06941993,3.84368847,0.00021640,4.11069642,0.00000000,4.07125410,0.66921843,-0.46536943,-0.44365020,
5.00000000,2.00000000,7.78511620,40.00000000,0.00000000,5.84587683,10.40037187,5.84587683,10.40037187,3.85250536,0.00004346,4.48461089,0.00000000,3.80730562,0.03864467,-0.39866560,-0.41396214,
5.00000000,20.00000000,4.21970296,36.00000000,0.00000000,5.05859658,11.86449142,5.05859658,11.86449142,3.20783722,0.00022249,6.30799926,0.49354079,3.20652914,0.01147004,-0.37010737,-0.36899044,
5.00000000,3.00000000,3.50906610,28.00000000,0.00000000,6.40308708,37.21284752,6.40308708,37.21284752,4.04824560,0.00023265,2.47167527,0.00000000,25.99048323,5.05193945,-0.47092177,-0.73974992,
5.00000000,4.00000000,6.22488713,28.00000000,0.00000000,6.06266277,10.73346744,6.06266277,10.73346744,4.07973010,0.00011159,4.16991651,0.00000000,4.08595997,0.47854969,-0.39656422,-0.39980825,
5.00000000,5.00000000,3.59201503,32.00000000,0.00000000,4.68749185,35.80923803,4.68749185,35.80923803,2.89181669,0.00020932,4.89352214,26.01105891,3.12176472,0.03982350,-0.35909317,-0.34861375,
5.00000000,6.00000000,3.40189195,30.00000000,0.00000000,5.39745719,20.99702519,5.39745719,20.99702519,3.07711182,0.00014721,4.62071412,10.85758225,3.24735809,0.00411313,-0.46403963,-0.45345152,
5.00000000,7.00000000,5.29063964,39.00000000,0.00000000,6.32754485,41.24646065,6.32754485,41.24646065,4.06149868,0.00004415,3.28174414,31.47842209,4.32967546,0.00740414,-0.45320041,-0.42984296,
5.00000000,8.00000000,5.50594568,36.00000000,0.00000000,6.96359951,72.47752975,6.96359951,72.47752975,4.63114947,0.00000841,2.27779570,63.24033785,4.65862709,0.00000000,-0.46648833,-0.46015382,
5.00000000,9.00000000,5.39217830,29.00000000,0.00000000,4.77704058,23.52516364,4.77704058,23.52516364,3.34736144,0.00004333,6.17337264,12.58179796,3.29562139,0.00000000,-0.28592716,-0.29487433,