alpha,seed,kish[0],relkish[0],test_kish[0],test_relkish[0],
inf,1.00000000,0.00001479,1.00000000,0.00002961,1.00000000,
0.00000000,1.00000000,1.00000000,67630.00000000,1.00000000,33770.00000000,alpha,seed,kish[0],relkish[0],test_kish[0],test_relkish[0],
inf,10.00000000,0.00001471,1.00000000,0.00002991,1.00000000,
0.00000000,10.00000000,1.00000000,67967.00000000,1.00000000,33433.00000000,alpha,seed,kish[0],relkish[0],test_kish[0],test_relkish[0],
inf,11.00000000,0.00001475,1.00000000,0.00002977,1.00000000,
0.00000000,11.00000000,1.00000000,67814.00000000,1.00000000,33586.00000000,
0.01000000,1.00000000,0.03049509,2062.38308497,0.99999891,33769.96320364,
0.01000000,10.00000000,0.05209146,3540.50009223,0.92199273,30824.98304380,
0.01000000,11.00000000,0.07465181,5062.43761690,0.99911709,33556.34672977,
0.01000000,12.00000000,0.06981938,4687.53371369,0.44925161,15392.25868775,
0.01000000,13.00000000,0.04034362,2707.98467874,0.81185846,27828.07237926,
0.01000000,14.00000000,0.04077424,2757.11340532,0.99999377,33780.78954083,
0.01000000,15.00000000,0.04592267,3115.25614703,0.49854367,16732.62116689,
0.01000000,16.00000000,0.07807268,5267.95381212,0.96049212,32584.69509717,
0.01000000,17.00000000,0.04243983,2876.14721116,0.99977532,33622.44387266,
0.01000000,18.00000000,0.04837005,3267.20352077,0.99999034,33853.67309458,
0.01000000,19.00000000,0.05689079,3816.68911931,0.98623660,33839.75029264,alpha,seed,kish[0],relkish[0],test_kish[0],test_relkish[0],
inf,12.00000000,0.00001489,1.00000000,0.00002919,1.00000000,
0.00000000,12.00000000,1.00000000,67138.00000000,1.00000000,34262.00000000,
0.01000000,2.00000000,0.04542410,3073.44025142,1.00000000,33739.00000000,
0.01000000,20.00000000,0.01322116,893.48599290,0.34965373,11825.28905027,alpha,seed,kish[0],relkish[0],test_kish[0],test_relkish[0],
inf,13.00000000,0.00001490,1.00000000,0.00002917,1.00000000,
0.00000000,13.00000000,1.00000000,67123.00000000,1.00000000,34277.00000000,
0.01000000,3.00000000,0.05292795,3566.70858980,0.99997578,34011.17615774,alpha,seed,kish[0],relkish[0],test_kish[0],test_relkish[0],
inf,14.00000000,0.00001479,1.00000000,0.00002960,1.00000000,
0.00000000,14.00000000,1.00000000,67619.00000000,1.00000000,33781.00000000,
0.01000000,4.00000000,0.04523533,3047.82100097,0.79107037,26914.58722388,alpha,seed,kish[0],relkish[0],test_kish[0],test_relkish[0],
inf,15.00000000,0.00001474,1.00000000,0.00002979,1.00000000,
0.00000000,15.00000000,1.00000000,67837.00000000,1.00000000,33563.00000000,
0.01000000,5.00000000,0.05579480,3777.41939145,0.98002037,33024.72633476,alpha,seed,kish[0],relkish[0],test_kish[0],test_relkish[0],
inf,16.00000000,0.00001482,1.00000000,0.00002948,1.00000000,
0.00000000,16.00000000,1.00000000,67475.00000000,1.00000000,33925.00000000,
0.01000000,6.00000000,0.03980509,2669.64797452,0.96998422,33301.49818443,alpha,seed,kish[0],relkish[0],test_kish[0],test_relkish[0],
inf,17.00000000,0.00001476,1.00000000,0.00002974,1.00000000,
0.00000000,17.00000000,1.00000000,67770.00000000,1.00000000,33630.00000000,
0.01000000,7.00000000,0.10613166,7184.37048309,0.82089290,27669.83683535,alpha,seed,kish[0],relkish[0],test_kish[0],test_relkish[0],
inf,18.00000000,0.00001480,1.00000000,0.00002954,1.00000000,
0.00000000,18.00000000,1.00000000,67546.00000000,1.00000000,33854.00000000,
0.01000000,8.00000000,0.05459778,3708.39062640,0.68615704,22971.16541962,alpha,seed,kish[0],relkish[0],test_kish[0],test_relkish[0],
inf,19.00000000,0.00001491,1.00000000,0.00002914,1.00000000,
0.00000000,19.00000000,1.00000000,67088.00000000,1.00000000,34312.00000000,
0.01000000,9.00000000,0.04905257,3294.56653317,0.69485979,23789.21986751,alpha,seed,kish[0],relkish[0],test_kish[0],test_relkish[0],
inf,2.00000000,0.00001478,1.00000000,0.00002964,1.00000000,
0.00000000,2.00000000,1.00000000,67661.00000000,1.00000000,33739.00000000,alpha,seed,kish[0],relkish[0],test_kish[0],test_relkish[0],
inf,20.00000000,0.00001480,1.00000000,0.00002957,1.00000000,
0.00000000,20.00000000,0.50743278,34292.30750841,1.00000000,33820.00000000,alpha,seed,kish[0],relkish[0],test_kish[0],test_relkish[0],
inf,3.00000000,0.00001484,1.00000000,0.00002940,1.00000000,
0.00000000,3.00000000,1.00000000,67388.00000000,1.00000000,34012.00000000,alpha,seed,kish[0],relkish[0],test_kish[0],test_relkish[0],
inf,4.00000000,0.00001484,1.00000000,0.00002939,1.00000000,
0.00000000,4.00000000,1.00000000,67377.00000000,1.00000000,34023.00000000,alpha,seed,kish[0],relkish[0],test_kish[0],test_relkish[0],
inf,5.00000000,0.00001477,1.00000000,0.00002968,1.00000000,
0.00000000,5.00000000,1.00000000,67702.00000000,1.00000000,33698.00000000,alpha,seed,kish[0],relkish[0],test_kish[0],test_relkish[0],
inf,6.00000000,0.00001491,1.00000000,0.00002913,1.00000000,
0.00000000,6.00000000,1.00000000,67068.00000000,1.00000000,34332.00000000,alpha,seed,kish[0],relkish[0],test_kish[0],test_relkish[0],
inf,7.00000000,0.00001477,1.00000000,0.00002967,1.00000000,
0.00000000,7.00000000,1.00000000,67693.00000000,1.00000000,33707.00000000,alpha,seed,kish[0],relkish[0],test_kish[0],test_relkish[0],
inf,8.00000000,0.00001472,1.00000000,0.00002987,1.00000000,
0.00000000,8.00000000,1.00000000,67922.00000000,1.00000000,33478.00000000,alpha,seed,kish[0],relkish[0],test_kish[0],test_relkish[0],
inf,9.00000000,0.00001489,1.00000000,0.00002921,1.00000000,
0.00000000,9.00000000,1.00000000,67164.00000000,1.00000000,34236.00000000,
0.10000000,1.00000000,0.00381305,257.87628534,0.99200605,33500.04443166,
0.10000000,10.00000000,0.00814688,553.71893843,0.13633705,4558.15668133,
0.10000000,11.00000000,0.01328277,900.75778755,0.04866728,1634.53927254,
0.10000000,12.00000000,0.01216677,816.85280241,0.20613190,7062.49114816,
0.10000000,13.00000000,0.00522539,350.74377702,0.03157123,1082.16695057,
0.10000000,14.00000000,0.00826462,558.84510079,0.64756391,21875.35633179,
0.10000000,15.00000000,0.00669860,454.41280288,0.48174564,16168.82892496,
0.10000000,16.00000000,0.02882384,1944.88884915,0.26696910,9056.92682141,
0.10000000,17.00000000,0.00800683,542.62265282,0.63320179,21294.57633292,
0.10000000,18.00000000,0.01815992,1226.63020189,0.93586699,31682.84092371,
0.10000000,19.00000000,0.00860780,577.47978507,0.09229660,3166.88084004,
0.10000000,2.00000000,0.00902435,610.59624610,0.99802179,33672.25702374,
0.10000000,20.00000000,0.00357788,241.79340325,0.01218420,412.06978974,
0.10000000,3.00000000,0.01316107,886.89826422,0.31362039,10666.85682724,
0.10000000,4.00000000,0.01134564,764.43498352,0.27568255,9379.54747038,
0.10000000,5.00000000,0.00506974,343.23125342,0.06134098,2067.06851075,
0.10000000,6.00000000,0.00371810,249.36542961,0.02480556,851.62456289,
0.10000000,7.00000000,0.01548527,1048.24463153,0.30796593,10380.60769556,
0.10000000,8.00000000,0.01921615,1305.19958174,0.21028852,7040.03903613,
0.10000000,9.00000000,0.00812473,545.68909554,0.03784151,1295.54189781,
1000000.00000000,1.00000000,0.00001479,1.00000110,0.00002961,1.00000115,
1000000.00000000,10.00000000,0.00001471,1.00000074,0.00002991,1.00000064,
1000000.00000000,11.00000000,0.00001475,1.00000046,0.00002977,1.00000048,
1000000.00000000,12.00000000,0.00001489,1.00000054,0.00002919,1.00000053,
1000000.00000000,13.00000000,0.00001490,1.00000127,0.00002917,1.00000127,
1000000.00000000,14.00000000,0.00001479,1.00000105,0.00002960,1.00000108,
1000000.00000000,15.00000000,0.00001474,1.00000063,0.00002979,1.00000063,
1000000.00000000,16.00000000,0.00001482,1.00000085,0.00002948,1.00000080,
1000000.00000000,17.00000000,0.00001476,1.00000028,0.00002974,1.00000026,
1000000.00000000,18.00000000,0.00001480,1.00000067,0.00002954,1.00000072,
1000000.00000000,19.00000000,0.00001491,1.00000068,0.00002914,1.00000062,
1000000.00000000,2.00000000,0.00001478,1.00000081,0.00002964,1.00000080,
1000000.00000000,20.00000000,0.00001480,1.00000147,0.00002957,1.00000135,
1000000.00000000,3.00000000,0.00001484,1.00000026,0.00002940,1.00000027,
1000000.00000000,4.00000000,0.00001484,1.00000049,0.00002939,1.00000047,
1000000.00000000,5.00000000,0.00001477,1.00000046,0.00002968,1.00000049,
1000000.00000000,6.00000000,0.00001491,1.00000142,0.00002913,1.00000137,
1000000.00000000,7.00000000,0.00001477,1.00000069,0.00002967,1.00000070,
1000000.00000000,8.00000000,0.00001472,1.00000000,0.00002987,1.00000000,
1000000.00000000,9.00000000,0.00001489,1.00000039,0.00002921,1.00000032,
100000.00000000,1.00000000,0.00001479,1.00009599,0.00002962,1.00009994,
100000.00000000,10.00000000,0.00001471,1.00006464,0.00002991,1.00005726,
100000.00000000,11.00000000,0.00001475,1.00004447,0.00002978,1.00004626,
100000.00000000,12.00000000,0.00001490,1.00004794,0.00002919,1.00004739,
100000.00000000,13.00000000,0.00001490,1.00010175,0.00002918,1.00010137,
100000.00000000,14.00000000,0.00001479,1.00010300,0.00002961,1.00010531,
100000.00000000,15.00000000,0.00001474,1.00005034,0.00002980,1.00005047,
100000.00000000,16.00000000,0.00001482,1.00007123,0.00002948,1.00006737,
100000.00000000,17.00000000,0.00001476,1.00002520,0.00002974,1.00002321,
100000.00000000,18.00000000,0.00001481,1.00005489,0.00002954,1.00005850,
100000.00000000,19.00000000,0.00001491,1.00007312,0.00002915,1.00006833,
100000.00000000,2.00000000,0.00001478,1.00006393,0.00002964,1.00006326,
100000.00000000,20.00000000,0.00001480,1.00010821,0.00002957,1.00009898,
100000.00000000,3.00000000,0.00001484,1.00002344,0.00002940,1.00002467,
100000.00000000,4.00000000,0.00001484,1.00005051,0.00002939,1.00004789,
100000.00000000,5.00000000,0.00001477,1.00004315,0.00002968,1.00004593,
100000.00000000,6.00000000,0.00001491,1.00010578,0.00002913,1.00010273,
100000.00000000,7.00000000,0.00001477,1.00006457,0.00002967,1.00006582,
100000.00000000,8.00000000,0.00001472,1.00000008,0.00002987,1.00000008,
100000.00000000,9.00000000,0.00001489,1.00003485,0.00002921,1.00002891,
10000.00000000,1.00000000,0.00001483,1.00273192,0.00002970,1.00287023,
10000.00000000,10.00000000,0.00001474,1.00161318,0.00002996,1.00148851,
10000.00000000,11.00000000,0.00001477,1.00180133,0.00002983,1.00189144,
10000.00000000,12.00000000,0.00001492,1.00188672,0.00002924,1.00185256,
10000.00000000,13.00000000,0.00001494,1.00281177,0.00002925,1.00276454,
10000.00000000,14.00000000,0.00001483,1.00294691,0.00002969,1.00288451,
10000.00000000,15.00000000,0.00001476,1.00149411,0.00002984,1.00149531,
10000.00000000,16.00000000,0.00001485,1.00232088,0.00002954,1.00220166,
10000.00000000,17.00000000,0.00001477,1.00127202,0.00002977,1.00118642,
10000.00000000,18.00000000,0.00001483,1.00152848,0.00002958,1.00156938,
10000.00000000,19.00000000,0.00001494,1.00242826,0.00002921,1.00226257,
10000.00000000,2.00000000,0.00001481,1.00229637,0.00002971,1.00228880,
10000.00000000,20.00000000,0.00001484,1.00290409,0.00002965,1.00271575,
10000.00000000,3.00000000,0.00001486,1.00119657,0.00002944,1.00125101,
10000.00000000,4.00000000,0.00001487,1.00196122,0.00002945,1.00186850,
10000.00000000,5.00000000,0.00001480,1.00172695,0.00002973,1.00184068,
10000.00000000,6.00000000,0.00001495,1.00285077,0.00002921,1.00279278,
10000.00000000,7.00000000,0.00001481,1.00225538,0.00002974,1.00228486,
10000.00000000,8.00000000,0.00001472,1.00000721,0.00002987,1.00000706,
10000.00000000,9.00000000,0.00001491,1.00108966,0.00002924,1.00094160,
1000.00000000,1.00000000,0.00001498,1.01328088,0.00003003,1.01409677,
1000.00000000,10.00000000,0.00001482,1.00750531,0.00003012,1.00713571,
1000.00000000,11.00000000,0.00001493,1.01224968,0.00003016,1.01294748,
1000.00000000,12.00000000,0.00001509,1.01282217,0.00002955,1.01253961,
1000.00000000,13.00000000,0.00001509,1.01258011,0.00002954,1.01238988,
1000.00000000,14.00000000,0.00001500,1.01426661,0.00003000,1.01354483,
1000.00000000,15.00000000,0.00001483,1.00606838,0.00002998,1.00608209,
1000.00000000,16.00000000,0.00001500,1.01240742,0.00002983,1.01185485,
1000.00000000,17.00000000,0.00001493,1.01187969,0.00003007,1.01137171,
1000.00000000,18.00000000,0.00001492,1.00759130,0.00002976,1.00751717,
1000.00000000,19.00000000,0.00001512,1.01409273,0.00002953,1.01310124,
1000.00000000,2.00000000,0.00001498,1.01342898,0.00003004,1.01349079,
1000.00000000,20.00000000,0.00001500,1.01388159,0.00002997,1.01344523,
1000.00000000,3.00000000,0.00001501,1.01142913,0.00002975,1.01175806,
1000.00000000,4.00000000,0.00001504,1.01324553,0.00002977,1.01270468,
1000.00000000,5.00000000,0.00001495,1.01206557,0.00003006,1.01280207,
1000.00000000,6.00000000,0.00001512,1.01419319,0.00002953,1.01382327,
1000.00000000,7.00000000,0.00001497,1.01358470,0.00003008,1.01374234,
1000.00000000,8.00000000,0.00001473,1.00041364,0.00002988,1.00040846,
1000.00000000,9.00000000,0.00001498,1.00625741,0.00002938,1.00579872,
100.00000000,1.00000000,0.00001538,1.04042318,0.00003085,1.04171742,
100.00000000,10.00000000,0.00001504,1.02202364,0.00003055,1.02146501,
100.00000000,11.00000000,0.00001532,1.03921332,0.00003097,1.04031280,
100.00000000,12.00000000,0.00001547,1.03829529,0.00003030,1.03829751,
100.00000000,13.00000000,0.00001539,1.03321920,0.00003015,1.03336472,
100.00000000,14.00000000,0.00001534,1.03750277,0.00003068,1.03624105,
100.00000000,15.00000000,0.00001508,1.02317271,0.00003050,1.02354362,
100.00000000,16.00000000,0.00001528,1.03122641,0.00003037,1.03027455,
100.00000000,17.00000000,0.00001536,1.04083839,0.00003091,1.03961270,
100.00000000,18.00000000,0.00001522,1.02832650,0.00003036,1.02792474,
100.00000000,19.00000000,0.00001553,1.04196939,0.00003031,1.04004540,
100.00000000,2.00000000,0.00001536,1.03957517,0.00003082,1.03982879,
100.00000000,20.00000000,0.00001528,1.03271795,0.00003054,1.03271718,
100.00000000,3.00000000,0.00001548,1.04286058,0.00003069,1.04377721,
100.00000000,4.00000000,0.00001542,1.03877498,0.00003051,1.03790248,
100.00000000,5.00000000,0.00001533,1.03800480,0.00003083,1.03901387,
100.00000000,6.00000000,0.00001557,1.04433300,0.00003040,1.04353709,
100.00000000,7.00000000,0.00001537,1.04031256,0.00003086,1.04026366,
100.00000000,8.00000000,0.00001500,1.01904317,0.00003044,1.01894482,
100.00000000,9.00000000,0.00001526,1.02487642,0.00002994,1.02495942,
10.00000000,1.00000000,0.00002531,1.71184160,0.00004653,1.57123294,
10.00000000,10.00000000,0.00002111,1.43501388,0.00006258,2.09210477,
10.00000000,11.00000000,0.00002423,1.64316401,0.00005042,1.69354754,
10.00000000,12.00000000,0.00002645,1.77591993,0.00005526,1.89347183,
10.00000000,13.00000000,0.00002104,1.41255362,0.00004151,1.42290234,
10.00000000,14.00000000,0.00002023,1.36818860,0.00004062,1.37208740,
10.00000000,15.00000000,0.00002451,1.66283746,0.00014608,4.90280964,
10.00000000,16.00000000,0.00002207,1.48916710,0.00004238,1.43770108,
10.00000000,17.00000000,0.00002615,1.77230934,0.00004489,1.50959130,
10.00000000,18.00000000,0.00002723,1.83933635,0.00004583,1.55141533,
10.00000000,19.00000000,0.00002633,1.76655453,0.00004598,1.57777511,
10.00000000,2.00000000,0.00002538,1.71732986,0.00004938,1.66612879,
10.00000000,20.00000000,0.00002461,1.66299297,0.00004491,1.51883029,
10.00000000,3.00000000,0.00002461,1.65838824,0.00019882,6.76235852,
10.00000000,4.00000000,0.00002173,1.46441755,0.00004377,1.48922688,
10.00000000,5.00000000,0.00002371,1.60537666,0.00004234,1.42681610,
10.00000000,6.00000000,0.00002468,1.65533385,0.00004643,1.59406318,
10.00000000,7.00000000,0.00002640,1.78704498,0.00004627,1.55977309,
10.00000000,8.00000000,0.00002421,1.64456826,0.00004785,1.60182148,
10.00000000,9.00000000,0.00001938,1.30185044,0.00003830,1.31139757,
1.00000000,1.00000000,0.00029835,20.17748168,0.27240981,9199.27928159,
1.00000000,10.00000000,0.00023944,16.27390333,0.00788704,263.68745040,
1.00000000,11.00000000,0.00029349,19.90281435,0.00082352,27.65866797,
1.00000000,12.00000000,0.00041028,27.54528285,0.00115300,39.50418523,
1.00000000,13.00000000,0.00030072,20.18525041,0.00029830,10.22469790,
1.00000000,14.00000000,0.00026923,18.20517118,0.02860462,966.29270409,
1.00000000,15.00000000,0.00042162,28.60148746,0.01489431,499.89757716,
1.00000000,16.00000000,0.00073993,49.92668797,0.00207270,70.31639818,
1.00000000,17.00000000,0.00043738,29.64104813,0.00042894,14.42537567,
1.00000000,18.00000000,0.00043876,29.63668766,0.11571622,3917.45683875,
1.00000000,19.00000000,0.00047155,31.63514220,0.00056621,19.42782546,
1.00000000,2.00000000,0.00035213,23.82534274,0.24186547,8160.29900044,
1.00000000,20.00000000,0.00044437,30.03037056,0.00054213,18.33485624,
1.00000000,3.00000000,0.00034142,23.00732909,0.01754460,596.72676985,
1.00000000,4.00000000,0.00035998,24.25448859,0.00063485,21.59941710,
1.00000000,5.00000000,0.00014673,9.93378472,0.00030156,10.16197881,
1.00000000,6.00000000,0.00029212,19.59172008,0.00039993,13.73031630,
1.00000000,7.00000000,0.00051369,34.77298404,0.00066830,22.52635439,
1.00000000,8.00000000,0.00077341,52.53151608,0.00825683,276.42214527,
1.00000000,9.00000000,0.00013324,8.94874350,0.00089313,30.57719107,
20.00000000,1.00000000,0.00001886,1.27581475,0.00003677,1.24169384,
20.00000000,10.00000000,0.00001688,1.14694826,0.00003629,1.21325751,
20.00000000,11.00000000,0.00001836,1.24526792,0.00003745,1.25764178,
20.00000000,12.00000000,0.00001896,1.27283017,0.00003887,1.33186211,
20.00000000,13.00000000,0.00001761,1.18191801,0.00003461,1.18624003,
20.00000000,14.00000000,0.00001728,1.16818616,0.00003458,1.16815041,
20.00000000,15.00000000,0.00001805,1.22468785,0.00004481,1.50410588,
20.00000000,16.00000000,0.00001740,1.17384310,0.00003439,1.16672866,
20.00000000,17.00000000,0.00001879,1.27306140,0.00003568,1.19992620,
20.00000000,18.00000000,0.00001851,1.25057387,0.00003573,1.20976099,
20.00000000,19.00000000,0.00001913,1.28372701,0.00003596,1.23374788,
20.00000000,2.00000000,0.00001849,1.25120879,0.00003719,1.25478693,
20.00000000,20.00000000,0.00001798,1.21509399,0.00003524,1.19181583,
20.00000000,3.00000000,0.00001871,1.26099263,0.00004872,1.65703553,
20.00000000,4.00000000,0.00001762,1.18687234,0.00003492,1.18791732,
20.00000000,5.00000000,0.00001828,1.23767841,0.00003539,1.19240594,
20.00000000,6.00000000,0.00001879,1.26047654,0.00003647,1.25214326,
20.00000000,7.00000000,0.00001887,1.27707104,0.00003610,1.21675106,
20.00000000,8.00000000,0.00001808,1.22770365,0.00003650,1.22191938,
20.00000000,9.00000000,0.00001691,1.13574907,0.00003327,1.13919804,
2.00000000,1.00000000,0.00009575,6.47545867,0.00285664,96.46878378,
2.00000000,10.00000000,0.00007942,5.39812497,0.00127592,42.65795916,
2.00000000,11.00000000,0.00009414,6.38381452,0.00019575,6.57440911,
2.00000000,12.00000000,0.00012949,8.69350707,0.00023133,7.92592125,
2.00000000,13.00000000,0.00009040,6.06778259,0.00012354,4.23469451,
2.00000000,14.00000000,0.00007058,4.77246194,0.00034137,11.53185986,
2.00000000,15.00000000,0.00012299,8.34299250,0.00427472,143.47227192,
2.00000000,16.00000000,0.00015166,10.23335020,0.00029897,10.14259332,
2.00000000,17.00000000,0.00012943,8.77179562,0.00020521,6.90131661,
2.00000000,18.00000000,0.00013259,8.95585419,0.00036196,12.25389472,
2.00000000,19.00000000,0.00013658,9.16304582,0.00018213,6.24933108,
2.00000000,2.00000000,0.00010164,6.87683461,0.00084268,28.43103207,
2.00000000,20.00000000,0.00012790,8.64365759,0.00020210,6.83509899,
2.00000000,3.00000000,0.00011343,7.64405324,0.00702889,239.06649284,
2.00000000,4.00000000,0.00009984,6.72688438,0.00018192,6.18934958,
2.00000000,5.00000000,0.00007131,4.82774637,0.00011388,3.83753640,
2.00000000,6.00000000,0.00011987,8.03914279,0.00016630,5.70929726,
2.00000000,7.00000000,0.00014977,10.13858580,0.00019485,6.56768140,
2.00000000,8.00000000,0.00015387,10.45083572,0.00039864,13.34583630,
2.00000000,9.00000000,0.00005066,3.40266040,0.00014538,4.97729550,
50.00000000,1.00000000,0.00001596,1.07958756,0.00003197,1.07959792,
50.00000000,10.00000000,0.00001532,1.04152978,0.00003116,1.04168420,
50.00000000,11.00000000,0.00001585,1.07515406,0.00003203,1.07575124,
50.00000000,12.00000000,0.00001597,1.07240933,0.00003141,1.07608477,
50.00000000,13.00000000,0.00001584,1.06331200,0.00003105,1.06421179,
50.00000000,14.00000000,0.00001575,1.06492636,0.00003149,1.06379425,
50.00000000,15.00000000,0.00001556,1.05555223,0.00003160,1.06044650,
50.00000000,16.00000000,0.00001566,1.05697473,0.00003111,1.05546358,
50.00000000,17.00000000,0.00001589,1.07673950,0.00003188,1.07214724,
50.00000000,18.00000000,0.00001568,1.05883370,0.00003126,1.05827521,
50.00000000,19.00000000,0.00001611,1.08068078,0.00003137,1.07626002,
50.00000000,2.00000000,0.00001583,1.07127744,0.00003180,1.07287650,
50.00000000,20.00000000,0.00001563,1.05657553,0.00003125,1.05697734,
50.00000000,3.00000000,0.00001609,1.08420209,0.00003209,1.09142516,
50.00000000,4.00000000,0.00001585,1.06788771,0.00003136,1.06682553,
50.00000000,5.00000000,0.00001584,1.07206708,0.00003177,1.07057033,
50.00000000,6.00000000,0.00001619,1.08573800,0.00003159,1.08464759,
50.00000000,7.00000000,0.00001590,1.07626037,0.00003183,1.07296041,
50.00000000,8.00000000,0.00001556,1.05715518,0.00003156,1.05672649,
50.00000000,9.00000000,0.00001562,1.04881264,0.00003066,1.04970333,
5.00000000,1.00000000,0.00003974,2.68775479,0.00007142,2.41187687,
5.00000000,10.00000000,0.00003135,2.13066432,0.00018125,6.05960917,
5.00000000,11.00000000,0.00003807,2.58140704,0.00007679,2.57915115,
5.00000000,12.00000000,0.00004081,2.73995458,0.00008431,2.88860311,
5.00000000,13.00000000,0.00002926,1.96415521,0.00005739,1.96711833,
5.00000000,14.00000000,0.00002761,1.86675323,0.00005653,1.90974285,
5.00000000,15.00000000,0.00003893,2.64074891,0.00068261,22.91037908,
5.00000000,16.00000000,0.00003649,2.46200801,0.00006670,2.26284202,
5.00000000,17.00000000,0.00004270,2.89391761,0.00007343,2.46958955,
5.00000000,18.00000000,0.00004630,3.12712710,0.00007081,2.39716736,
5.00000000,19.00000000,0.00004406,2.95617938,0.00007149,2.45310670,
5.00000000,2.00000000,0.00003969,2.68552490,0.00008002,2.69983920,
5.00000000,20.00000000,0.00004163,2.81313181,0.00007144,2.41607878,
5.00000000,3.00000000,0.00003954,2.66462004,0.00106895,36.35715118,
5.00000000,4.00000000,0.00003320,2.23696075,0.00006869,2.33711933,
5.00000000,5.00000000,0.00003534,2.39231983,0.00005749,1.93722845,
5.00000000,6.00000000,0.00004056,2.72011897,0.00006977,2.39539533,
5.00000000,7.00000000,0.00004483,3.03445055,0.00007182,2.42089034,
5.00000000,8.00000000,0.00004142,2.81301140,0.00007955,2.66320387,
5.00000000,9.00000000,0.00002518,1.69143394,0.00005082,1.73999760,