alpha,seed,kish[0],relkish[0],test_kish[0],test_relkish[0],
inf,1.00000000,0.00001482,1.00000000,0.00002964,1.00000000,
0.00000000,1.00000000,1.00000000,67467.00000000,1.00000000,33733.00000000,alpha,seed,kish[0],relkish[0],test_kish[0],test_relkish[0],
inf,10.00000000,0.00001482,1.00000000,0.00002964,1.00000000,
0.00000000,10.00000000,1.00000000,67467.00000000,1.00000000,33733.00000000,alpha,seed,kish[0],relkish[0],test_kish[0],test_relkish[0],
inf,11.00000000,0.00001482,1.00000000,0.00002964,1.00000000,
0.00000000,11.00000000,1.00000000,67466.00000000,1.00000000,33734.00000000,
0.01000000,1.00000000,0.06160260,4156.14267113,1.00000000,33733.00000000,
0.01000000,10.00000000,0.06960257,4695.87654920,1.00000000,33733.00000000,
0.01000000,11.00000000,0.05890767,3974.26502099,1.00000000,33734.00000000,
0.01000000,12.00000000,0.05002512,3375.14511416,1.00000000,33731.00000000,
0.01000000,13.00000000,0.04204572,2836.78284069,1.00000000,33731.00000000,
0.01000000,14.00000000,0.04159583,2806.26292191,1.00000000,33735.00000000,
0.01000000,15.00000000,0.05511147,3718.09519276,1.00000000,33735.00000000,
0.01000000,16.00000000,0.07200007,4857.55685641,1.00000000,33734.00000000,
0.01000000,17.00000000,0.02921011,1970.68944131,1.00000000,33734.00000000,
0.01000000,18.00000000,0.03436547,2318.46659299,1.00000000,33735.00000000,
0.01000000,19.00000000,0.03714065,2505.80506082,1.00000000,33732.00000000,alpha,seed,kish[0],relkish[0],test_kish[0],test_relkish[0],
inf,12.00000000,0.00001482,1.00000000,0.00002965,1.00000000,
0.00000000,12.00000000,1.00000000,67469.00000000,1.00000000,33731.00000000,
0.01000000,2.00000000,0.03831378,2584.87724454,1.00000000,33734.00000000,
0.01000000,20.00000000,0.04629222,3123.15095814,1.00000000,33734.00000000,alpha,seed,kish[0],relkish[0],test_kish[0],test_relkish[0],
inf,13.00000000,0.00001482,1.00000000,0.00002965,1.00000000,
0.00000000,13.00000000,1.00000000,67469.00000000,1.00000000,33731.00000000,
0.01000000,3.00000000,0.06902436,4656.93577602,1.00000000,33732.00000000,alpha,seed,kish[0],relkish[0],test_kish[0],test_relkish[0],
inf,14.00000000,0.00001482,1.00000000,0.00002964,1.00000000,
0.00000000,14.00000000,1.00000000,67465.00000000,1.00000000,33735.00000000,
0.01000000,4.00000000,0.05861641,3954.79067147,1.00000000,33731.00000000,alpha,seed,kish[0],relkish[0],test_kish[0],test_relkish[0],
inf,15.00000000,0.00001482,1.00000000,0.00002964,1.00000000,
0.00000000,15.00000000,1.00000000,67465.00000000,1.00000000,33735.00000000,
0.01000000,5.00000000,0.06406943,4322.57193670,1.00000000,33733.00000000,alpha,seed,kish[0],relkish[0],test_kish[0],test_relkish[0],
inf,16.00000000,0.00001482,1.00000000,0.00002964,1.00000000,
0.00000000,16.00000000,1.00000000,67466.00000000,1.00000000,33734.00000000,
0.01000000,6.00000000,0.07155443,4827.56257502,1.00000000,33733.00000000,alpha,seed,kish[0],relkish[0],test_kish[0],test_relkish[0],
inf,17.00000000,0.00001482,1.00000000,0.00002964,1.00000000,
0.00000000,17.00000000,1.00000000,67466.00000000,1.00000000,33734.00000000,
0.01000000,7.00000000,0.06080053,4102.15063417,1.00000000,33731.00000000,alpha,seed,kish[0],relkish[0],test_kish[0],test_relkish[0],
inf,18.00000000,0.00001482,1.00000000,0.00002964,1.00000000,
0.00000000,18.00000000,1.00000000,67465.00000000,1.00000000,33735.00000000,
0.01000000,8.00000000,0.05201352,3509.14399889,1.00000000,33734.00000000,alpha,seed,kish[0],relkish[0],test_kish[0],test_relkish[0],
inf,19.00000000,0.00001482,1.00000000,0.00002965,1.00000000,
0.00000000,19.00000000,1.00000000,67468.00000000,1.00000000,33732.00000000,
0.01000000,9.00000000,0.05904668,3983.70254975,1.00000000,33733.00000000,alpha,seed,kish[0],relkish[0],test_kish[0],test_relkish[0],
inf,2.00000000,0.00001482,1.00000000,0.00002964,1.00000000,
0.00000000,2.00000000,1.00000000,67466.00000000,1.00000000,33734.00000000,alpha,seed,kish[0],relkish[0],test_kish[0],test_relkish[0],
inf,20.00000000,0.00001482,1.00000000,0.00002964,1.00000000,
0.00000000,20.00000000,1.00000000,67466.00000000,1.00000000,33734.00000000,alpha,seed,kish[0],relkish[0],test_kish[0],test_relkish[0],
inf,3.00000000,0.00001482,1.00000000,0.00002965,1.00000000,
0.00000000,3.00000000,1.00000000,67468.00000000,1.00000000,33732.00000000,alpha,seed,kish[0],relkish[0],test_kish[0],test_relkish[0],
inf,4.00000000,0.00001482,1.00000000,0.00002965,1.00000000,
0.00000000,4.00000000,1.00000000,67469.00000000,1.00000000,33731.00000000,alpha,seed,kish[0],relkish[0],test_kish[0],test_relkish[0],
inf,5.00000000,0.00001482,1.00000000,0.00002964,1.00000000,
0.00000000,5.00000000,1.00000000,67467.00000000,1.00000000,33733.00000000,alpha,seed,kish[0],relkish[0],test_kish[0],test_relkish[0],
inf,6.00000000,0.00001482,1.00000000,0.00002964,1.00000000,
0.00000000,6.00000000,1.00000000,67467.00000000,1.00000000,33733.00000000,alpha,seed,kish[0],relkish[0],test_kish[0],test_relkish[0],
inf,7.00000000,0.00001482,1.00000000,0.00002965,1.00000000,
0.00000000,7.00000000,1.00000000,67469.00000000,1.00000000,33731.00000000,alpha,seed,kish[0],relkish[0],test_kish[0],test_relkish[0],
inf,8.00000000,0.00001482,1.00000000,0.00002964,1.00000000,
0.00000000,8.00000000,1.00000000,67466.00000000,1.00000000,33734.00000000,alpha,seed,kish[0],relkish[0],test_kish[0],test_relkish[0],
inf,9.00000000,0.00001482,1.00000000,0.00002964,1.00000000,
0.00000000,9.00000000,1.00000000,67467.00000000,1.00000000,33733.00000000,
0.10000000,1.00000000,0.06044028,4077.72450046,1.00000000,33733.00000000,
0.10000000,10.00000000,0.06643229,4481.98757122,1.00000000,33733.00000000,
0.10000000,11.00000000,0.05579961,3764.57639659,1.00000000,33734.00000000,
0.10000000,12.00000000,0.04959218,3345.93462841,1.00000000,33731.00000000,
0.10000000,13.00000000,0.03983574,2687.67721081,1.00000000,33730.99998560,
0.10000000,14.00000000,0.03900768,2631.65323035,1.00000000,33735.00000000,
0.10000000,15.00000000,0.05397819,3641.63861948,0.99742745,33648.21492267,
0.10000000,16.00000000,0.06970036,4702.40451182,1.00000000,33734.00000000,
0.10000000,17.00000000,0.02777803,1874.07272606,1.00000000,33734.00000000,
0.10000000,18.00000000,0.03237555,2184.21616488,1.00000000,33734.99996470,
0.10000000,19.00000000,0.03554428,2398.10154644,1.00000000,33731.99999999,
0.10000000,2.00000000,0.03685291,2486.31841804,0.99999999,33733.99957141,
0.10000000,20.00000000,0.04430918,2989.36317864,1.00000000,33733.99999987,
0.10000000,3.00000000,0.06621988,4467.72259808,0.99992881,33729.59877211,
0.10000000,4.00000000,0.05699942,3845.69396497,1.00000000,33731.00000000,
0.10000000,5.00000000,0.06262557,4225.15941455,1.00000000,33732.99999865,
0.10000000,6.00000000,0.06834127,4610.78026228,0.99999999,33732.99958577,
0.10000000,7.00000000,0.05871129,3961.19189039,0.99999998,33730.99946958,
0.10000000,8.00000000,0.05059028,3413.12377940,0.79841035,26933.57468991,
0.10000000,9.00000000,0.05669819,3825.25662030,0.99999301,33732.76435890,
1000000.00000000,1.00000000,0.00001482,1.00005508,0.00002965,1.00005736,
1000000.00000000,10.00000000,0.00001482,1.00009486,0.00002965,1.00009184,
1000000.00000000,11.00000000,0.00001482,1.00008023,0.00002965,1.00007365,
1000000.00000000,12.00000000,0.00001482,1.00006091,0.00002965,1.00006567,
1000000.00000000,13.00000000,0.00001482,1.00000925,0.00002965,1.00000886,
1000000.00000000,14.00000000,0.00001482,1.00008964,0.00002965,1.00009016,
1000000.00000000,15.00000000,0.00001482,1.00009201,0.00002965,1.00008903,
1000000.00000000,16.00000000,0.00001482,1.00006045,0.00002965,1.00005765,
1000000.00000000,17.00000000,0.00001482,1.00008469,0.00002965,1.00007440,
1000000.00000000,18.00000000,0.00001482,1.00005712,0.00002964,1.00006497,
1000000.00000000,19.00000000,0.00001482,1.00010068,0.00002965,1.00010852,
1000000.00000000,2.00000000,0.00001482,1.00009886,0.00002965,1.00009976,
1000000.00000000,20.00000000,0.00001482,1.00006271,0.00002965,1.00006378,
1000000.00000000,3.00000000,0.00001482,1.00009956,0.00002965,1.00010491,
1000000.00000000,4.00000000,0.00001482,1.00009464,0.00002965,1.00010019,
1000000.00000000,5.00000000,0.00001482,1.00001701,0.00002965,1.00001683,
1000000.00000000,6.00000000,0.00001482,1.00007324,0.00002965,1.00006992,
1000000.00000000,7.00000000,0.00001482,1.00008712,0.00002965,1.00008171,
1000000.00000000,8.00000000,0.00001482,1.00009492,0.00002965,1.00009357,
1000000.00000000,9.00000000,0.00001482,1.00006485,0.00002965,1.00006733,
100000.00000000,1.00000000,0.00001488,1.00402328,0.00002977,1.00409183,
100000.00000000,10.00000000,0.00001491,1.00615235,0.00002982,1.00602174,
100000.00000000,11.00000000,0.00001488,1.00397852,0.00002976,1.00375796,
100000.00000000,12.00000000,0.00001488,1.00398674,0.00002977,1.00413409,
100000.00000000,13.00000000,0.00001483,1.00080171,0.00002967,1.00077119,
100000.00000000,14.00000000,0.00001491,1.00608530,0.00002983,1.00614770,
100000.00000000,15.00000000,0.00001489,1.00468703,0.00002978,1.00453921,
100000.00000000,16.00000000,0.00001488,1.00400924,0.00002976,1.00387952,
100000.00000000,17.00000000,0.00001489,1.00428564,0.00002976,1.00394797,
100000.00000000,18.00000000,0.00001486,1.00237675,0.00002972,1.00256405,
100000.00000000,19.00000000,0.00001491,1.00618244,0.00002984,1.00651835,
100000.00000000,2.00000000,0.00001490,1.00551509,0.00002981,1.00556164,
100000.00000000,20.00000000,0.00001489,1.00475627,0.00002979,1.00478284,
100000.00000000,3.00000000,0.00001491,1.00563125,0.00002982,1.00586162,
100000.00000000,4.00000000,0.00001491,1.00591953,0.00002983,1.00611260,
100000.00000000,5.00000000,0.00001485,1.00172375,0.00002970,1.00170384,
100000.00000000,6.00000000,0.00001489,1.00470998,0.00002978,1.00458603,
100000.00000000,7.00000000,0.00001492,1.00631162,0.00002983,1.00609235,
100000.00000000,8.00000000,0.00001491,1.00605775,0.00002982,1.00598682,
100000.00000000,9.00000000,0.00001488,1.00362074,0.00002976,1.00374302,
10000.00000000,1.00000000,0.00001644,1.10882665,0.00003285,1.10815084,
10000.00000000,10.00000000,0.00001672,1.12781742,0.00003340,1.12672541,
10000.00000000,11.00000000,0.00001611,1.08684162,0.00003218,1.08566303,
10000.00000000,12.00000000,0.00001632,1.10103902,0.00003269,1.10270487,
10000.00000000,13.00000000,0.00001516,1.02279441,0.00003031,1.02230532,
10000.00000000,14.00000000,0.00001660,1.12022241,0.00003320,1.12011044,
10000.00000000,15.00000000,0.00001590,1.07259713,0.00003177,1.07173414,
10000.00000000,16.00000000,0.00001609,1.08550059,0.00003214,1.08428738,
10000.00000000,17.00000000,0.00001612,1.08769632,0.00003216,1.08486523,
10000.00000000,18.00000000,0.00001531,1.03267710,0.00003063,1.03337809,
10000.00000000,19.00000000,0.00001676,1.13088541,0.00003358,1.13268012,
10000.00000000,2.00000000,0.00001653,1.11498780,0.00003306,1.11532658,
10000.00000000,20.00000000,0.00001588,1.07127960,0.00003173,1.07042389,
10000.00000000,3.00000000,0.00001645,1.10982710,0.00003296,1.11180438,
10000.00000000,4.00000000,0.00001668,1.12512342,0.00003338,1.12599666,
10000.00000000,5.00000000,0.00001575,1.06284064,0.00003150,1.06243188,
10000.00000000,6.00000000,0.00001597,1.07745291,0.00003192,1.07670284,
10000.00000000,7.00000000,0.00001680,1.13318035,0.00003359,1.13293307,
10000.00000000,8.00000000,0.00001670,1.12700221,0.00003340,1.12666386,
10000.00000000,9.00000000,0.00001612,1.08733858,0.00003226,1.08827231,
1000.00000000,1.00000000,0.00002931,1.97770267,0.00005846,1.97191884,
1000.00000000,10.00000000,0.00003019,2.03700771,0.00006001,2.02421910,
1000.00000000,11.00000000,0.00002502,1.68769041,0.00005002,1.68732562,
1000.00000000,12.00000000,0.00002775,1.87218518,0.00005577,1.88108181,
1000.00000000,13.00000000,0.00001681,1.13402578,0.00003361,1.13380708,
1000.00000000,14.00000000,0.00002892,1.95119045,0.00005805,1.95839481,
1000.00000000,15.00000000,0.00002116,1.42786083,0.00004235,1.42863528,
1000.00000000,16.00000000,0.00002411,1.62686019,0.00004808,1.62196768,
1000.00000000,17.00000000,0.00002414,1.62857135,0.00004813,1.62370861,
1000.00000000,18.00000000,0.00001703,1.14874720,0.00003413,1.15139985,
1000.00000000,19.00000000,0.00003121,2.10562795,0.00006278,2.11771116,
1000.00000000,2.00000000,0.00002920,1.97026270,0.00005838,1.96939851,
1000.00000000,20.00000000,0.00002124,1.43326994,0.00004240,1.43047692,
1000.00000000,3.00000000,0.00002807,1.89389810,0.00005620,1.89575004,
1000.00000000,4.00000000,0.00003020,2.03786288,0.00006053,2.04178699,
1000.00000000,5.00000000,0.00002311,1.55910380,0.00004621,1.55894772,
1000.00000000,6.00000000,0.00002184,1.47381213,0.00004368,1.47353952,
1000.00000000,7.00000000,0.00003152,2.12660953,0.00006293,2.12266576,
1000.00000000,8.00000000,0.00003004,2.02692910,0.00006005,2.02557665,
1000.00000000,9.00000000,0.00002513,1.69553464,0.00005032,1.69751453,
100.00000000,1.00000000,0.00009368,6.32048849,0.00018896,6.37419300,
100.00000000,10.00000000,0.00009350,6.30796591,0.00019231,6.48719528,
100.00000000,11.00000000,0.00005269,3.55464792,0.00010516,3.54755067,
100.00000000,12.00000000,0.00008366,5.64463726,0.00016889,5.69691341,
100.00000000,13.00000000,0.00002211,1.49196163,0.00004442,1.49827324,
100.00000000,14.00000000,0.00007742,5.22295005,0.00015889,5.36017891,
100.00000000,15.00000000,0.00003901,2.63168966,0.00007816,2.63689395,
100.00000000,16.00000000,0.00005411,3.65035178,0.00010826,3.65216975,
100.00000000,17.00000000,0.00004779,3.22439549,0.00009555,3.22311688,
100.00000000,18.00000000,0.00001943,1.31063309,0.00003901,1.31601452,
100.00000000,19.00000000,0.00008931,6.02538118,0.00017856,6.02325391,
100.00000000,2.00000000,0.00008230,5.55222521,0.00016485,5.56106245,
100.00000000,20.00000000,0.00003388,2.28542061,0.00006779,2.28699346,
100.00000000,3.00000000,0.00008864,5.98029980,0.00017674,5.96190899,
100.00000000,4.00000000,0.00009774,6.59433828,0.00019226,6.48517237,
100.00000000,5.00000000,0.00005387,3.63441364,0.00010717,3.61521500,
100.00000000,6.00000000,0.00004205,2.83684192,0.00008395,2.83197502,
100.00000000,7.00000000,0.00010375,6.99991511,0.00020909,7.05267773,
100.00000000,8.00000000,0.00008297,5.59735609,0.00016797,5.66613543,
100.00000000,9.00000000,0.00005993,4.04307274,0.00012148,4.09795881,
10.00000000,1.00000000,0.00156209,105.38960190,0.00652564,220.12946906,
10.00000000,10.00000000,0.00183101,123.53249268,0.00442086,149.12881733,
10.00000000,11.00000000,0.00017384,11.72807299,0.00036294,12.24326818,
10.00000000,12.00000000,0.00187872,126.75543232,0.00425887,143.65583802,
10.00000000,13.00000000,0.00031042,20.94346813,0.00074397,25.09483750,
10.00000000,14.00000000,0.00046473,31.35326555,0.00160634,54.18983867,
10.00000000,15.00000000,0.00087745,59.19745373,0.00120818,40.75782728,
10.00000000,16.00000000,0.00078804,53.16569192,0.00228306,77.01674816,
10.00000000,17.00000000,0.00018555,12.51841579,0.00045493,15.34655645,
10.00000000,18.00000000,0.00008257,5.57091963,0.00016977,5.72733455,
10.00000000,19.00000000,0.00044706,30.16207796,0.00066701,22.49948238,
10.00000000,2.00000000,0.00037868,25.54793418,0.00086606,29.21576965,
10.00000000,20.00000000,0.00018610,12.55567631,0.00029125,9.82502517,
10.00000000,3.00000000,0.00161496,108.95788203,0.00268873,90.69611479,
10.00000000,4.00000000,0.00149024,100.54482796,0.00417406,140.79521900,
10.00000000,5.00000000,0.00108791,73.39828581,0.00339304,114.45734575,
10.00000000,6.00000000,0.00056227,37.93453752,0.00166146,56.04604742,
10.00000000,7.00000000,0.00199284,134.45469458,0.00502720,169.57246264,
10.00000000,8.00000000,0.00046511,31.37941767,0.00094609,31.91549234,
10.00000000,9.00000000,0.00082880,55.91637020,0.00359668,121.32665929,
1.00000000,1.00000000,0.04219511,2846.77715418,0.90358744,30480.71515163,
1.00000000,10.00000000,0.04539602,3062.73333922,0.98765414,33316.53698778,
1.00000000,11.00000000,0.02363156,1594.32701543,0.89158165,30076.61546475,
1.00000000,12.00000000,0.04317441,2912.93457546,0.91509719,30867.14327914,
1.00000000,13.00000000,0.02663722,1797.18680468,0.70282343,23706.93709311,
1.00000000,14.00000000,0.02374469,1601.93578272,0.52423624,17685.10940153,
1.00000000,15.00000000,0.04089442,2758.94219036,0.57897142,19531.60102086,
1.00000000,16.00000000,0.04465720,3012.84238707,0.99831813,33677.26395154,
1.00000000,17.00000000,0.00901350,608.10479100,0.97306309,32825.31044105,
1.00000000,18.00000000,0.01886527,1272.74550039,0.84905442,28642.85071502,
1.00000000,19.00000000,0.01631835,1100.96615787,0.95974527,32374.12757277,
1.00000000,2.00000000,0.01831943,1235.93837999,0.59103684,19938.03677553,
1.00000000,20.00000000,0.02717391,1833.31532199,0.26563247,8960.84589322,
1.00000000,3.00000000,0.04580030,3090.05479544,0.56957712,19212.97549918,
1.00000000,4.00000000,0.04284239,2890.53335951,0.99429597,33538.59731433,
1.00000000,5.00000000,0.04830248,3258.82338469,0.68998311,23275.20028744,
1.00000000,6.00000000,0.04782148,3226.37151916,0.58206024,19634.63799336,
1.00000000,7.00000000,0.04371615,2949.48503462,0.65200129,21992.65555904,
1.00000000,8.00000000,0.03103513,2093.81579819,0.42796853,14437.09046050,
1.00000000,9.00000000,0.03768660,2542.60176192,0.49160532,16583.32226979,
20.00000000,1.00000000,0.00045181,30.48234759,0.00116965,39.45568779,
20.00000000,10.00000000,0.00045724,30.84831204,0.00097415,32.86092717,
20.00000000,11.00000000,0.00009676,6.52797292,0.00019529,6.58774927,
20.00000000,12.00000000,0.00041495,27.99649849,0.00091188,30.75858968,
20.00000000,13.00000000,0.00007525,5.07686752,0.00015174,5.11846712,
20.00000000,14.00000000,0.00019273,13.00242122,0.00046582,15.71430753,
20.00000000,15.00000000,0.00017018,11.48121096,0.00029739,10.03259772,
20.00000000,16.00000000,0.00021530,14.52544872,0.00044336,14.95643214,
20.00000000,17.00000000,0.00009213,6.21589847,0.00018784,6.33658662,
20.00000000,18.00000000,0.00003015,2.03376001,0.00006051,2.04136709,
20.00000000,19.00000000,0.00020476,13.81493369,0.00038157,12.87100512,
20.00000000,2.00000000,0.00018760,12.65655519,0.00038103,12.85372396,
20.00000000,20.00000000,0.00005932,4.00194876,0.00011808,3.98320848,
20.00000000,3.00000000,0.00043954,29.65456868,0.00084252,28.41987677,
20.00000000,4.00000000,0.00043606,29.42073540,0.00087260,29.43362840,
20.00000000,5.00000000,0.00025384,17.12557427,0.00055202,18.62113598,
20.00000000,6.00000000,0.00016665,11.24337489,0.00035085,11.83536922,
20.00000000,7.00000000,0.00050424,34.02070384,0.00103839,35.02594108,
20.00000000,8.00000000,0.00020783,14.02112345,0.00041799,14.10059256,
20.00000000,9.00000000,0.00024360,16.43518316,0.00059927,20.21520594,
2.00000000,1.00000000,0.02669759,1801.20597589,0.29837062,10064.93604236,
2.00000000,10.00000000,0.03154865,2128.49245878,0.69159141,23329.45294877,
2.00000000,11.00000000,0.00778207,525.02529417,0.07233940,2440.29720369,
2.00000000,12.00000000,0.03290917,2220.34863325,0.36497847,12311.08871237,
2.00000000,13.00000000,0.01541536,1040.05919532,0.31079054,10483.27571409,
2.00000000,14.00000000,0.01332579,899.02452498,0.15033767,5071.64139295,
2.00000000,15.00000000,0.02833316,1911.49654649,0.29509551,9955.04689330,
2.00000000,16.00000000,0.02371232,1599.77504828,0.75622788,25510.59114942,
2.00000000,17.00000000,0.00365589,246.64832794,0.33175338,11191.36861977,
2.00000000,18.00000000,0.00708726,478.14195141,0.28157941,9499.08155783,
2.00000000,19.00000000,0.00695654,469.34362015,0.74376624,25088.72267184,
2.00000000,2.00000000,0.00806147,543.87509629,0.16411269,5536.17751740,
2.00000000,20.00000000,0.01419445,957.64268179,0.02246981,757.99646238,
2.00000000,3.00000000,0.02734953,1845.21814427,0.24308932,8199.88895128,
2.00000000,4.00000000,0.02993754,2019.85577858,0.78484557,26473.62592062,
2.00000000,5.00000000,0.03207907,2164.27861450,0.31556619,10644.99443692,
2.00000000,6.00000000,0.02588728,1746.53708430,0.28912786,9753.15011487,
2.00000000,7.00000000,0.03231836,2180.48723617,0.37672328,12707.25287316,
2.00000000,8.00000000,0.01320765,891.06729085,0.12373160,4173.96178813,
2.00000000,9.00000000,0.02062161,1391.27816718,0.22154259,7473.29632660,
50.00000000,1.00000000,0.00015962,10.76913256,0.00033363,11.25425387,
50.00000000,10.00000000,0.00015796,10.65700332,0.00033325,11.24140371,
50.00000000,11.00000000,0.00006630,4.47321491,0.00013229,4.46255185,
50.00000000,12.00000000,0.00014111,9.52063227,0.00028907,9.75072963,
50.00000000,13.00000000,0.00003017,2.03527929,0.00006074,2.04893948,
50.00000000,14.00000000,0.00010695,7.21551755,0.00022350,7.53969727,
50.00000000,15.00000000,0.00005874,3.96296116,0.00011645,3.92852295,
50.00000000,16.00000000,0.00008356,5.63714848,0.00016655,5.61839175,
50.00000000,17.00000000,0.00005995,4.04434235,0.00011983,4.04247613,
50.00000000,18.00000000,0.00002104,1.41940585,0.00004222,1.42433624,
50.00000000,19.00000000,0.00012201,8.23178081,0.00024118,8.13548470,
50.00000000,2.00000000,0.00011257,7.59439839,0.00022633,7.63495637,
50.00000000,20.00000000,0.00003965,2.67489663,0.00007945,2.68008659,
50.00000000,3.00000000,0.00015117,10.19932718,0.00030170,10.17701816,
50.00000000,4.00000000,0.00016551,11.16660026,0.00031879,10.75310838,
50.00000000,5.00000000,0.00008603,5.80452066,0.00017084,5.76282402,
50.00000000,6.00000000,0.00006297,4.24866469,0.00012531,4.22694211,
50.00000000,7.00000000,0.00017547,11.83910551,0.00035622,12.01549051,
50.00000000,8.00000000,0.00011543,7.78771276,0.00023443,7.90842972,
50.00000000,9.00000000,0.00009337,6.29926774,0.00019384,6.53864808,
5.00000000,1.00000000,0.00648773,437.70745975,0.06468893,2182.15178125,
5.00000000,10.00000000,0.00927853,625.99450199,0.05559891,1875.51795900,
5.00000000,11.00000000,0.00068269,46.05818594,0.00128364,43.30216870,
5.00000000,12.00000000,0.01007827,679.97065797,0.03936208,1327.72242606,
5.00000000,13.00000000,0.00235288,158.74628598,0.01478742,498.79441967,
5.00000000,14.00000000,0.00198158,133.68729071,0.01042567,351.70998649,
5.00000000,15.00000000,0.00630724,425.51812319,0.01339365,451.83484677,
5.00000000,16.00000000,0.00404441,272.86002715,0.03977628,1341.81304067,
5.00000000,17.00000000,0.00058362,39.37424314,0.00210903,71.14596357,
5.00000000,18.00000000,0.00067736,45.69831817,0.00173077,58.38757357,
5.00000000,19.00000000,0.00155353,104.81347856,0.00605366,204.20190062,
5.00000000,2.00000000,0.00127707,86.15859845,0.00566430,191.07948600,
5.00000000,20.00000000,0.00199366,134.50435058,0.00144720,48.81975606,
5.00000000,3.00000000,0.00685371,462.40629923,0.01383358,466.63431184,
5.00000000,4.00000000,0.00771372,520.43709124,0.07286842,2457.92484233,
5.00000000,5.00000000,0.00678828,457.98484216,0.04310859,1454.18210866,
5.00000000,6.00000000,0.00299399,201.99570188,0.01839278,620.44355797,
5.00000000,7.00000000,0.00973951,657.11467367,0.05727015,1931.77942020,
5.00000000,8.00000000,0.00167020,112.68152336,0.00472073,159.24921251,
5.00000000,9.00000000,0.00404015,272.57683289,0.03833716,1293.22742381,