alpha,seed,time,niter,nfail,train_lossf,test_lossf,train_lossf[0],test_lossf[0],errorf[0][0],errorf[0][1],errorf1[0][0],errorf1[0][1],errorf2[0][0],errorf2[0][1],train_Srel[0],test_Srel[0],
inf,1.00000000,0.00000000,0.00000000,0.00000000,3598.48874692,4441.04142398,3598.48874692,4441.04142398,128.09508802,3470.39365890,19.18522861,845.93030008,128.25107483,3447.67482046,0.00000000,0.00000000,
0.00000000,1.00000000,5682.83291721,837.00000000,1.00000000,356.96297142,476197.58515483,356.96297142,476197.58515483,133.43278772,223.53018370,23.59209663,360229.00114583,187.83590330,115757.15600907,2199023255552.00000000,0.00000000,alpha,seed,time,niter,nfail,train_lossf,test_lossf,train_lossf[0],test_lossf[0],errorf[0][0],errorf[0][1],errorf1[0][0],errorf1[0][1],errorf2[0][0],errorf2[0][1],train_Srel[0],test_Srel[0],
inf,10.00000000,0.00000000,0.00000000,0.00000000,4249.51748825,4409.32318786,4249.51748825,4409.32318786,125.42990290,4124.08758535,21.94919211,209.47522523,125.29106567,4052.60770486,0.00000000,0.00000000,
0.00000000,10.00000000,9.34343338,6.00000000,0.00000000,361.07838601,843.10350512,361.07838601,843.10350512,137.54820231,223.53018370,71.56314307,57.08688420,146.90518143,567.54829642,262144.00000000,0.00000000,alpha,seed,time,niter,nfail,train_lossf,test_lossf,train_lossf[0],test_lossf[0],errorf[0][0],errorf[0][1],errorf1[0][0],errorf1[0][1],errorf2[0][0],errorf2[0][1],train_Srel[0],test_Srel[0],
inf,11.00000000,0.00000000,0.00000000,0.00000000,2901.02399671,4384.59774067,2901.02399671,4384.59774067,44.87086368,2856.15313303,102.50899922,1488.94907991,44.72962077,2748.41004077,0.00000000,0.00000000,
0.00000000,11.00000000,3547.68065238,836.00000000,1.00000000,58.04541843,843.10350512,58.04541843,843.10350512,56.93716324,1.10825519,100.82357032,7.54114956,117.64475418,617.09403105,0.00000000,0.00000000,
0.01000000,1.00000000,1346.00706339,3907.00000000,0.00000000,40.75563530,75644.58908192,40.75563530,75644.58908192,40.07885980,0.59662285,33.08456163,43341.36101961,2410.68435287,29859.35488550,-8.01526470,-10.42623187,
0.01000000,10.00000000,1840.04207373,5218.00000000,0.00000000,37.54159438,17208.62797231,37.54159438,17208.62797231,37.31158524,0.14897882,28.11045631,11494.15267495,218.61273833,5467.64784040,-8.10303164,-10.42623187,
0.01000000,11.00000000,786.82169509,2696.00000000,0.00000000,17.93015583,13629.37080610,17.93015583,13629.37080610,17.83781245,0.01381811,112.95533636,13070.96865096,153.19512849,292.14742768,-7.85252705,-10.42626151,
0.01000000,12.00000000,870.14618683,4334.00000000,0.00000000,42.62192059,20447.99218798,42.62192059,20447.99218798,42.42987000,0.11399841,38.36240664,19574.52732920,120.91421625,714.08397416,-7.80521760,-10.42617257,
0.01000000,13.00000000,625.32990932,1927.00000000,0.00000000,38.11811201,13853.37858250,38.11811201,13853.37858250,38.03648324,0.00418456,155.10426518,13043.95013559,95.10677336,559.11314665,-7.74442095,-10.42617257,
0.01000000,14.00000000,1352.25919151,4338.00000000,0.00000000,19.16271850,20447.99218916,19.16271850,20447.99218916,19.04146332,0.04457424,60.80260701,19291.97423003,98.47401588,996.63707333,-7.66809486,-10.42629115,
0.01000000,15.00000000,1193.98365951,3525.00000000,0.00000000,36.10635653,20447.99218916,36.10635653,20447.99218916,35.97813901,0.04868027,27.62207781,19322.57523903,131.65454508,966.03606433,-7.95372527,-10.42629115,
0.01000000,16.00000000,875.78128982,3592.00000000,0.00000000,38.98019675,14323.56900664,38.98019675,14323.56900664,38.84367515,0.05553756,110.59464742,1322.16628728,110.75479859,12779.94901073,-8.09840524,-10.42626151,
0.01000000,17.00000000,866.88030052,3194.00000000,0.00000000,19.80336521,179369.35374644,19.80336521,179369.35374644,19.69140944,0.03757461,143.67261956,3718.01802360,304.37795464,175203.18088603,-7.43811623,-10.42626151,
0.01000000,18.00000000,782.09875536,2272.00000000,0.00000000,19.10351991,20447.99218916,19.10351991,20447.99218916,19.01871502,0.01055529,49.87806225,19984.75791488,109.39856064,303.85338849,-7.42495972,-10.42629115,
0.01000000,19.00000000,1605.72380590,7242.00000000,0.00000000,18.99919085,1401397.83578479,18.99919085,1401397.83578479,18.83449657,0.08840268,176.59082681,378311.87497446,859.97620194,1022049.28951955,-7.62916006,-10.42620222,alpha,seed,time,niter,nfail,train_lossf,test_lossf,train_lossf[0],test_lossf[0],errorf[0][0],errorf[0][1],errorf1[0][0],errorf1[0][1],errorf2[0][0],errorf2[0][1],train_Srel[0],test_Srel[0],
inf,12.00000000,0.00000000,0.00000000,0.00000000,3391.30107409,4515.93529190,3391.30107409,4515.93529190,134.95269918,3256.34837491,12.13752446,1022.82159441,135.68109016,3345.29508287,0.00000000,0.00000000,
0.00000000,12.00000000,3874.44059253,838.00000000,1.00000000,38780.92663018,16013.13781777,38780.92663018,16013.13781777,173.52636328,38607.40026690,34.72097822,6587.10316905,220.61349477,9170.70017572,0.00000000,2251799813685248.00000000,
0.01000000,2.00000000,1034.29982853,4075.00000000,0.00000000,18.96936679,9324904.86787462,18.96936679,9324904.86787462,18.84357280,0.05014490,88.21864251,13895.80596049,1756.15798754,9309164.58102147,-7.56490921,-10.42626151,
0.01000000,20.00000000,1430.99561715,5979.00000000,0.00000000,17.99611221,20509.08124172,17.99611221,20509.08124172,17.90036115,0.01950509,135.01996194,11714.40674943,304.09073709,8355.45953065,-7.62459647,-10.42626151,alpha,seed,time,niter,nfail,train_lossf,test_lossf,train_lossf[0],test_lossf[0],errorf[0][0],errorf[0][1],errorf1[0][0],errorf1[0][1],errorf2[0][0],errorf2[0][1],train_Srel[0],test_Srel[0],
inf,13.00000000,0.00000000,0.00000000,0.00000000,761.05055385,4450.62752814,761.05055385,4450.62752814,130.40225761,630.64829624,16.65635843,3681.34862065,131.22440615,621.39814291,0.00000000,0.00000000,
0.00000000,13.00000000,4664.88633251,838.00000000,1.00000000,807.03039314,114436.04885201,807.03039314,114436.04885201,189.98461669,617.04577645,28.48370781,7.58940417,188.82961452,114211.14612550,-131072.00000000,0.00000000,
0.01000000,3.00000000,1135.79907608,4572.00000000,0.00000000,40.63873574,20447.99218828,40.63873574,20447.99218828,40.45133449,0.10621738,48.70723894,19587.94960189,110.56938395,700.66170147,-8.11838695,-10.42620222,alpha,seed,time,niter,nfail,train_lossf,test_lossf,train_lossf[0],test_lossf[0],errorf[0][0],errorf[0][1],errorf1[0][0],errorf1[0][1],errorf2[0][0],errorf2[0][1],train_Srel[0],test_Srel[0],
inf,14.00000000,0.00000000,0.00000000,0.00000000,3980.89435381,4483.93708856,3980.89435381,4483.93708856,51.90925691,3928.98509691,95.42372479,366.74008963,51.90923070,3969.86404344,-0.00000000,-0.00000000,
0.00000000,14.00000000,3731.48608208,837.00000000,1.00000000,13252.17189859,741.81937546,13252.17189859,741.81937546,140.85143705,13111.32046154,113.24005020,288.10283790,117.93051890,222.54596847,0.00000000,1099511627776.00000000,
0.01000000,4.00000000,1587.35804224,4988.00000000,0.00000000,36.86926683,13853.37858250,36.86926683,13853.37858250,36.66782200,0.12168023,158.51876109,10887.14605476,91.69227744,2715.91722747,-7.97646039,-10.42617257,alpha,seed,time,niter,nfail,train_lossf,test_lossf,train_lossf[0],test_lossf[0],errorf[0][0],errorf[0][1],errorf1[0][0],errorf1[0][1],errorf2[0][0],errorf2[0][1],train_Srel[0],test_Srel[0],
inf,15.00000000,0.00000000,0.00000000,0.00000000,2638.21142744,4422.17978109,2638.21142744,4422.17978109,127.66867397,2510.54275347,19.62998089,1815.87566694,127.77288773,2458.90124553,-0.00000000,-0.00000000,
0.00000000,15.00000000,4447.64244652,839.00000000,1.00000000,76997.00607773,90345.75362908,76997.00607773,90345.75362908,211.95923237,76785.04684535,37.43015329,2344.13267090,247.39924113,87716.79156376,-16.00000000,-8.00000000,
0.01000000,5.00000000,807.67002130,2910.00000000,0.00000000,41.61580213,13853.37858309,41.61580213,13853.37858309,41.46417024,0.07154031,149.79276657,13127.63997005,100.41827197,475.42331218,-8.00915834,-10.42623187,alpha,seed,time,niter,nfail,train_lossf,test_lossf,train_lossf[0],test_lossf[0],errorf[0][0],errorf[0][1],errorf1[0][0],errorf1[0][1],errorf2[0][0],errorf2[0][1],train_Srel[0],test_Srel[0],
inf,16.00000000,0.00000000,0.00000000,0.00000000,2869.32655767,4412.87963938,2869.32655767,4412.87963938,126.37202600,2742.95453167,21.01773566,1587.77571781,126.20058937,2677.88559653,0.00000000,0.00000000,
0.00000000,16.00000000,3703.02017808,838.00000000,1.00000000,397.17666827,843.10350512,397.17666827,843.10350512,386.28531201,10.89135626,33.44606613,7.54114956,185.02225837,617.09403105,65536.00000000,-65536.00000000,
0.01000000,6.00000000,2665.51196671,9596.00000000,0.00000000,35.52193858,272203.93448821,35.52193858,272203.93448821,35.23772075,0.20359626,35.26677240,22831.29710023,59.77939795,249277.48695531,-8.06215746,-10.42623187,alpha,seed,time,niter,nfail,train_lossf,test_lossf,train_lossf[0],test_lossf[0],errorf[0][0],errorf[0][1],errorf1[0][0],errorf1[0][1],errorf2[0][0],errorf2[0][1],train_Srel[0],test_Srel[0],
inf,17.00000000,0.00000000,0.00000000,0.00000000,2864.60408951,4354.38974790,2864.60408951,4354.38974790,44.80613575,2819.79795376,102.50618826,1540.98969100,44.86616047,2666.02770817,0.00000000,0.00000000,
0.00000000,17.00000000,3378.32813144,838.00000000,1.00000000,9618.45950543,36429.04330430,9618.45950543,36429.04330430,149.79934623,9468.66015920,104.29214102,3930.76314023,99.21675203,32294.77127101,-32.00000000,-32.00000000,
0.01000000,7.00000000,1317.06238770,4040.00000000,0.00000000,41.92133853,272203.93448761,41.92133853,272203.93448761,41.71383730,0.12672032,35.43590924,83075.48312321,59.61026111,189033.30093233,-8.07809161,-10.42617257,alpha,seed,time,niter,nfail,train_lossf,test_lossf,train_lossf[0],test_lossf[0],errorf[0][0],errorf[0][1],errorf1[0][0],errorf1[0][1],errorf2[0][0],errorf2[0][1],train_Srel[0],test_Srel[0],
inf,18.00000000,0.00000000,0.00000000,0.00000000,1159.92476706,4518.08214601,1159.92476706,4518.08214601,51.94275608,1107.98201098,95.38576133,3170.53160617,51.95632957,1200.20844895,-0.00000000,-0.00000000,
0.00000000,18.00000000,4337.28213263,839.00000000,1.00000000,208647.54095116,17584.67929621,208647.54095116,17584.67929621,80.29821161,208567.24273955,180.65946754,1430.92921433,88.32694216,15884.76367217,0.00000000,0.00000000,
0.01000000,8.00000000,2137.01262832,9058.00000000,0.00000000,20.97017182,7396.61292487,20.97017182,7396.61292487,20.81651978,0.07538030,165.20351688,6856.16355894,101.68245409,273.45913235,-7.82717448,-10.42626151,alpha,seed,time,niter,nfail,train_lossf,test_lossf,train_lossf[0],test_lossf[0],errorf[0][0],errorf[0][1],errorf1[0][0],errorf1[0][1],errorf2[0][0],errorf2[0][1],train_Srel[0],test_Srel[0],
inf,19.00000000,0.00000000,0.00000000,0.00000000,4238.69626925,4547.76070171,4238.69626925,4547.76070171,40.96413575,4197.73213350,106.32573894,66.33191587,41.09237287,4334.01067403,0.00000000,-0.00000000,
0.00000000,19.00000000,2919.99245429,838.00000000,1.00000000,185.12984816,8820.65479358,185.12984816,8820.65479358,120.45355980,64.67628837,98.01476470,559.95889225,67.61958409,8095.06155254,-4294967296.00000000,0.00000000,
0.01000000,9.00000000,908.47807431,3590.00000000,0.00000000,38.85766758,61762.16329177,38.85766758,61762.16329177,38.71582180,0.06204285,32.16940720,6221.75383725,96.50525908,55411.63052593,-7.98029270,-10.42623187,alpha,seed,time,niter,nfail,train_lossf,test_lossf,train_lossf[0],test_lossf[0],errorf[0][0],errorf[0][1],errorf1[0][0],errorf1[0][1],errorf2[0][0],errorf2[0][1],train_Srel[0],test_Srel[0],
inf,2.00000000,0.00000000,0.00000000,0.00000000,3918.07113454,4479.03491759,3918.07113454,4479.03491759,45.17454453,3872.89659001,102.12050560,424.25573718,45.28747710,3907.37119771,0.00000000,0.00000000,
0.00000000,2.00000000,3206.01012731,839.00000000,1.00000000,474228.77841790,55696.98520481,474228.77841790,55696.98520481,87.80086448,474140.97755342,69.22938321,37134.51255651,74.03803586,18419.20522922,0.00000000,0.00000000,alpha,seed,time,niter,nfail,train_lossf,test_lossf,train_lossf[0],test_lossf[0],errorf[0][0],errorf[0][1],errorf1[0][0],errorf1[0][1],errorf2[0][0],errorf2[0][1],train_Srel[0],test_Srel[0],
inf,20.00000000,0.00000000,0.00000000,0.00000000,2533.26854511,4431.37962521,2533.26854511,4431.37962521,47.85609019,2485.41245492,99.45809377,1835.43968799,47.91071484,2448.57112861,0.00000000,0.00000000,
0.00000000,20.00000000,3264.88600326,839.00000000,1.00000000,5740.78467446,55696.98520481,5740.78467446,55696.98520481,144.40575556,5596.37891890,63.22664285,54.65921265,80.04077622,55499.05857308,-16384.00000000,32768.00000000,alpha,seed,time,niter,nfail,train_lossf,test_lossf,train_lossf[0],test_lossf[0],errorf[0][0],errorf[0][1],errorf1[0][0],errorf1[0][1],errorf2[0][0],errorf2[0][1],train_Srel[0],test_Srel[0],
inf,3.00000000,0.00000000,0.00000000,0.00000000,3829.82104904,4532.20856712,3829.82104904,4532.20856712,130.33647635,3699.48457268,16.99000911,571.52357013,130.35460391,3813.34038397,0.00000000,-0.00000000,
0.00000000,3.00000000,3121.32656431,839.00000000,1.00000000,818.02683281,755.26514457,818.02683281,755.26514457,193.39165219,624.63518062,25.07667231,0.00000000,173.42870683,556.75976543,-512.00000000,0.00000000,alpha,seed,time,niter,nfail,train_lossf,test_lossf,train_lossf[0],test_lossf[0],errorf[0][0],errorf[0][1],errorf1[0][0],errorf1[0][1],errorf2[0][0],errorf2[0][1],train_Srel[0],test_Srel[0],
inf,4.00000000,0.00000000,0.00000000,0.00000000,4167.40836088,4496.06278886,4167.40836088,4496.06278886,118.67142800,4048.73693287,28.45579726,240.42960931,119.28825821,4107.88912408,0.00000000,0.00000000,
0.00000000,4.00000000,5014.35489154,836.00000000,1.00000000,378.58609407,843.10350512,378.58609407,843.10350512,376.64919220,1.93690187,46.94173699,0.04825460,171.52658751,624.58692602,0.00000000,0.00000000,alpha,seed,time,niter,nfail,train_lossf,test_lossf,train_lossf[0],test_lossf[0],errorf[0][0],errorf[0][1],errorf1[0][0],errorf1[0][1],errorf2[0][0],errorf2[0][1],train_Srel[0],test_Srel[0],
inf,5.00000000,0.00000000,0.00000000,0.00000000,2108.97940457,4448.12699295,2108.97940457,4448.12699295,137.59522760,1971.38417696,9.74060250,2341.19414085,137.58520092,1959.60704868,0.00000000,0.00000000,
0.00000000,5.00000000,5184.85681486,838.00000000,1.00000000,81817.14692346,843.10350512,81817.14692346,843.10350512,137.22541865,81679.92150481,21.09471718,64.62803376,197.37360732,560.00714685,1099511627776.00000000,0.00000000,alpha,seed,time,niter,nfail,train_lossf,test_lossf,train_lossf[0],test_lossf[0],errorf[0][0],errorf[0][1],errorf1[0][0],errorf1[0][1],errorf2[0][0],errorf2[0][1],train_Srel[0],test_Srel[0],
inf,6.00000000,0.00000000,0.00000000,0.00000000,2760.17750517,4437.95618206,2760.17750517,4437.95618206,122.98954770,2637.18795747,24.11174699,1681.43663487,123.68577365,2608.72202656,0.00000000,0.00000000,
0.00000000,6.00000000,4333.62490201,839.00000000,1.00000000,369.41582799,476197.58515483,369.41582799,476197.58515483,128.64489360,240.77093438,36.60515033,134130.72049976,174.82284960,341855.43665514,512.00000000,0.00000000,alpha,seed,time,niter,nfail,train_lossf,test_lossf,train_lossf[0],test_lossf[0],errorf[0][0],errorf[0][1],errorf1[0][0],errorf1[0][1],errorf2[0][0],errorf2[0][1],train_Srel[0],test_Srel[0],
inf,7.00000000,0.00000000,0.00000000,0.00000000,4405.94286534,4416.04013180,4405.94286534,4416.04013180,131.77713855,4274.16572680,15.56424756,55.24061326,131.75032504,4213.48494594,0.00000000,0.00000000,
0.00000000,7.00000000,4409.63047409,838.00000000,1.00000000,44992.76751191,55696.98520481,44992.76751191,55696.98520481,146.69949400,44846.06801791,29.96498000,27783.25631615,113.30243907,27770.46146958,0.00000000,-48.00000000,alpha,seed,time,niter,nfail,train_lossf,test_lossf,train_lossf[0],test_lossf[0],errorf[0][0],errorf[0][1],errorf1[0][0],errorf1[0][1],errorf2[0][0],errorf2[0][1],train_Srel[0],test_Srel[0],
inf,8.00000000,0.00000000,0.00000000,0.00000000,4171.49778702,4434.69014111,4171.49778702,4434.69014111,50.77849234,4120.71929468,96.58611738,199.36372482,50.68185721,4088.05844171,0.00000000,0.00000000,
0.00000000,8.00000000,3066.60279417,839.00000000,1.00000000,4248.80870518,55696.98520481,4248.80870518,55696.98520481,93.22688937,4155.58181580,70.45098047,27772.92997300,72.81643860,27780.78781274,-512.00000000,-256.00000000,alpha,seed,time,niter,nfail,train_lossf,test_lossf,train_lossf[0],test_lossf[0],errorf[0][0],errorf[0][1],errorf1[0][0],errorf1[0][1],errorf2[0][0],errorf2[0][1],train_Srel[0],test_Srel[0],
inf,9.00000000,0.00000000,0.00000000,0.00000000,2941.19621412,4487.37642293,2941.19621412,4487.37642293,126.79390203,2814.40231208,20.46687130,1478.80496682,127.00865092,2861.09593389,0.00000000,0.00000000,
0.00000000,9.00000000,3248.06304812,836.00000000,1.00000000,17075.68124369,13653.51478669,17075.68124369,13653.51478669,218.21836507,16857.46287862,96.22792763,58.68472479,157.86355962,13340.73857465,0.00000000,17179869184.00000000,
0.10000000,1.00000000,365.81600690,1316.00000000,0.00000000,41.07201760,75645.52744279,41.07201760,75645.52744279,40.09973981,0.17415704,33.08456163,43341.36101961,2410.68435287,29859.35488550,-7.98120743,-10.42623187,
0.10000000,10.00000000,385.39553809,1159.00000000,0.00000000,38.22645815,17209.56633318,38.22645815,17209.56633318,37.34467825,0.07750167,28.11045631,11494.15267495,218.61273833,5467.64784040,-8.04278226,-10.42623187,
0.10000000,11.00000000,205.52501583,848.00000000,0.00000000,18.62632040,13630.30916964,18.62632040,13630.30916964,17.83384777,0.01508645,112.95533636,13070.96865096,153.19512849,292.14742768,-7.77386178,-10.42626151,
0.10000000,12.00000000,533.60330820,1421.00000000,0.00000000,43.28435756,20448.93054351,43.28435756,20448.93054351,42.45619304,0.04979589,38.36240664,19574.52732920,120.91421625,714.08397416,-7.78368632,-10.42617257,
0.10000000,13.00000000,233.15329432,621.00000000,0.00000000,38.81079145,13854.31693170,38.81079145,13854.31693170,38.03815464,0.00377533,155.10426511,13043.95012972,95.10677333,559.11314628,-7.68861488,-10.42617257,
0.10000000,14.00000000,525.47698426,1778.00000000,0.00000000,19.83678490,20448.93055537,19.83678490,20448.93055537,19.06504965,0.01596754,60.80260701,19291.97423003,98.47401588,996.63707333,-7.55767706,-10.42629115,
0.10000000,15.00000000,418.94931221,1231.00000000,0.00000000,36.80333927,20394.28755871,36.80333927,20394.28755871,35.97938772,0.03301199,27.57048279,19271.26640863,131.37009521,963.03892876,-7.90939555,-10.41643321,
0.10000000,16.00000000,325.05478501,1105.00000000,0.00000000,39.67391437,14324.50737017,39.67391437,14324.50737017,38.86186943,0.00794611,110.59464742,1322.16628728,110.75479859,12779.94901073,-8.04098832,-10.42626151,
0.10000000,17.00000000,361.66234398,1421.00000000,0.00000000,20.45389100,179370.29210998,20.45389100,179370.29210998,19.69884038,0.01803908,143.67261956,3718.01802360,304.37795464,175203.18088603,-7.37011543,-10.42626151,
0.10000000,18.00000000,204.69472671,708.00000000,0.00000000,19.76288155,20448.93053314,19.76288155,20448.93053314,19.02550519,0.00436631,49.87806223,19984.75789318,109.39856054,303.85338808,-7.33010047,-10.42629114,
0.10000000,19.00000000,438.02661824,2052.00000000,0.00000000,19.64608159,1401398.77414270,19.64608159,1401398.77414270,18.86201165,0.02903321,176.59082681,378311.87497438,859.97620194,1022049.28951933,-7.55036735,-10.42620222,
0.10000000,2.00000000,379.21985078,1622.00000000,0.00000000,19.61639984,9324905.68759048,19.61639984,9324905.68759048,18.85209371,0.01405198,88.21864211,13895.80583935,1756.15796552,9309164.46251736,-7.50254145,-10.42626138,
0.10000000,20.00000000,400.74621320,1775.00000000,0.00000000,18.67223111,20510.01960517,18.67223111,20510.01960517,17.90472515,0.01262867,135.01996194,11714.40674938,304.09073709,8355.45953062,-7.54877289,-10.42626151,
0.10000000,3.00000000,571.01908422,1580.00000000,0.00000000,41.35048056,20447.69915634,41.35048056,20447.69915634,40.48407422,0.06046832,48.70552059,19586.76706572,110.56429204,700.61969779,-8.05938025,-10.42580203,
0.10000000,4.00000000,618.46744943,1760.00000000,0.00000000,37.56887955,13854.31693803,37.56887955,13854.31693803,36.67544514,0.10239999,158.51876109,10887.14605476,91.69227744,2715.91722747,-7.91034428,-10.42617257,
0.10000000,5.00000000,297.22118306,1143.00000000,0.00000000,42.29732859,13854.31694336,42.29732859,13854.31694336,41.48605675,0.01353049,149.79276657,13127.63996949,100.41827196,475.42331215,-7.97741349,-10.42623187,
0.10000000,6.00000000,736.56854606,1991.00000000,0.00000000,36.19449796,272204.86946052,36.19449796,272204.86946052,35.28211545,0.11300409,35.26677219,22831.29682924,59.77939772,249277.48383820,-7.99378425,-10.42623174,
0.10000000,7.00000000,459.82463145,1131.00000000,0.00000000,42.63508292,272204.86846978,42.63508292,272204.86846978,41.73882050,0.09464664,35.43590905,83075.48179124,59.61026058,189033.29789166,-8.01615780,-10.42617242,
0.10000000,8.00000000,502.71301413,2200.00000000,0.00000000,21.66219294,5703.50146630,21.66219294,5703.50146630,20.83780884,0.04663234,140.56595581,5281.41178249,81.71106880,198.80545722,-7.77751770,-10.07201983,
0.10000000,9.00000000,425.96708798,1020.00000000,0.00000000,39.56488465,61762.64805851,39.56488465,61762.64805851,38.70645291,0.06383998,32.16917694,6221.70689452,96.50471946,55411.22464930,-7.94591755,-10.42618299,
1000000.00000000,1.00000000,636.46504807,2249.00000000,0.00000000,3566.61214584,4409.96704874,3566.61214584,4409.96704874,128.09268594,3410.73903730,19.18530384,848.45072309,128.24730834,3385.11040435,-0.00002778,-0.00002897,
1000000.00000000,10.00000000,726.03805685,2710.00000000,0.00000000,4193.24543242,4357.48572375,4193.24543242,4357.48572375,125.44061813,4019.76849234,21.94566611,209.24293669,125.30174723,3954.52674368,-0.00004804,-0.00004647,
1000000.00000000,11.00000000,570.79314232,1704.00000000,0.00000000,2860.72933767,4356.57089951,2860.72933767,4356.57089951,44.86283226,2775.04641479,102.50306664,1494.47629274,44.72115054,2677.44998729,-0.00004082,-0.00003742,
1000000.00000000,12.00000000,550.96227956,1783.00000000,0.00000000,3359.69681243,4485.14766569,3359.69681243,4485.14766569,134.94774784,3193.97105850,12.14122404,1027.39001853,135.67850138,3276.67182454,-0.00003078,-0.00003327,
1000000.00000000,13.00000000,412.14315820,1314.00000000,0.00000000,755.95031772,4448.42993375,755.95031772,4448.42993375,130.38530316,620.92406417,16.65636961,3683.91756269,131.20881344,612.20443698,-0.00000464,-0.00000444,
1000000.00000000,14.00000000,404.36664438,1678.00000000,0.00000000,3928.06142472,4428.70378539,3928.06142472,4428.70378539,51.90132126,3830.76557661,95.44429827,367.47099838,51.90239642,3868.22666391,-0.00004539,-0.00004566,
1000000.00000000,15.00000000,572.49001956,2033.00000000,0.00000000,2589.18814897,4376.23850928,2589.18814897,4376.23850928,127.69664165,2414.68702414,19.62950674,1816.06337071,127.79867287,2367.46568249,-0.00004680,-0.00004528,
1000000.00000000,16.00000000,535.89567471,2015.00000000,0.00000000,2830.32807591,4382.97536512,2830.32807591,4382.97536512,126.34957512,2673.36643989,21.01049451,1592.99499600,126.17931072,2613.61854782,-0.00003061,-0.00002917,
1000000.00000000,17.00000000,442.42741561,1797.00000000,0.00000000,2822.22806889,4328.58340906,2822.22806889,4328.58340906,44.78914413,2734.31775660,102.50571918,1548.30896617,44.85026003,2595.13131125,-0.00004312,-0.00003779,
1000000.00000000,18.00000000,638.74987531,2352.00000000,0.00000000,1132.71378725,4488.45613480,1132.71378725,4488.45613480,51.94327666,1051.60560599,95.38289633,3175.46997457,51.95702203,1132.36369849,-0.00002916,-0.00003328,
1000000.00000000,19.00000000,514.04320002,2746.00000000,0.00000000,4185.36885785,4485.47163852,4185.36885785,4485.47163852,40.95901941,4093.39431229,106.34858771,66.24678022,41.08784937,4216.71335395,-0.00005102,-0.00005508,
1000000.00000000,2.00000000,555.36910534,1882.00000000,0.00000000,3864.01060443,4425.39054835,3864.01060443,4425.39054835,45.17310557,3768.65634342,102.14530600,425.43831022,45.28657577,3801.88208434,-0.00005018,-0.00005064,
1000000.00000000,20.00000000,528.77678323,1968.00000000,0.00000000,2488.80964359,4386.18550283,2488.80964359,4386.18550283,47.85932566,2409.16627399,99.49069764,1835.14717139,47.91434411,2371.27761283,-0.00003178,-0.00003236,
1000000.00000000,3.00000000,450.56216049,1936.00000000,0.00000000,3779.22738323,4478.20752921,3779.22738323,4478.20752921,130.35956779,3598.34845299,16.99322317,573.02510274,130.37442082,3704.55064208,-0.00005052,-0.00005326,
1000000.00000000,4.00000000,838.74073172,2641.00000000,0.00000000,4114.17827219,4437.85818819,4114.17827219,4437.85818819,118.68465737,3947.52605781,28.45862416,240.92417763,119.30735268,3998.31810131,-0.00004797,-0.00005085,
1000000.00000000,5.00000000,187.38818908,696.00000000,0.00000000,2098.58218889,4438.31189781,2098.58218889,4438.31189781,137.56222939,1952.48884683,9.73984959,2341.53952534,137.55388826,1941.04135344,-0.00000853,-0.00000844,
1000000.00000000,6.00000000,677.40145111,2186.00000000,0.00000000,2712.60445492,4392.00327512,2712.60445492,4392.00327512,123.02429336,2552.38895471,24.11115845,1681.20721282,123.71297110,2527.50478811,-0.00003719,-0.00003547,
1000000.00000000,7.00000000,485.08778501,1592.00000000,0.00000000,4349.25707260,4365.17134380,4349.25707260,4365.17134380,131.78255527,4173.39280996,15.56222071,55.30441628,131.75789059,4121.27675099,-0.00004408,-0.00004127,
1000000.00000000,8.00000000,561.86914802,2608.00000000,0.00000000,4115.71050604,4379.96133651,4115.71050604,4379.96133651,50.77994064,4016.82892491,96.59948777,199.02489001,50.68453102,3986.22543297,-0.00004810,-0.00004743,
1000000.00000000,9.00000000,661.96242023,2193.00000000,0.00000000,2903.86128772,4452.13732027,2903.86128772,4452.13732027,126.76511599,2744.17379080,20.46893760,1483.84937308,126.97821912,2786.68410970,-0.00003292,-0.00003416,
100000.00000000,1.00000000,523.06449294,1746.00000000,0.00000000,3328.99512909,4183.55624673,3328.99512909,4183.55624673,128.04890562,2986.72322927,19.18407147,867.31352616,128.19124035,2949.68341544,-0.00214223,-0.00219184,
100000.00000000,10.00000000,1093.76248121,3081.00000000,0.00000000,3806.75778622,3993.55413330,3806.75778622,3993.55413330,125.49006353,3345.76037621,21.92378074,207.30622890,125.34664822,3311.84853327,-0.00335507,-0.00327129,
100000.00000000,11.00000000,511.09150314,2182.00000000,0.00000000,2603.43620557,4165.13636891,2603.43620557,4165.13636891,44.79806374,2341.28390456,102.43091495,1528.71216294,44.65441943,2285.36327673,-0.00217354,-0.00203976,
100000.00000000,12.00000000,823.68590212,2194.00000000,0.00000000,3126.19333731,4259.15674135,3126.19333731,4259.15674135,134.84268157,2778.73530327,12.16571340,1054.91770757,135.58508385,2834.26495289,-0.00212615,-0.00222223,
100000.00000000,13.00000000,697.81833649,1754.00000000,0.00000000,714.91640320,4431.64434648,714.91640320,4431.64434648,130.23986292,543.45866130,16.65648384,3705.68422804,131.07470172,538.62150727,-0.00041218,-0.00039607,
100000.00000000,14.00000000,970.42987418,2767.00000000,0.00000000,3559.44895747,4045.40013575,3559.44895747,4045.40013575,51.83478139,3174.72707326,95.56991394,370.05528674,51.84145425,3191.01646200,-0.00332887,-0.00336917,
100000.00000000,15.00000000,823.26158476,2807.00000000,0.00000000,2273.82062029,4079.75381107,2273.82062029,4079.75381107,127.86468602,1885.73497721,19.62749420,1817.76088520,127.94915951,1862.69670932,-0.00260221,-0.00251720,
100000.00000000,16.00000000,676.53105640,2799.00000000,0.00000000,2574.34480382,4186.50170341,2574.34480382,4186.50170341,126.15207166,2229.62553522,20.96114979,1631.95243186,125.99487610,2196.87276663,-0.00218567,-0.00210720,
100000.00000000,17.00000000,728.91828418,2950.00000000,0.00000000,2553.27745033,4152.54372716,2553.27745033,4152.54372716,44.67171330,2274.83937032,102.45018499,1597.40033196,44.73720457,2194.71887926,-0.00233766,-0.00213237,
100000.00000000,18.00000000,612.74003124,2102.00000000,0.00000000,966.32068234,4324.18094503,966.32068234,4324.18094503,51.94911624,781.87171924,95.32686908,3209.03668367,51.96342061,823.07229369,-0.00132500,-0.00144782,
100000.00000000,19.00000000,911.24663877,3819.00000000,0.00000000,3817.94102714,4072.21167683,3817.94102714,4072.21167683,40.93236092,3439.67639892,106.45900688,65.42267787,41.06407338,3500.36966635,-0.00337332,-0.00358896,
100000.00000000,2.00000000,480.17639327,2029.00000000,0.00000000,3504.53627058,4067.85380927,3504.53627058,4067.85380927,45.16099331,3158.92297607,102.25909594,432.60192950,45.27668826,3184.51723523,-0.00300452,-0.00303199,
100000.00000000,20.00000000,791.63313746,3166.00000000,0.00000000,2186.00876144,4079.40006888,2186.00876144,4079.40006888,47.88858181,1873.08463957,99.74860214,1830.84470088,47.94565433,1833.23801218,-0.00265036,-0.00267623,
100000.00000000,3.00000000,710.13700819,3289.00000000,0.00000000,3427.04723466,4102.31878313,3427.04723466,4102.31878313,130.45349274,2987.42900266,17.00824136,578.88519452,130.44547268,3053.20173498,-0.00309165,-0.00322778,
100000.00000000,4.00000000,1230.34818196,3904.00000000,0.00000000,3750.59060007,4051.25541143,3750.59060007,4051.25541143,118.73857756,3309.25256136,28.47766222,243.67078387,119.39579085,3324.45944200,-0.00322599,-0.00335252,
100000.00000000,5.00000000,474.15894961,1654.00000000,0.00000000,2011.04214642,4356.43033339,2011.04214642,4356.43033339,137.24694797,1785.18708211,9.73282442,2345.19487396,137.25233252,1776.69622754,-0.00088608,-0.00087554,
100000.00000000,6.00000000,1087.91545200,3185.00000000,0.00000000,2395.65733223,4080.44633660,2395.65733223,4080.44633660,123.22765123,2011.69121339,24.10185688,1678.45179268,123.87035237,2001.11307434,-0.00260738,-0.00252909,
100000.00000000,7.00000000,776.56824017,2979.00000000,0.00000000,3953.95905139,4001.70526006,3953.95905139,4001.70526006,131.81342494,3477.36847092,15.55124834,55.69200605,131.80663306,3468.78138653,-0.00344777,-0.00329874,
100000.00000000,8.00000000,648.79863858,2836.00000000,0.00000000,3735.77204408,4005.22230083,3735.77204408,4005.22230083,50.78469961,3354.87405511,96.64994938,196.33929999,50.69750297,3335.50019304,-0.00330113,-0.00326035,
100000.00000000,9.00000000,603.44868827,2572.00000000,0.00000000,2661.84425711,4229.18103866,2661.84425711,4229.18103866,126.49508303,2340.38621653,20.47588590,1518.76436578,126.69299433,2361.45542201,-0.00194963,-0.00201792,
10000.00000000,1.00000000,1081.62175632,3209.00000000,0.00000000,2323.41946049,3249.03427779,2323.41946049,3249.03427779,127.20494490,1567.43978102,19.09845656,933.08327605,127.22735452,1543.67412111,-0.06287747,-0.06259511,
10000.00000000,10.00000000,1058.16016555,3162.00000000,0.00000000,2490.36014275,2698.97389646,2490.36014275,2698.97389646,124.64157780,1621.81031405,21.83676414,201.30122966,124.43279348,1613.66751117,-0.07439083,-0.07377356,
10000.00000000,11.00000000,570.27613044,2571.00000000,0.00000000,1745.20070340,3507.98537762,1745.20070340,3507.98537762,44.36461455,1198.17812563,101.54798117,1685.90449559,44.22152157,1182.80987063,-0.05026580,-0.04935015,
10000.00000000,12.00000000,1075.76386571,3090.00000000,0.00000000,2164.90276606,3332.54800364,2164.90276606,3332.54800364,133.65742373,1444.99992101,12.25588197,1125.08788994,134.41866617,1465.13441608,-0.05862454,-0.05956511,
10000.00000000,13.00000000,588.95626664,1761.00000000,0.00000000,511.36605257,4358.61911166,511.36605257,4358.61911166,129.32342446,253.60779601,16.65591155,3828.72698600,130.20935969,257.83937234,-0.01284348,-0.01251875,
10000.00000000,14.00000000,932.73529267,3024.00000000,0.00000000,2302.59771421,2781.95054764,2302.59771421,2781.95054764,51.34819191,1545.73365085,95.47812462,377.51328479,51.36860722,1552.07465014,-0.07055159,-0.07055159,
10000.00000000,15.00000000,1169.51439953,2617.00000000,0.00000000,1363.39720386,3197.31797616,1363.39720386,3197.31797616,127.90437463,785.68859749,19.61778973,1817.03266303,127.88947913,790.21784376,-0.04498042,-0.04425602,
10000.00000000,16.00000000,671.52124286,2777.00000000,0.00000000,1724.39768644,3541.02329035,1724.39768644,3541.02329035,124.31723118,1106.20080560,20.77962935,1807.87793419,124.24351577,1101.40180763,-0.04938796,-0.04867204,
10000.00000000,17.00000000,540.03111815,2344.00000000,0.00000000,1673.03852827,3556.19110248,1673.03852827,3556.19110248,44.11638302,1117.89752738,101.70123031,1814.78874554,44.17596280,1103.94822649,-0.05110246,-0.04915769,
10000.00000000,18.00000000,842.09012198,2885.00000000,0.00000000,538.33976463,4031.33640132,538.33976463,4031.33640132,52.03879153,285.90300511,94.64194826,3379.63636054,52.04738570,299.10619684,-0.02003980,-0.02059045,
10000.00000000,19.00000000,736.67490149,3454.00000000,0.00000000,2507.30703347,2701.04662234,2507.30703347,2701.04662234,40.78110935,1709.15616443,106.15010660,58.58478907,40.90544379,1726.27133957,-0.07573698,-0.07691349,
10000.00000000,2.00000000,849.38706255,3275.00000000,0.00000000,2294.65064622,2846.87954190,2294.65064622,2846.87954190,45.05954449,1570.28079120,102.02139775,435.26376515,45.18320385,1582.59961516,-0.06793103,-0.06818116,
10000.00000000,20.00000000,820.25158310,3174.00000000,0.00000000,1302.82694333,3194.53809929,1302.82694333,3194.53809929,48.02212517,811.05149675,100.40432212,1813.30670263,48.06471709,793.39163427,-0.04437533,-0.04393707,
10000.00000000,3.00000000,829.08221054,3918.00000000,0.00000000,2256.35237117,2876.14049489,2256.35237117,2876.14049489,129.88195239,1472.28354300,17.11543527,576.41126365,129.79555023,1485.00747092,-0.06541869,-0.06678108,
10000.00000000,4.00000000,1116.46478987,3530.00000000,0.00000000,2483.20899904,2759.92336949,2483.20899904,2759.92336949,118.04978289,1632.91450130,28.52372227,243.07739116,118.77948265,1631.07277902,-0.07322447,-0.07384700,
10000.00000000,5.00000000,466.67202926,1834.00000000,0.00000000,1514.66548595,3883.80130728,1514.66548595,3883.80130728,135.24872427,1025.58609187,9.69826866,2362.07484396,135.30348727,1025.44403554,-0.03538307,-0.03512807,
10000.00000000,6.00000000,1134.42318010,3508.00000000,0.00000000,1455.10031293,3143.78942822,1455.10031293,3143.78942822,123.47687016,855.98029715,24.04911333,1668.58926054,124.00335377,857.91463132,-0.04756431,-0.04692331,
10000.00000000,7.00000000,902.03401184,3161.00000000,0.00000000,2609.13010962,2683.15480308,2609.13010962,2683.15480308,130.71950858,1707.59887948,15.54124573,55.60041595,130.82252852,1712.58550344,-0.07708117,-0.07686051,
10000.00000000,8.00000000,789.84847188,3477.00000000,0.00000000,2427.72864389,2702.48719654,2427.72864389,2702.48719654,50.71761263,1635.44021445,96.19180584,187.70109657,50.64708533,1629.59599000,-0.07415708,-0.07383512,
10000.00000000,9.00000000,1200.43312478,4256.00000000,0.00000000,1817.50040177,3531.63118105,1817.50040177,3531.63118105,124.53308940,1192.18538225,20.40429842,1689.18039720,124.65159581,1189.72235692,-0.05007819,-0.05076725,
1000.00000000,1.00000000,863.35530066,2965.00000000,0.00000000,919.45180902,1934.99625734,919.45180902,1934.99625734,121.75732376,323.21282485,18.63357492,1005.22700019,121.28920236,317.64949730,-0.47448166,-0.47219698,
1000.00000000,10.00000000,1197.28236055,4125.00000000,0.00000000,931.30724793,1174.05483738,931.30724793,1174.05483738,118.87510087,313.32585952,21.65074436,222.17762307,118.36197758,317.36687628,-0.49910629,-0.49449762,
1000.00000000,11.00000000,633.07327890,2673.00000000,0.00000000,646.36264899,2719.97028948,646.36264899,2719.97028948,42.91954263,241.60947386,98.80082442,1981.75142775,42.80835980,235.16961388,-0.36183363,-0.36144006,
1000.00000000,12.00000000,850.06301332,2968.00000000,0.00000000,863.65146891,2008.44344150,863.65146891,2008.44344150,127.52338902,299.75157727,12.34432807,1126.74877785,128.39275719,299.96048868,-0.43637650,-0.44099709,
1000.00000000,13.00000000,461.07322669,1744.00000000,0.00000000,238.35089016,4387.71340092,238.35089016,4387.71340092,125.12222270,31.43934679,16.65326713,4129.78750719,125.98128595,34.05326106,-0.08178932,-0.08123808,
1000.00000000,14.00000000,1125.38589931,3394.00000000,0.00000000,831.46693807,1282.95255576,831.46693807,1282.95255576,49.52138718,312.17514545,94.14649987,353.12949503,49.57608092,315.79744001,-0.46977041,-0.47030304,
1000.00000000,15.00000000,843.64429164,2862.00000000,0.00000000,509.75281177,2320.24598083,509.75281177,2320.24598083,124.41803117,136.26797419,19.60958528,1789.27540464,124.26880133,138.26146064,-0.24906681,-0.24883073,
1000.00000000,16.00000000,743.33695507,3311.00000000,0.00000000,671.79466375,2815.10049593,671.79466375,2815.10049593,117.54263045,216.08224851,20.53072804,2122.96076703,117.61547534,218.63136604,-0.33816978,-0.33536216,
1000.00000000,17.00000000,814.42208767,2940.00000000,0.00000000,607.87748216,2879.59695520,607.87748216,2879.59695520,42.79173563,223.49226093,99.28674038,2177.08500835,42.76192584,222.72682340,-0.34159349,-0.33773646,
1000.00000000,18.00000000,844.20833564,2688.00000000,0.00000000,182.24398498,4017.68420323,182.24398498,4017.68420323,52.10934183,36.29576620,93.01075498,3737.64115980,52.09627980,39.43155694,-0.09383888,-0.09550445,
1000.00000000,19.00000000,897.53174973,3622.00000000,0.00000000,901.88157582,1052.27269888,901.88157582,1052.27269888,40.25133917,342.70782769,103.80023486,41.05896561,40.32796725,343.70841908,-0.51892241,-0.52337711,
1000.00000000,2.00000000,696.10661578,2585.00000000,0.00000000,849.89482574,1291.48131295,849.89482574,1291.48131295,44.35097234,330.20116516,99.54657436,335.66281568,44.46679203,336.73905549,-0.47534269,-0.47506608,
1000.00000000,20.00000000,804.58996964,3413.00000000,0.00000000,446.58965408,2319.27130231,446.58965408,2319.27130231,47.99447628,144.41074441,100.83758022,1777.13660687,47.96321051,141.24091513,-0.25418443,-0.25209299,
1000.00000000,3.00000000,1087.88846636,4741.00000000,0.00000000,883.62697106,1353.51636080,883.62697106,1353.51636080,124.30369538,311.19849550,17.24631077,448.88148019,124.35773316,312.58709389,-0.44812478,-0.45044374,
1000.00000000,4.00000000,1345.29030728,4183.00000000,0.00000000,942.56667214,1193.08889270,942.56667214,1193.08889270,112.72517201,330.67678138,28.26452644,222.22518696,113.32482161,327.80743977,-0.49916472,-0.50146692,
1000.00000000,5.00000000,516.00931287,1785.00000000,0.00000000,653.68308411,3062.64294083,653.68308411,3062.64294083,128.25000133,219.65532767,9.64909752,2398.56432783,128.26657462,220.61418376,-0.30577776,-0.30554876,
1000.00000000,6.00000000,988.36220670,2902.00000000,0.00000000,537.60015815,2218.73548014,537.60015815,2218.73548014,120.34449249,147.60338311,23.95872860,1657.88243782,120.76309685,146.86869426,-0.26965228,-0.26926252,
1000.00000000,7.00000000,1260.61720920,4130.00000000,0.00000000,981.83628265,1090.66686069,981.83628265,1090.66686069,124.09015680,333.13376236,15.64171932,88.71601517,124.29127570,338.76233672,-0.52461236,-0.52325551,
1000.00000000,8.00000000,832.04988647,3467.00000000,0.00000000,872.95613082,1131.41875154,872.95613082,1131.41875154,49.94952616,326.42879345,93.82844803,167.73628687,49.82488245,324.30883143,-0.49657781,-0.49572030,
1000.00000000,9.00000000,645.23413062,2223.00000000,0.00000000,717.52700419,2777.76237099,717.52700419,2777.76237099,117.86964594,236.79008894,19.84566087,2040.41950362,117.95946758,235.50917882,-0.36286727,-0.36402856,
100.00000000,1.00000000,835.11229157,3034.00000000,0.00000000,260.97841152,1465.15940295,260.97841152,1465.15940295,99.64419571,24.75316674,17.96713170,1187.11379522,98.45470702,24.89700645,-1.36581049,-1.36726763,
100.00000000,10.00000000,1116.08833838,3577.00000000,0.00000000,257.63075348,624.74371678,257.63075348,624.74371678,96.23302542,24.36909795,21.89008503,344.96606041,94.50326852,25.34006433,-1.37028630,-1.38044238,
100.00000000,11.00000000,572.89012408,2584.00000000,0.00000000,154.34772064,2450.36912716,154.34772064,2450.36912716,39.36753497,18.80198966,96.62372156,2200.52829754,39.30657243,17.67980537,-0.96178196,-0.96230730,
100.00000000,12.00000000,851.81535578,3004.00000000,0.00000000,253.68781820,1542.90028008,253.68781820,1542.90028008,103.76811095,22.34816633,12.38045851,1273.67030419,104.15185293,24.74075164,-1.27571541,-1.27956913,
100.00000000,13.00000000,351.55338168,1238.00000000,0.00000000,130.85503631,4631.54698490,130.85503631,4631.54698490,104.43499126,1.07322577,16.62259752,4482.92516942,104.81567459,1.64572951,-0.25346819,-0.25537814,
100.00000000,14.00000000,1123.78435946,2721.00000000,0.00000000,195.14587171,608.81910583,195.14587171,608.81910583,44.88078104,25.11963281,92.79193560,316.51766686,44.94233200,27.79098325,-1.25145458,-1.26776188,
100.00000000,15.00000000,554.60678458,2217.00000000,0.00000000,179.38504263,1897.41571702,179.38504263,1897.41571702,103.08404140,8.58011930,19.49192054,1697.96696918,103.00606660,8.95231989,-0.67720882,-0.67998441,
100.00000000,16.00000000,531.18044019,2294.00000000,0.00000000,209.95550785,2613.12632046,209.95550785,2613.12632046,96.21077214,17.52333284,20.25283241,2381.72455937,96.56842875,18.51059079,-0.96221403,-0.96069909,
100.00000000,17.00000000,475.48908567,1921.00000000,0.00000000,148.49959380,2710.19007444,148.49959380,2710.19007444,40.12222769,18.72423782,96.77456712,2465.57887873,39.91453495,18.32449051,-0.89653128,-0.89597603,
100.00000000,18.00000000,357.22655225,1332.00000000,0.00000000,69.61799311,4111.04571589,69.61799311,4111.04571589,49.30001777,1.35025586,91.94746200,3948.58304129,49.35669515,1.87475912,-0.18967719,-0.19283758,
100.00000000,19.00000000,937.68975329,3342.00000000,0.00000000,201.31646058,329.27135190,201.31646058,329.27135190,38.31755593,26.90010411,101.63708144,25.24277941,38.38079383,27.36362667,-1.36098801,-1.36647071,
100.00000000,2.00000000,624.62770963,2662.00000000,0.00000000,196.49156695,536.32062774,196.49156695,536.32062774,41.10945018,25.55205291,96.98429617,238.88895199,41.18958750,29.55176353,-1.29830064,-1.29706029,
100.00000000,20.00000000,656.79002237,2575.00000000,0.00000000,116.38072819,1917.16249974,116.38072819,1917.16249974,45.41365247,9.69338892,101.33036059,1700.34557160,45.33126273,8.85003065,-0.61273687,-0.61305274,
100.00000000,3.00000000,703.17145038,2734.00000000,0.00000000,257.25309289,599.76437834,257.25309289,599.76437834,100.77085565,24.30658274,17.20714337,321.21421234,100.88659315,28.59598188,-1.32175654,-1.31860448,
100.00000000,4.00000000,760.91483688,2588.00000000,0.00000000,257.13295584,520.59795585,257.13295584,520.59795585,91.40281181,25.61875810,27.30873420,234.80801827,91.95016847,26.97102802,-1.40111386,-1.39560007,
100.00000000,5.00000000,419.56736922,1501.00000000,0.00000000,217.65814428,2876.39833493,217.65814428,2876.39833493,105.15542601,17.41751905,9.81693265,2648.18621322,105.36551716,18.08545168,-0.95085199,-0.94944220,
100.00000000,6.00000000,670.98238754,1978.00000000,0.00000000,181.05914257,1817.08809733,181.05914257,1817.08809733,99.01537201,9.22230354,23.80964585,1611.84041981,99.44740966,9.15531712,-0.72821467,-0.72835305,
100.00000000,7.00000000,794.47710991,2542.00000000,0.00000000,269.19746013,543.98703081,269.19746013,543.98703081,100.89398721,24.49490189,16.29485835,253.18509081,100.95770746,29.38827604,-1.43808571,-1.44161098,
100.00000000,8.00000000,612.70759487,2787.00000000,0.00000000,203.35495242,436.37293468,203.35495242,436.37293468,46.30825594,26.30206865,91.90691231,141.05387204,46.15266271,26.09112025,-1.30744628,-1.31168367,
100.00000000,9.00000000,585.78869820,1776.00000000,0.00000000,218.64981132,2656.01039922,218.64981132,2656.01039922,96.83947963,18.46183135,19.28212087,2417.20369367,96.87581339,18.69460347,-1.03348500,-1.03954168,
10.00000000,1.00000000,348.76820350,1238.00000000,0.00000000,92.81880508,1478.04332935,92.81880508,1478.04332935,56.87888598,0.74549942,17.60261197,1229.35560880,53.48437887,138.30303640,-3.51944197,-3.92976933,
10.00000000,10.00000000,384.40561891,1389.00000000,0.00000000,89.90082504,649.34394877,89.90082504,649.34394877,54.44129185,0.70755984,25.07224532,516.10257298,53.47699370,18.65434563,-3.47519733,-3.60377911,
10.00000000,11.00000000,194.51442051,813.00000000,0.00000000,49.14146973,2652.56672779,49.14146973,2652.56672779,31.48517861,0.54208742,92.85776850,2509.81372076,31.34694220,1.23726298,-1.71142037,-1.73110334,
10.00000000,12.00000000,211.51456213,985.00000000,0.00000000,95.11889769,1956.37405282,95.11889769,1956.37405282,60.45984411,0.44010390,12.32430171,1702.04193519,59.02395434,146.99721334,-3.42189497,-3.59866482,
10.00000000,13.00000000,125.46391511,465.00000000,0.00000000,80.23802773,4583.68402896,80.23802773,4583.68402896,60.03846993,0.01933640,17.03265428,4484.88191044,60.16347500,1.28216035,-2.01802214,-2.03238289,
10.00000000,14.00000000,532.29724693,1114.00000000,0.00000000,56.96540532,426.12088155,56.96540532,426.12088155,33.27998771,0.58719352,91.88946553,246.95314981,32.43528994,30.13418980,-2.30982241,-2.47087865,
10.00000000,15.00000000,226.96172309,862.00000000,0.00000000,83.79527554,1355.97355255,83.79527554,1355.97355255,57.01309317,0.14267461,18.63316859,1221.66418749,58.80575484,31.43134012,-2.66395078,-2.54391015,
10.00000000,16.00000000,208.77381825,859.00000000,0.00000000,86.12923186,2914.94784925,86.12923186,2914.94784925,57.26842930,0.47681479,19.74588226,2777.25551224,57.17926682,31.68829813,-2.83839878,-2.90788898,
10.00000000,17.00000000,244.10079980,892.00000000,0.00000000,49.27312289,3053.90193224,49.27312289,3053.90193224,31.93232623,0.53147284,93.44417718,2906.03149689,31.59780717,5.71875699,-1.68093238,-1.71096940,
10.00000000,18.00000000,186.44011283,664.00000000,0.00000000,44.92994318,3593.54947046,44.92994318,3593.54947046,36.78122940,0.02566159,90.36592699,3457.02431228,36.98839845,1.05510432,-0.81230522,-0.81157284,
10.00000000,19.00000000,372.14888096,1727.00000000,0.00000000,54.68150739,173.30429300,54.68150739,173.30429300,31.15749547,0.71017974,103.01265756,6.60232636,31.58293107,9.72106940,-2.28138322,-2.23853086,
10.00000000,2.00000000,306.25425386,1281.00000000,0.00000000,55.04157940,435.21246290,55.04157940,435.21246290,31.73245352,0.64852335,95.31713433,251.58933232,31.97876552,33.48146769,-2.26606025,-2.28457630,
10.00000000,20.00000000,362.09187388,1277.00000000,0.00000000,48.25907241,1198.85502997,48.25907241,1198.85502997,34.75765387,0.23291516,100.42232324,1048.94981466,34.96987865,1.35284489,-1.32685034,-1.31601685,
10.00000000,3.00000000,371.87302041,1532.00000000,0.00000000,93.28176067,488.21412598,93.28176067,488.21412598,57.78238784,0.65407940,17.64446280,307.02998631,58.04397282,70.89085936,-3.48452934,-3.46048447,
10.00000000,4.00000000,513.81986547,1558.00000000,0.00000000,87.40451552,479.52465245,87.40451552,479.52465245,52.82016902,0.65469499,26.30047973,226.66543317,51.71517942,139.99296019,-3.39296515,-3.48505999,
10.00000000,5.00000000,251.19660497,911.00000000,0.00000000,91.95306919,2802.49884691,91.95306919,2802.49884691,61.21005031,0.38749813,11.26969738,2668.07207872,59.85605429,31.32112964,-3.03555208,-3.19798869,
10.00000000,6.00000000,380.74975324,1256.00000000,0.00000000,81.06017190,1536.36201502,81.06017190,1536.36201502,54.64840649,0.24632988,23.02264653,1364.49078002,53.82083750,67.67024445,-2.61654355,-2.73575065,
10.00000000,7.00000000,362.20621848,1091.00000000,0.00000000,95.09116623,1200.46325735,95.09116623,1200.46325735,58.94278556,0.61241690,20.94505922,484.27555188,57.52390542,601.09071933,-3.55359638,-3.66280215,
10.00000000,8.00000000,323.89831543,1396.00000000,0.00000000,59.71821709,259.06170484,59.71821709,259.06170484,35.41558204,0.69554132,91.00746023,100.13607490,35.38988420,8.90671946,-2.36070937,-2.36215660,
10.00000000,9.00000000,216.33304310,696.00000000,0.00000000,87.19356965,3122.37227949,87.19356965,3122.37227949,56.97548603,0.53765958,21.66257384,2996.78477538,53.95809986,17.05823710,-2.96804240,-3.29085933,
1.00000000,1.00000000,180.64371228,648.00000000,0.00000000,48.01179017,67816.68307476,48.01179017,67816.68307476,40.40289142,0.16960057,31.62949283,38834.17409287,2174.29785781,26766.37174113,-7.43929817,-10.20989011,
1.00000000,10.00000000,198.47334719,829.00000000,0.00000000,45.16488125,17020.07889949,45.16488125,17020.07889949,37.67206122,0.07865155,28.13978981,11368.19092038,216.47736885,5396.89008876,-7.41416847,-10.38073168,
1.00000000,11.00000000,313.20386934,529.00000000,0.00000000,24.97757309,11170.29356504,24.97757309,11170.29356504,18.79069707,0.01871846,107.55474894,10665.09505085,137.64540478,249.96198047,-6.16815756,-10.03638000,
1.00000000,12.00000000,174.89485812,639.00000000,0.00000000,50.15438226,18638.22787450,50.15438226,18638.22787450,42.65496763,0.04558889,35.34330918,17839.29855745,113.74761638,639.61156432,-7.45382574,-10.22682717,
1.00000000,13.00000000,75.50367689,262.00000000,0.00000000,45.50335980,9297.78613445,45.50335980,9297.78613445,38.35781515,0.00213679,111.02633145,8721.58861069,73.61436770,381.77744769,-7.14340787,-9.77937692,
1.00000000,14.00000000,200.86542273,695.00000000,0.00000000,26.20249728,9778.65700056,26.20249728,9778.65700056,19.68398376,0.01309355,64.17563649,8194.20800979,62.16583784,1448.74937695,-6.50541997,-9.35813948,
1.00000000,15.00000000,179.12102604,509.00000000,0.00000000,43.71275758,13096.98144459,43.71275758,13096.98144459,36.24989514,0.02611926,19.97274584,11996.33806734,83.61906771,987.34238354,-7.43674318,-9.70918015,
1.00000000,16.00000000,182.18312025,760.00000000,0.00000000,46.61855747,14313.01726789,46.61855747,14313.01726789,39.24029798,0.01265293,110.41180888,1323.67504229,110.66402107,12757.84739552,-7.36560657,-10.41900013,
1.00000000,17.00000000,114.11487126,460.00000000,0.00000000,26.27244581,175018.18868884,26.27244581,175018.18868884,20.75458384,0.02082626,141.87942414,3594.18131718,297.23522261,170974.57731415,-5.49703571,-10.31541075,
1.00000000,18.00000000,122.10029316,452.00000000,0.00000000,25.84946360,16340.71914067,25.84946360,16340.71914067,19.81995252,0.00208026,51.19761979,15938.49741332,95.09948697,245.96956097,-6.02743081,-9.95505962,
1.00000000,19.00000000,175.69557142,1001.00000000,0.00000000,25.84564507,1343466.94560560,25.84564507,1343466.94560560,19.66883052,0.03375413,174.63364526,361596.44036396,826.17314500,980859.41473876,-6.14306041,-10.28371262,
1.00000000,2.00000000,163.56359339,706.00000000,0.00000000,25.87845462,12050.44174466,25.87845462,12050.44174466,19.60777314,0.02696005,49.60436833,11654.65169478,82.19160467,254.60895553,-6.24372143,-9.38512135,
1.00000000,20.00000000,171.02945423,768.00000000,0.00000000,25.00464016,2978.46257816,25.00464016,2978.46257816,18.66777866,0.00967934,102.70418075,1221.63444861,96.64887283,1549.39587974,-6.32718217,-8.07919623,
1.00000000,3.00000000,202.17561340,987.00000000,0.00000000,48.40027899,12094.57464603,48.40027899,12094.57464603,40.75241234,0.07270209,43.32430787,10856.94009907,77.68514517,1106.94685596,-7.57516456,-9.67823796,
1.00000000,4.00000000,236.19634175,828.00000000,0.00000000,44.40696809,13778.97499338,44.40696809,13778.97499338,37.01852944,0.10825626,157.73122928,10820.66185412,91.30966694,2698.86726541,-7.28018239,-10.40497763,
1.00000000,5.00000000,138.85765958,506.00000000,0.00000000,49.31264547,9531.43767646,49.31264547,9531.43767646,41.72966846,0.01849470,106.71255213,8726.36909639,76.65508230,611.98854565,-7.56448231,-9.71239998,
1.00000000,6.00000000,312.87610936,951.00000000,0.00000000,43.13546842,141627.61915487,43.13546842,141627.61915487,35.70543723,0.06810346,27.31867278,12268.19463405,59.16058500,129263.25896742,-7.36192773,-9.68629562,
1.00000000,7.00000000,237.45715904,759.00000000,0.00000000,49.59798126,163200.78503489,49.59798126,163200.78503489,42.02440769,0.09257172,31.48691269,50064.43377230,50.45398211,113044.54880906,-7.48100186,-9.86155873,
1.00000000,8.00000000,238.06492662,1036.00000000,0.00000000,28.26606568,1446.58989452,28.26606568,1446.58989452,21.41299205,0.03484230,66.85064402,289.36987836,50.13341002,1031.10324872,-6.81823133,-9.13271340,
1.00000000,9.00000000,171.64407396,606.00000000,0.00000000,46.48451351,28094.75544528,46.48451351,28094.75544528,39.04876327,0.05295614,34.60726841,2828.47096706,65.08562775,25157.22999201,-7.38279410,-9.36159005,
20.00000000,1.00000000,552.99395037,1892.00000000,0.00000000,122.35128654,1512.20299048,122.35128654,1512.20299048,68.96497323,2.23931041,17.71150931,1354.78517936,66.42948628,19.82610281,-2.55735015,-2.67253564,
20.00000000,10.00000000,566.99271846,2044.00000000,0.00000000,119.11591825,632.52330774,119.11591825,632.52330774,66.17084541,2.17006769,23.68413378,484.68608760,64.21708136,7.64812619,-2.53875026,-2.61439394,
20.00000000,11.00000000,487.17208958,1492.00000000,0.00000000,64.45649852,2551.37613130,64.45649852,2551.37613130,34.54779470,1.68729709,94.97380254,2391.20156952,34.43542002,2.46332067,-1.41107034,-1.41510093,
20.00000000,12.00000000,758.02376103,1675.00000000,0.00000000,123.37136144,1755.29883858,123.37136144,1755.29883858,73.04371132,1.84282621,12.34706453,1597.64036435,72.02002992,23.48590761,-2.42424120,-2.49027361,
20.00000000,13.00000000,230.79383969,672.00000000,0.00000000,94.60682198,4840.71825893,94.60682198,4840.71825893,73.33939688,0.05170022,16.79459898,4728.69984974,73.49758994,0.38677890,-1.06078624,-1.06697207,
20.00000000,14.00000000,461.15110278,1648.00000000,0.00000000,77.41599851,451.89114355,77.41599851,451.89114355,37.94639005,2.08544874,92.66732573,279.44069734,37.57087387,3.68650007,-1.86920799,-1.92628733,
20.00000000,15.00000000,332.78412414,1117.00000000,0.00000000,104.24779694,1555.30200528,104.24779694,1555.30200528,70.76145466,0.60822263,18.99896364,1430.84046252,71.54810465,1.63676514,-1.64390598,-1.61388547,
20.00000000,16.00000000,238.96162081,1022.00000000,0.00000000,109.27928266,2813.41958684,109.27928266,2813.41958684,68.49771500,1.67052524,19.98627198,2679.72638425,69.12689759,5.64180903,-1.95555212,-1.94691120,
20.00000000,17.00000000,270.36978054,1185.00000000,0.00000000,64.07939656,2923.63321095,64.07939656,2923.63321095,35.35096477,1.78044497,94.96566898,2763.08576212,35.12860280,3.39304755,-1.34739934,-1.35300648,
20.00000000,18.00000000,305.77293777,1143.00000000,0.00000000,50.48019598,3926.85949241,50.48019598,3926.85949241,42.23810198,0.08376085,91.37636949,3784.27568344,42.43065952,0.61296349,-0.40791666,-0.40819082,
20.00000000,19.00000000,496.25024700,2202.00000000,0.00000000,75.40319050,194.74775251,75.40319050,194.74775251,34.36717127,2.36146731,102.42342056,13.99837976,34.62411694,5.26646829,-1.93372760,-1.92176835,
20.00000000,2.00000000,482.20854545,1535.00000000,0.00000000,75.43637571,421.08406772,75.43637571,421.08406772,35.45858537,2.22219351,96.30886544,244.85540093,35.73717392,6.42392381,-1.88777984,-1.88793518,
20.00000000,20.00000000,430.14847779,1768.00000000,0.00000000,59.08487667,1539.85835857,59.08487667,1539.85835857,39.52566211,0.76472042,101.59625928,1379.31712171,39.47534158,0.60581538,-0.93972471,-0.94319103,
20.00000000,3.00000000,435.29948878,1919.00000000,0.00000000,122.34111666,469.64783309,122.34111666,469.64783309,70.00740381,2.13012229,17.50609809,316.15107593,69.46624114,16.03336162,-2.51017953,-2.52455282,
20.00000000,4.00000000,505.80142355,1627.00000000,0.00000000,116.25273604,413.94130509,116.25273604,413.94130509,63.40319555,2.14267552,26.68126152,255.04120202,63.62902598,18.46439509,-2.53534325,-2.50627102,
20.00000000,5.00000000,324.14176488,1156.00000000,0.00000000,116.31125803,3008.72922660,116.31125803,3008.72922660,74.17903700,1.37805312,10.62880047,2877.89301792,73.96556424,5.22268203,-2.03770840,-2.05095810,
20.00000000,6.00000000,595.02275562,1982.00000000,0.00000000,101.74829041,1591.94772490,101.74829041,1591.94772490,67.14995714,0.75640599,23.42258904,1465.36758221,67.54754291,1.72462626,-1.69209636,-1.69426922,
20.00000000,7.00000000,544.30177236,1937.00000000,0.00000000,124.99345339,637.20563804,124.99345339,637.20563804,70.91044567,1.93861296,18.75515534,433.26495375,70.23070885,62.38675742,-2.60721974,-2.62840313,
20.00000000,8.00000000,369.13227820,1603.00000000,0.00000000,80.75919651,291.37146937,80.75919651,291.37146937,39.81456811,2.29799750,91.70806657,112.94473354,39.74010737,8.12717015,-1.93233155,-1.94256959,
20.00000000,9.00000000,329.49182868,782.00000000,0.00000000,111.49099557,2995.12786106,111.49099557,2995.12786106,68.53573984,1.72051312,20.36594603,2859.36490276,67.31666669,5.34339849,-2.06173713,-2.13684735,
2.00000000,1.00000000,140.18701363,697.00000000,0.00000000,55.11888564,9042.03123049,55.11888564,9042.03123049,41.43656097,0.18790743,20.27586293,2723.60007605,248.98784482,6031.65534233,-6.74720862,-8.75605218,
2.00000000,10.00000000,226.86754560,854.00000000,0.00000000,52.25042949,11757.69048220,52.25042949,11757.69048220,38.65039344,0.09650365,28.34046707,7871.79340718,165.90541473,3672.48084283,-6.75176620,-9.58517519,
2.00000000,11.00000000,100.53433824,440.00000000,0.00000000,30.14825041,2235.56558612,30.14825041,2235.56558612,21.48876592,0.03580499,81.86015333,2089.94743348,28.49697368,24.55335122,-4.31183975,-5.35383720,
2.00000000,12.00000000,172.38380027,644.00000000,0.00000000,57.33950321,6112.33191150,57.33950321,6112.33191150,43.53574703,0.05254935,15.18725612,4773.88933257,78.08160176,1227.24621380,-6.87560341,-8.96375363,
2.00000000,13.00000000,88.10735822,289.00000000,0.00000000,52.22025553,2930.36980281,52.22025553,2930.36980281,39.71708175,0.00443662,40.41562055,2067.82271946,49.15178582,755.90326910,-6.24936858,-8.53820394,
2.00000000,14.00000000,410.14670992,690.00000000,0.00000000,32.00553054,3908.67714162,32.00553054,3908.67714162,21.69696212,0.02725400,82.46898556,320.93698040,33.15536993,3458.20063206,-5.14065721,-6.95758683,
2.00000000,15.00000000,123.66198349,506.00000000,0.00000000,50.78422772,4907.17880819,50.78422772,4907.17880819,37.42496450,0.02431196,17.62595732,3785.23272240,58.91404930,1028.56239322,-6.66747563,-8.42184297,
2.00000000,16.00000000,125.85022616,520.00000000,0.00000000,53.52346899,11132.34856301,53.52346899,11132.34856301,40.64598185,0.02135895,81.06098520,1427.83937960,95.36869637,9508.39623806,-6.42806410,-9.84163189,
2.00000000,17.00000000,120.59219337,501.00000000,0.00000000,30.92461843,61047.00809002,30.92461843,61047.00809002,22.98763961,0.03774575,97.47795252,1934.26013163,114.16063158,58886.43950918,-3.94961654,-7.33493255,
2.00000000,18.00000000,101.89447522,422.00000000,0.00000000,30.89951432,2972.13565916,30.89951432,2972.13565916,22.54659766,0.00114656,70.65653615,2774.40005505,43.93576855,69.18791801,-4.17588505,-6.97769071,
2.00000000,19.00000000,151.12798071,906.00000000,0.00000000,31.18986441,986088.50525130,31.18986441,986088.50525130,21.84196785,0.04984845,156.51178370,217940.20154874,659.98073370,767313.00405973,-4.64902405,-9.40356271,
2.00000000,2.00000000,127.22995353,542.00000000,0.00000000,31.33355319,1731.70940244,31.33355319,1731.70940244,21.75698489,0.04312918,72.21052258,1253.96344388,35.43629643,356.39348705,-4.76671956,-6.85282625,
2.00000000,20.00000000,167.86797881,764.00000000,0.00000000,30.39614031,621.97669158,30.39614031,621.97669158,21.27272133,0.01375749,90.11322585,431.93716011,28.99576092,61.49142262,-4.55483075,-4.71956104,
2.00000000,3.00000000,179.81507277,902.00000000,0.00000000,55.60360353,3380.45478491,55.60360353,3380.45478491,41.90105097,0.09150893,19.57030062,2762.70389024,55.20714907,526.54971794,-6.80552181,-8.21186352,
2.00000000,4.00000000,276.96502161,876.00000000,0.00000000,51.30553529,10201.97190331,51.30553529,10201.97190331,38.16233397,0.09866931,116.58392144,7480.08866607,77.91972388,2507.79182504,-6.52226600,-9.79388344,
2.00000000,5.00000000,128.42731524,552.00000000,0.00000000,56.52808638,4735.78138868,56.52808638,4735.78138868,42.82542762,0.03343571,46.82487392,3418.72255263,57.65144653,1195.54441462,-6.83461153,-8.51905049,
2.00000000,6.00000000,321.16452265,928.00000000,0.00000000,49.99930117,51935.21981172,49.99930117,51935.21981172,37.24293819,0.05918719,21.61187593,3552.89053314,54.10310290,48289.60656659,-6.34858789,-8.50386658,
2.00000000,7.00000000,214.12338305,795.00000000,0.00000000,56.76118235,66217.92424360,56.76118235,66217.92424360,43.02428567,0.09361480,26.61255283,19736.50549059,47.80714799,46388.79795310,-6.82164094,-9.10054955,
2.00000000,8.00000000,224.49510813,962.00000000,0.00000000,34.32244310,540.33171203,34.32244310,540.33171203,23.66047232,0.04257551,76.83696418,224.19603513,31.88671850,194.18910605,-5.30969763,-6.61144408,
2.00000000,9.00000000,123.53711271,571.00000000,0.00000000,53.44902011,9906.39617810,53.44902011,9906.39617810,40.35463498,0.06267715,37.18912559,2159.29806392,48.32907612,7644.77678609,-6.51585399,-8.40156319,
50.00000000,1.00000000,580.66647339,2379.00000000,0.00000000,184.34845971,1467.86045298,184.34845971,1467.86045298,86.93990733,9.37464677,17.82170021,1264.55138738,85.36779721,11.19810593,-1.76067811,-1.77842924,
50.00000000,10.00000000,613.50436735,2503.00000000,0.00000000,180.90417746,620.44565581,180.90417746,620.44565581,83.66958953,9.20936381,22.38569498,416.17741774,81.54804798,10.58820364,-1.76050448,-1.79492583,
50.00000000,11.00000000,458.59254956,2007.00000000,0.00000000,102.11113890,2461.28720781,102.11113890,2461.28720781,37.59076226,7.15521199,96.17767677,2263.15710834,37.52543270,7.04056827,-1.14730329,-1.14772843,
50.00000000,12.00000000,666.69301772,2337.00000000,0.00000000,181.85114537,1612.10778068,181.85114537,1612.10778068,90.96626386,8.13308103,12.37178833,1412.46883581,90.80802892,13.05527075,-1.65503601,-1.66807714,
50.00000000,13.00000000,389.53486180,1065.00000000,0.00000000,114.52911569,4752.90683365,114.52911569,4752.90683365,91.82454412,0.32767610,16.63551343,4620.86508299,92.03267573,0.78302230,-0.44753791,-0.45181078,
50.00000000,14.00000000,438.34916973,1856.00000000,0.00000000,126.92979862,530.19538372,126.92979862,530.19538372,42.45867809,9.42533148,92.74976455,306.99660238,42.44080395,11.74363193,-1.50091578,-1.52529162,
50.00000000,15.00000000,535.28008890,1905.00000000,0.00000000,140.18054085,1775.20044073,140.18054085,1775.20044073,89.99044744,2.97861490,19.33140302,1615.25234983,90.06449303,3.28296751,-0.94422957,-0.94538455,
50.00000000,16.00000000,547.97981119,1903.00000000,0.00000000,155.30918096,2670.38311685,155.30918096,2670.38311685,84.71466679,6.69483609,20.15852823,2493.31555635,85.26728773,7.91308838,-1.27799356,-1.27457312,
50.00000000,17.00000000,508.01643825,1718.00000000,0.00000000,99.63461326,2772.12450418,99.63461326,2772.12450418,38.55338187,7.25943427,96.11909919,2576.49959490,38.34156135,7.30575538,-1.07643594,-1.07716987,
50.00000000,18.00000000,428.60612082,1446.00000000,0.00000000,59.23464926,4080.45983459,59.23464926,4080.45983459,47.00416506,0.43883884,91.81600286,3928.70985676,47.11786495,0.88489753,-0.23583291,-0.23862425,
50.00000000,19.00000000,600.67393088,2716.00000000,0.00000000,127.70702284,251.94582559,127.70702284,251.94582559,37.06634042,10.19986732,101.69743436,21.14018389,37.18695351,11.40832706,-1.60881630,-1.61025854,
50.00000000,2.00000000,522.22958660,2313.00000000,0.00000000,126.06554583,462.14557886,126.06554583,462.14557886,39.10926021,9.69184000,96.66818263,235.28190345,39.24512588,13.71212749,-1.54528891,-1.54476479,
50.00000000,20.00000000,536.06176877,2341.00000000,0.00000000,83.24889846,1802.79002766,83.24889846,1802.79002766,43.48655865,3.58235118,101.60671547,1618.42926164,43.39982361,3.08920490,-0.72359977,-0.72530044,
50.00000000,3.00000000,645.73656726,2523.00000000,0.00000000,182.91576202,518.06335823,182.91576202,518.06335823,87.90650297,9.19299024,17.26937362,312.73297254,87.66748539,14.45323838,-1.71632538,-1.71880577,
50.00000000,4.00000000,902.21901584,2802.00000000,0.00000000,178.66586875,466.38201699,178.66586875,466.38201699,79.50751248,9.57845973,27.01320164,255.03022209,80.12554672,15.55064912,-1.79159793,-1.77324795,
50.00000000,5.00000000,337.73421550,1527.00000000,0.00000000,163.23458301,2967.85748434,163.23458301,2967.85748434,92.51077863,6.56632988,10.04391326,2793.48534850,92.76846726,7.64471801,-1.28314949,-1.27830075,
50.00000000,6.00000000,794.04472256,2602.00000000,0.00000000,139.34231017,1728.76466914,139.34231017,1728.76466914,86.09835053,3.44402781,23.69538823,1565.08388746,86.67757687,3.62725287,-0.99599864,-0.99361127,
50.00000000,7.00000000,601.90983248,1994.00000000,0.00000000,188.89081013,557.53678369,188.89081013,557.53678369,88.35606075,9.03444200,16.97961818,340.70832020,88.19997127,19.76455179,-1.83000615,-1.83768644,
50.00000000,8.00000000,507.87448597,2175.00000000,0.00000000,132.18522076,357.27818238,132.18522076,357.27818238,44.06082152,10.00065783,91.79205222,130.87724351,43.92642306,12.14617240,-1.56247483,-1.57072582,
50.00000000,9.00000000,300.52862859,1444.00000000,0.00000000,160.20153356,2765.53827745,160.20153356,2765.53827745,85.22466431,6.97164300,19.46994712,2584.52315582,84.96478112,7.81192881,-1.36010452,-1.37536929,
5.00000000,1.00000000,206.69279170,762.00000000,0.00000000,72.30571416,1890.59025509,72.30571416,1890.59025509,47.58289029,0.26603422,17.27273543,596.99239633,49.47185260,1195.79739250,-4.89135793,-6.21117565,
5.00000000,10.00000000,216.39651155,931.00000000,0.00000000,69.55953172,1007.57022347,69.55953172,1007.57022347,44.85892133,0.22798352,26.50916035,709.81274904,53.17200122,189.94122345,-4.89452537,-5.62701788,
5.00000000,11.00000000,160.02139759,639.00000000,0.00000000,39.36253244,2698.87065300,39.36253244,2698.87065300,27.45937462,0.14371552,88.82870958,2569.63687299,27.59378371,0.80314909,-2.35188846,-2.40162753,
5.00000000,12.00000000,222.08231878,817.00000000,0.00000000,74.85880233,2535.00244948,74.85880233,2535.00244948,50.04297141,0.13658438,12.05333911,1509.49236386,51.89716815,933.17697997,-4.93584931,-5.67651968,
5.00000000,13.00000000,92.31640887,307.00000000,0.00000000,66.76390242,3704.04166916,66.76390242,3704.04166916,48.28296410,0.00673580,17.90320194,3606.34870724,47.29320817,12.42608055,-3.69484050,-4.01409425,
5.00000000,14.00000000,252.04023051,949.00000000,0.00000000,43.78479425,632.21861051,43.78479425,632.21861051,27.92020256,0.14340934,89.39359648,215.17685905,27.29096328,282.20308996,-3.14423647,-3.63082035,
5.00000000,15.00000000,175.28902555,660.00000000,0.00000000,67.03577080,1622.98895871,67.03577080,1622.98895871,45.27489064,0.05518737,18.22457428,1037.79966490,47.70384149,497.93345201,-4.34113856,-4.26548521,
5.00000000,16.00000000,183.96543598,772.00000000,0.00000000,69.08974789,2503.51249522,69.08974789,2503.51249522,47.82465344,0.13272409,18.64324174,2192.13903699,46.69521061,220.18209298,-4.22647407,-5.17058258,
5.00000000,17.00000000,209.36158299,701.00000000,0.00000000,39.66400640,3249.33920643,39.66400640,3249.33920643,28.00116024,0.15067288,90.64119306,2985.63471987,27.59103631,133.23295153,-2.30243466,-2.44786113,
5.00000000,18.00000000,138.37307000,465.00000000,0.00000000,39.03079839,3037.80020273,39.03079839,3037.80020273,30.10838380,0.00694501,87.60296685,2906.20693461,30.08036246,4.66665214,-1.78309392,-1.84865733,
5.00000000,19.00000000,318.58962250,1488.00000000,0.00000000,41.96357857,4757.85994337,41.96357857,4757.85994337,27.00981875,0.20860871,104.80620059,95.58920932,30.41780891,4511.19911278,-2.94903022,-3.16952235,
5.00000000,2.00000000,222.39671993,928.00000000,0.00000000,42.33383199,626.94281499,42.33383199,626.94281499,27.26263424,0.17803282,91.53697090,239.67776304,26.95446884,252.70526542,-2.97863299,-3.21366936,
5.00000000,20.00000000,204.56420326,873.00000000,0.00000000,39.84656626,834.93523418,39.84656626,834.93523418,28.48843337,0.05952212,97.22582466,696.27993002,29.92710947,0.81364898,-2.25972215,-2.13774421,
5.00000000,3.00000000,301.70118356,895.00000000,0.00000000,72.88910303,647.15774216,72.88910303,647.15774216,48.18858001,0.22337102,17.21689316,296.91798440,51.80416394,256.57700187,-4.89543040,-4.92833976,
5.00000000,4.00000000,312.77854133,911.00000000,0.00000000,67.80940544,1365.78586562,67.80940544,1365.78586562,44.27779944,0.23322309,27.52696648,252.16494799,42.91269524,1014.89184794,-4.65967658,-5.65788159,
5.00000000,5.00000000,168.18770790,737.00000000,0.00000000,73.48260812,2439.39833224,73.48260812,2439.39833224,50.20370470,0.12899547,12.93949512,1993.11477154,49.28674188,356.51785528,-4.62998159,-5.50789369,
5.00000000,6.00000000,243.93872142,857.00000000,0.00000000,65.09130364,3371.52065638,65.09130364,3371.52065638,44.90463621,0.08582484,22.22114050,1260.36208857,42.56563599,2022.81578891,-4.02016852,-4.71120048,
5.00000000,7.00000000,274.55959415,801.00000000,0.00000000,74.28745537,8990.43616210,74.28745537,8990.43616210,49.12627238,0.19829710,23.10517760,1086.46535972,46.24827021,7805.62343435,-4.99257718,-5.79878404,
5.00000000,8.00000000,252.57831335,1062.00000000,0.00000000,46.31163974,277.35067707,46.31163974,277.35067707,30.19192094,0.19155215,87.83286281,115.06632767,30.12915761,28.13335359,-3.18563333,-3.23779508,
5.00000000,9.00000000,263.61866736,554.00000000,0.00000000,69.43566673,3584.48463464,69.43566673,3584.48463464,47.35963458,0.15164163,24.65266194,3000.80492583,43.23410087,487.94307389,-4.38487810,-5.56997442,