alpha,seed,time,niter,nfail,train_lossf,test_lossf,train_lossf[0],test_lossf[0],errorf[0][0],errorf[0][1],errorf1[0][0],errorf1[0][1],errorf2[0][0],errorf2[0][1],train_Srel[0],test_Srel[0],
inf,1.00000000,0.00000000,0.00000000,0.00000000,653.92320449,677.06214323,653.92320449,677.06214323,15.65539551,638.26780898,6.62373230,25.77613203,15.91025776,628.75202114,-0.00000000,0.00000000,
0.00000000,1.00000000,16.03024578,243.00000000,0.00000000,0.00001660,321.85652833,0.00001660,321.85652833,0.00000035,0.00001625,29.29954146,210.08987950,72.45304898,10.01405838,-6.30859065,-9.33908870,alpha,seed,time,niter,nfail,train_lossf,test_lossf,train_lossf[0],test_lossf[0],errorf[0][0],errorf[0][1],errorf1[0][0],errorf1[0][1],errorf2[0][0],errorf2[0][1],train_Srel[0],test_Srel[0],
inf,10.00000000,0.00000000,0.00000000,0.00000000,269.00900081,681.02421838,269.00900081,681.02421838,13.38279586,255.62620495,8.96719582,406.34415796,13.42218042,252.29068418,-0.00000000,-0.00000000,
0.00000000,10.00000000,26.85810971,276.00000000,0.00000000,0.00000483,1578.56983872,0.00000483,1578.56983872,0.00000031,0.00000452,642.90798128,745.10373413,41.50370842,149.05441490,-6.48087394,-9.03610265,alpha,seed,time,niter,nfail,train_lossf,test_lossf,train_lossf[0],test_lossf[0],errorf[0][0],errorf[0][1],errorf1[0][0],errorf1[0][1],errorf2[0][0],errorf2[0][1],train_Srel[0],test_Srel[0],
inf,11.00000000,0.00000000,0.00000000,0.00000000,662.78399620,696.61385601,662.78399620,696.61385601,19.76884912,643.01514708,2.69284071,11.12491415,19.47469740,663.32140375,0.00000000,-0.00000000,
0.00000000,11.00000000,1793.92677188,862.00000000,1.00000000,1114.46741653,2610.20393730,1114.46741653,2610.20393730,35.67636520,1078.79105133,21.09130181,1258.85836051,53.99249759,1276.26177739,0.00000000,0.00000000,
0.01000000,1.00000000,15.66196609,174.00000000,0.00000000,0.05895199,161.55330248,0.05895199,161.55330248,0.00309846,0.00001108,20.04517054,84.05134412,36.44879915,20.92456888,-5.58424522,-8.34197834,
0.01000000,10.00000000,22.27349520,228.00000000,0.00000000,0.06342430,1668.27738305,0.06342430,1668.27738305,0.00127855,0.00006945,712.27805325,805.32689419,39.05219589,111.53068708,-6.20763046,-8.95526384,
0.01000000,11.00000000,50.37956572,367.00000000,0.00000000,0.10743064,36349.69267928,0.10743064,36349.69267928,0.03451619,0.00002120,26.73741935,174.88910929,29.79231206,36118.17968118,-7.28932575,-9.41573927,
0.01000000,12.00000000,26.18414664,355.00000000,0.00000000,0.09571755,470.19213353,0.09571755,470.19213353,0.02350861,0.00006139,26.60831808,187.81356979,72.30557936,183.36240358,-7.21475427,-10.22627208,
0.01000000,13.00000000,49.69404435,372.00000000,0.00000000,0.08573513,3875.89667059,0.08573513,3875.89667059,0.01553096,0.00000560,24.57917953,1384.84455679,29.19590911,2437.18177190,-7.01985676,-9.52532507,
0.01000000,14.00000000,30.01500106,334.00000000,0.00000000,0.11638580,3994.50317918,0.11638580,3994.50317918,0.04231848,0.00000950,19.37009547,1094.91214477,30.80866767,2849.31042106,-7.40578230,-10.18502134,
0.01000000,15.00000000,52.62307668,571.00000000,0.00000000,0.15293325,228754.51316837,0.15293325,228754.51316837,0.07362652,0.00004038,297.14498515,197984.26906949,27.07883319,30445.92493900,-7.92663516,-9.53415441,
0.01000000,16.00000000,17.81012106,282.00000000,0.00000000,0.11710970,470.27090738,0.11710970,470.27090738,0.04013208,0.00005365,24.55613729,135.68223581,74.36826328,235.56180634,-7.69239734,-10.24646619,
0.01000000,17.00000000,35.65263081,285.00000000,0.00000000,0.07731566,7949.99809683,0.07731566,7949.99809683,0.00810255,0.00000552,24.93149037,449.89293182,25.15220284,7449.92157393,-6.92075919,-9.98978670,
0.01000000,18.00000000,47.83204103,643.00000000,0.00000000,0.20542778,1172.27806917,0.20542778,1172.27806917,0.12909031,0.00008536,32.77437098,0.00000000,18.78046157,1120.62697498,-7.62521076,-9.62616437,
0.01000000,19.00000000,84.81668234,667.00000000,0.00000000,0.11417714,16619.16353755,0.11417714,16619.16353755,0.03690118,0.00001583,16.87612839,8985.12056150,341.25395088,7275.81054968,-7.72601279,-10.23471106,alpha,seed,time,niter,nfail,train_lossf,test_lossf,train_lossf[0],test_lossf[0],errorf[0][0],errorf[0][1],errorf1[0][0],errorf1[0][1],errorf2[0][0],errorf2[0][1],train_Srel[0],test_Srel[0],
inf,12.00000000,0.00000000,0.00000000,0.00000000,459.81243373,674.01604383,459.81243373,674.01604383,9.90005457,449.91237916,12.46546695,215.50673744,9.89569062,436.14814881,0.00000000,0.00000000,
0.00000000,12.00000000,1280.33218575,864.00000000,1.00000000,15979.62421766,153.86498321,15979.62421766,153.86498321,39.12436676,15940.49985090,34.35048711,66.95172827,52.07263194,0.49013589,2417851639229258349412352.00000000,2417851639229258349412352.00000000,
0.01000000,2.00000000,24.36907840,287.00000000,0.00000000,0.06708566,71858.10974053,0.06708566,71858.10974053,0.00476637,0.00000435,14.82480400,57896.23172356,48.97471950,13897.98936994,-6.23149425,-8.91235300,
0.01000000,20.00000000,68.27705884,270.00000000,0.00000000,0.07400948,732.87564637,0.07400948,732.87564637,0.00699081,0.00001173,224.45317949,3.76054756,149.31417947,355.24780401,-6.70069382,-9.99358313,alpha,seed,time,niter,nfail,train_lossf,test_lossf,train_lossf[0],test_lossf[0],errorf[0][0],errorf[0][1],errorf1[0][0],errorf1[0][1],errorf2[0][0],errorf2[0][1],train_Srel[0],test_Srel[0],
inf,13.00000000,0.00000000,0.00000000,0.00000000,549.03540509,685.14021576,549.03540509,685.14021576,17.14975824,531.88564685,5.15958550,128.10380685,17.31102715,534.56579625,0.00000000,0.00000000,
0.00000000,13.00000000,1901.34451723,864.00000000,1.00000000,286.70493355,4499.42591917,286.70493355,4499.42591917,56.89981302,229.80512053,24.27292244,0.00000000,38.91911551,4436.23388122,0.00000000,-70368744177664.00000000,
0.01000000,3.00000000,42.37356400,306.00000000,0.00000000,0.09865169,16620.46677900,0.09865169,16620.46677900,0.02793031,0.00002036,30.74633136,4562.65116969,327.40678727,11699.56025710,-7.07010160,-10.22335846,alpha,seed,time,niter,nfail,train_lossf,test_lossf,train_lossf[0],test_lossf[0],errorf[0][0],errorf[0][1],errorf1[0][0],errorf1[0][1],errorf2[0][0],errorf2[0][1],train_Srel[0],test_Srel[0],
inf,14.00000000,0.00000000,0.00000000,0.00000000,527.44302651,695.14693019,527.44302651,695.14693019,17.02925834,510.41376816,5.51936478,144.35426712,16.48289323,528.79040506,-0.00000000,0.00000000,
0.00000000,14.00000000,1364.67444754,852.00000000,1.00000000,55.76176828,142.35119991,55.76176828,142.35119991,34.60234803,21.15942026,13.68402383,81.19708717,47.47008892,0.00000000,0.00000000,0.00000000,
0.01000000,4.00000000,65.31754827,414.00000000,0.00000000,0.13057425,7240.90500127,0.13057425,7240.90500127,0.05820629,0.00007300,16.78245682,4355.55155966,124.62500876,2743.84443837,-7.22949647,-10.15376666,alpha,seed,time,niter,nfail,train_lossf,test_lossf,train_lossf[0],test_lossf[0],errorf[0][0],errorf[0][1],errorf1[0][0],errorf1[0][1],errorf2[0][0],errorf2[0][1],train_Srel[0],test_Srel[0],
inf,15.00000000,0.00000000,0.00000000,0.00000000,533.33497178,692.95775377,533.33497178,692.95775377,16.27739863,517.05757315,6.16745203,138.73259356,16.03703760,532.02067058,0.00000000,0.00000000,
0.00000000,15.00000000,896.40399289,424.00000000,1.00000000,232.03563078,2068.19130449,232.03563078,2068.19130449,35.11225447,196.92337631,1424.08093290,613.69595974,28.78464865,1.62976320,0.00000000,0.00000000,
0.01000000,5.00000000,42.44432592,607.00000000,0.00000000,0.11792062,12498.22004823,0.11792062,12498.22004823,0.04394952,0.00001031,15.02158535,8515.95453037,16.55223445,3950.59918333,-7.39607896,-9.25147269,alpha,seed,time,niter,nfail,train_lossf,test_lossf,train_lossf[0],test_lossf[0],errorf[0][0],errorf[0][1],errorf1[0][0],errorf1[0][1],errorf2[0][0],errorf2[0][1],train_Srel[0],test_Srel[0],
inf,16.00000000,0.00000000,0.00000000,0.00000000,333.25930920,681.67038435,333.25930920,681.67038435,17.26447316,315.99483604,5.02700987,345.73627148,17.48012531,313.42697769,0.00000000,0.00000000,
0.00000000,16.00000000,1277.37320733,851.00000000,1.00000000,9527.80170042,118.04937497,9527.80170042,118.04937497,40.13724148,9487.66445894,20.76758942,0.06476400,31.14143385,66.07558769,0.00000000,0.00000000,
0.01000000,6.00000000,24.92946506,280.00000000,0.00000000,0.09671300,3642.25684068,0.09671300,3642.25684068,0.02150949,0.00001786,6.54868224,3358.67961812,14.54281807,262.39972413,-7.51856568,-8.59981166,alpha,seed,time,niter,nfail,train_lossf,test_lossf,train_lossf[0],test_lossf[0],errorf[0][0],errorf[0][1],errorf1[0][0],errorf1[0][1],errorf2[0][0],errorf2[0][1],train_Srel[0],test_Srel[0],
inf,17.00000000,0.00000000,0.00000000,0.00000000,520.43946825,694.39380811,520.43946825,694.39380811,19.24876711,501.19070114,3.32147721,154.14970061,18.62900602,518.29362426,0.00000000,0.00000000,
0.00000000,17.00000000,41.53443694,57.00000000,0.00000000,7492.61685173,8738.37303794,7492.61685173,8738.37303794,34.62639960,7457.99045213,26.71724711,506.95682307,28.57833789,8176.12062987,0.00000000,0.00000000,
0.01000000,7.00000000,68.09902596,567.00000000,0.00000000,0.11254460,3033.82874345,0.11254460,3033.82874345,0.03500479,0.00003612,24.06117549,2107.03042158,161.72610517,740.90904952,-7.75036928,-10.19917053,alpha,seed,time,niter,nfail,train_lossf,test_lossf,train_lossf[0],test_lossf[0],errorf[0][0],errorf[0][1],errorf1[0][0],errorf1[0][1],errorf2[0][0],errorf2[0][1],train_Srel[0],test_Srel[0],
inf,18.00000000,0.00000000,0.00000000,0.00000000,615.84243380,691.58555066,615.84243380,691.58555066,16.37925075,599.46318305,5.87735331,57.37107226,16.69524560,611.64187948,0.00000000,0.00000000,
0.00000000,18.00000000,1230.78455758,861.00000000,1.00000000,686.55723604,80.12123901,686.55723604,80.12123901,37.38902712,649.16820891,28.73609695,13.89807473,27.28958365,10.19748368,-72057594037927936.00000000,-72057594037927936.00000000,
0.01000000,8.00000000,64.75704288,583.00000000,0.00000000,0.09718968,4705.23368679,0.09718968,4705.23368679,0.02042078,0.00000246,1932.61436849,154.06641151,45.54511657,2572.90970499,-7.67664478,-9.80852333,alpha,seed,time,niter,nfail,train_lossf,test_lossf,train_lossf[0],test_lossf[0],errorf[0][0],errorf[0][1],errorf1[0][0],errorf1[0][1],errorf2[0][0],errorf2[0][1],train_Srel[0],test_Srel[0],
inf,19.00000000,0.00000000,0.00000000,0.00000000,545.04942840,674.14908415,545.04942840,674.14908415,13.75702424,531.29240416,8.62413770,134.17135850,13.70374699,517.64984095,-0.00000000,0.00000000,
0.00000000,19.00000000,1629.68811321,867.00000000,1.00000000,1515.48480281,16620.36454541,1515.48480281,16620.36454541,40.80590831,1474.67889450,16.87746450,8985.82433937,341.27565413,7276.38708742,0.00000000,0.00000000,
0.01000000,9.00000000,28.79660249,374.00000000,0.00000000,0.12438879,2509.13003389,0.12438879,2509.13003389,0.04960920,0.00011122,25.39235168,14.47936078,24.59624516,2444.56732919,-7.46683757,-9.47470836,alpha,seed,time,niter,nfail,train_lossf,test_lossf,train_lossf[0],test_lossf[0],errorf[0][0],errorf[0][1],errorf1[0][0],errorf1[0][1],errorf2[0][0],errorf2[0][1],train_Srel[0],test_Srel[0],
inf,2.00000000,0.00000000,0.00000000,0.00000000,531.83627731,698.63222465,531.83627731,698.63222465,18.99841907,512.83785824,3.35109065,140.43980761,19.03972576,535.80160063,0.00000000,0.00000000,
0.00000000,2.00000000,120.51975131,194.00000000,1.00000000,328.00145388,166760.26741717,328.00145388,166760.26741717,59.99326232,268.00819157,25.08062643,136824.34434795,55.33967073,29855.50277205,-4398046511104.00000000,2199023255552.00000000,alpha,seed,time,niter,nfail,train_lossf,test_lossf,train_lossf[0],test_lossf[0],errorf[0][0],errorf[0][1],errorf1[0][0],errorf1[0][1],errorf2[0][0],errorf2[0][1],train_Srel[0],test_Srel[0],
inf,20.00000000,0.00000000,0.00000000,0.00000000,561.17174312,689.23476172,561.17174312,689.23476172,16.87246446,544.29927866,5.43715714,113.65433830,17.03465968,553.10860661,-0.00000000,0.00000000,
0.00000000,20.00000000,2412.88018274,881.00000000,1.00000000,17269.80103635,805.91660052,17269.80103635,805.91660052,72.14267115,17197.65836520,246.94154074,5.16691278,156.22769210,397.58045491,1208925819614629174706176.00000000,-2417851639229258349412352.00000000,alpha,seed,time,niter,nfail,train_lossf,test_lossf,train_lossf[0],test_lossf[0],errorf[0][0],errorf[0][1],errorf1[0][0],errorf1[0][1],errorf2[0][0],errorf2[0][1],train_Srel[0],test_Srel[0],
inf,3.00000000,0.00000000,0.00000000,0.00000000,571.26738984,694.54221321,571.26738984,694.54221321,16.99435844,554.27303140,5.40886022,101.01626269,16.87398628,571.24310402,-0.00000000,0.00000000,
0.00000000,3.00000000,1833.94148898,855.00000000,1.00000000,129.91723207,16620.36454541,129.91723207,16620.36454541,48.72014490,81.19708717,30.74633136,4562.65116969,327.40678727,11699.56025710,0.00000000,-70368744177664.00000000,alpha,seed,time,niter,nfail,train_lossf,test_lossf,train_lossf[0],test_lossf[0],errorf[0][0],errorf[0][1],errorf1[0][0],errorf1[0][1],errorf2[0][0],errorf2[0][1],train_Srel[0],test_Srel[0],
inf,4.00000000,0.00000000,0.00000000,0.00000000,432.75610162,674.35256225,432.75610162,674.35256225,16.85162431,415.90447732,5.54856104,249.50250923,16.74249483,402.55899716,0.00000000,-0.00000000,
0.00000000,4.00000000,1697.67342806,854.00000000,1.00000000,31657.56128388,7469.62881207,31657.56128388,7469.62881207,57.35947610,31600.20180778,17.22757019,4489.29561901,128.14906399,2834.95655887,0.00000000,-70368744177664.00000000,alpha,seed,time,niter,nfail,train_lossf,test_lossf,train_lossf[0],test_lossf[0],errorf[0][0],errorf[0][1],errorf1[0][0],errorf1[0][1],errorf2[0][0],errorf2[0][1],train_Srel[0],test_Srel[0],
inf,5.00000000,0.00000000,0.00000000,0.00000000,305.32643162,668.76952706,305.32643162,668.76952706,15.79865156,289.52778006,6.40380469,379.02889114,16.28247665,267.05435458,0.00000000,-0.00000000,
0.00000000,5.00000000,1023.33213234,859.00000000,1.00000000,840.33940252,1083.83108526,840.33940252,1083.83108526,23.03438681,817.30501571,41.08262158,720.76252098,111.78287830,210.20306440,0.00000000,72057594037927936.00000000,alpha,seed,time,niter,nfail,train_lossf,test_lossf,train_lossf[0],test_lossf[0],errorf[0][0],errorf[0][1],errorf1[0][0],errorf1[0][1],errorf2[0][0],errorf2[0][1],train_Srel[0],test_Srel[0],
inf,6.00000000,0.00000000,0.00000000,0.00000000,308.47168105,687.62302795,308.47168105,687.62302795,11.77334781,296.69833324,10.68184300,361.75428320,11.51120097,303.67570078,-0.00000000,-0.00000000,
0.00000000,6.00000000,1138.15885997,852.00000000,1.00000000,114.44418192,1588.04279919,114.44418192,1588.04279919,37.38986693,77.05431499,21.30321347,1435.43728760,53.28278180,78.01951630,0.00000000,0.00000000,alpha,seed,time,niter,nfail,train_lossf,test_lossf,train_lossf[0],test_lossf[0],errorf[0][0],errorf[0][1],errorf1[0][0],errorf1[0][1],errorf2[0][0],errorf2[0][1],train_Srel[0],test_Srel[0],
inf,7.00000000,0.00000000,0.00000000,0.00000000,329.41444631,673.42133161,329.41444631,673.42133161,11.00635154,318.40809477,11.36357747,347.60697941,10.98580897,303.46496576,0.00000000,0.00000000,
0.00000000,7.00000000,1731.81666470,867.00000000,1.00000000,328.06009671,16620.36454541,328.06009671,16620.36454541,68.89543561,259.16466111,47.95072029,11137.41726850,310.20239834,5124.79415828,0.00000000,0.00000000,alpha,seed,time,niter,nfail,train_lossf,test_lossf,train_lossf[0],test_lossf[0],errorf[0][0],errorf[0][1],errorf1[0][0],errorf1[0][1],errorf2[0][0],errorf2[0][1],train_Srel[0],test_Srel[0],
inf,8.00000000,0.00000000,0.00000000,0.00000000,503.67115032,691.70125353,503.67115032,691.70125353,19.40744429,484.26370603,2.95262044,172.44884150,19.41636405,496.88342754,-0.00000000,0.00000000,
0.00000000,8.00000000,5.73814726,33.00000000,1.00000000,121.67309914,5533.70523914,121.67309914,5533.70523914,35.57023004,86.10286910,2113.89317692,205.56546733,53.01087401,3161.23572088,0.00000000,-1099511627776.00000000,alpha,seed,time,niter,nfail,train_lossf,test_lossf,train_lossf[0],test_lossf[0],errorf[0][0],errorf[0][1],errorf1[0][0],errorf1[0][1],errorf2[0][0],errorf2[0][1],train_Srel[0],test_Srel[0],
inf,9.00000000,0.00000000,0.00000000,0.00000000,239.45392870,691.83415010,239.45392870,691.83415010,10.77508836,228.67884034,11.62359433,427.94363869,10.66793656,241.59898053,0.00000000,-0.00000000,
0.00000000,9.00000000,1715.13333201,851.00000000,1.00000000,41.95893894,152.30747492,41.95893894,152.30747492,29.37906777,12.57987117,84.22528801,38.87987090,28.34867923,0.85363678,0.00000000,137438953472.00000000,
0.10000000,1.00000000,17.72603011,136.00000000,0.00000000,0.46822712,292.49952203,0.46822712,292.49952203,0.07167156,0.00001961,16.11639165,9.25213442,26.17552896,240.32918662,-3.96535939,-6.26280370,
0.10000000,10.00000000,14.23261094,137.00000000,0.00000000,0.56214075,1156.07947626,0.56214075,1156.07947626,0.05565507,0.00002078,514.74650378,491.73278609,35.02686605,113.71982859,-5.06464903,-8.53491757,
0.10000000,11.00000000,12.57832694,157.00000000,0.00000000,0.64471349,168.52197088,0.64471349,168.52197088,0.12475769,0.00003573,19.65374194,0.42215499,4.50845489,143.39781210,-5.19920073,-5.39806969,
0.10000000,12.00000000,10.36893749,155.00000000,0.00000000,0.59421876,181.71829066,0.59421876,181.71829066,0.13293348,0.00003242,15.39812680,58.95553417,21.02132528,85.60634121,-4.61252857,-7.36963205,
0.10000000,13.00000000,30.26977444,187.00000000,0.00000000,0.57953008,318.95197654,0.57953008,318.95197654,0.11380313,0.00002815,12.33889356,76.66085887,3.71958445,225.67577007,-4.65698786,-5.56869609,
0.10000000,14.00000000,10.24762940,106.00000000,0.00000000,0.64134858,421.89559929,0.64134858,421.89559929,0.15624041,0.00001243,6.92825641,194.78477562,7.47760424,212.16375251,-4.85095739,-5.41210512,
0.10000000,15.00000000,20.99828196,177.00000000,0.00000000,0.76619232,4860.57557591,0.76619232,4860.57557591,0.18224078,0.00003972,678.76609576,3563.82774659,15.83223082,601.30892861,-5.83911812,-8.40574136,
0.10000000,16.00000000,5.73310161,88.00000000,0.00000000,0.67216061,276.76614352,0.67216061,276.76614352,0.15526823,0.00001102,6.52697279,202.31598695,26.08568172,41.11436388,-5.16881353,-7.23138175,
0.10000000,17.00000000,17.40281987,142.00000000,0.00000000,0.58300964,4533.20286016,0.58300964,4533.20286016,0.09299834,0.00008389,12.86432769,104.42288495,15.37189075,4399.70920611,-4.89927410,-8.34550655,
0.10000000,18.00000000,16.67953587,205.00000000,0.00000000,0.83655395,46.69083442,0.83655395,46.69083442,0.20756841,0.00009794,9.40045318,0.00000000,4.45348257,32.09244304,-6.28887595,-7.44455620,
0.10000000,19.00000000,28.52858186,171.00000000,0.00000000,0.72596757,16610.26236061,0.72596757,16610.26236061,0.11746268,0.00004518,16.86714256,8978.53161836,341.13237719,7272.70799218,-6.08459702,-10.23230324,
0.10000000,2.00000000,10.60382414,146.00000000,0.00000000,0.53100839,449.54760460,0.53100839,449.54760460,0.07430961,0.00004781,9.84886336,343.06779438,29.73526625,66.16043809,-4.56650972,-7.35242522,
0.10000000,20.00000000,24.42945933,149.00000000,0.00000000,0.56682773,603.96662700,0.56682773,603.96662700,0.08658385,0.00005416,187.14936691,9.38198498,129.26764459,277.22746048,-4.80189721,-9.40170037,
0.10000000,3.00000000,16.79368544,136.00000000,0.00000000,0.59967110,16620.96463390,0.59967110,16620.96463390,0.13028706,0.00000922,30.74516667,4562.45192013,327.40190361,11699.34332300,-4.69374820,-10.22320497,
0.10000000,4.00000000,22.47698092,131.00000000,0.00000000,0.65852285,764.17028188,0.65852285,764.17028188,0.16525314,0.00001582,8.95949470,294.00341672,61.24593473,399.26680567,-4.93253896,-6.94630070,
0.10000000,5.00000000,14.76292348,205.00000000,0.00000000,0.66635148,505.09604765,0.66635148,505.09604765,0.14925403,0.00004019,15.18655159,248.69720013,42.75547918,197.67623557,-5.17057261,-7.80581182,
0.10000000,6.00000000,11.96851015,93.00000000,0.00000000,0.63060172,324.84878178,0.63060172,324.84878178,0.13147467,0.00001137,7.40883653,300.70037658,1.55384809,14.65267229,-4.99115689,-5.33048297,
0.10000000,7.00000000,21.38601637,166.00000000,0.00000000,0.70013655,3346.28770451,0.70013655,3346.28770451,0.13289988,0.00000768,20.41893362,529.09183050,128.20030329,2667.71041193,-5.67229003,-8.66225162,
0.10000000,8.00000000,31.41059375,177.00000000,0.00000000,0.67893242,600.14988141,0.67893242,600.14988141,0.11244815,0.00001938,290.95591753,22.22810073,43.67663519,242.50271395,-5.66464883,-7.86514011,
0.10000000,9.00000000,16.48100448,113.00000000,0.00000000,0.65272047,2515.95440720,0.65272047,2515.95440720,0.16579525,0.00002319,12.46040851,798.71852719,4.35608421,1699.80377833,-4.86902027,-6.15608958,
1000000.00000000,1.00000000,10.17066121,143.00000000,0.00000000,649.36982461,672.77253770,649.36982461,672.77253770,15.67500880,629.28375646,6.63117369,25.85575163,15.92942479,620.01818778,-0.00000441,-0.00000434,
1000000.00000000,10.00000000,13.46753168,129.00000000,0.00000000,267.74389273,678.23202235,267.74389273,678.23202235,13.39400550,253.11300365,8.97192161,404.77313262,13.43343038,249.82718810,-0.00000124,-0.00000123,
1000000.00000000,11.00000000,19.38497782,163.00000000,0.00000000,658.33613432,692.14393416,658.33613432,692.14393416,19.80213575,634.08200788,2.68636099,11.19737748,19.50601824,654.34442825,-0.00000445,-0.00000441,
1000000.00000000,12.00000000,14.95891309,195.00000000,0.00000000,457.48184441,670.33954368,457.48184441,670.33954368,9.90174982,445.26995808,12.48450198,214.07724751,9.89731860,431.53651419,-0.00000231,-0.00000234,
1000000.00000000,13.00000000,21.42416835,188.00000000,0.00000000,545.93622962,681.02056883,545.93622962,681.02056883,17.16756122,525.69308761,5.15998255,127.20886518,17.32934312,528.15707442,-0.00000308,-0.00000317,
1000000.00000000,14.00000000,14.31903243,163.00000000,0.00000000,523.65412413,691.20648095,523.65412413,691.20648095,17.04338468,502.89458794,5.53299634,144.37558490,16.49728589,521.06445667,-0.00000372,-0.00000374,
1000000.00000000,15.00000000,19.05623031,155.00000000,0.00000000,529.18181126,688.82271106,529.18181126,688.82271106,16.30264640,508.94354029,6.17092141,138.89471898,16.06245334,523.74369680,-0.00000394,-0.00000395,
1000000.00000000,16.00000000,12.43478584,132.00000000,0.00000000,331.86621847,678.73214620,331.86621847,678.73214620,17.27058836,313.23521762,5.03423927,344.11920861,17.48557481,310.76438782,-0.00000136,-0.00000133,
1000000.00000000,17.00000000,14.79966450,156.00000000,0.00000000,517.51820863,690.32831245,517.51820863,690.32831245,19.26322620,495.50818223,3.32619195,153.13894417,18.64215477,512.47415060,-0.00000275,-0.00000275,
1000000.00000000,18.00000000,17.78813457,199.00000000,0.00000000,611.94812316,687.19698919,611.94812316,687.19698919,16.38780597,591.78165400,5.89379149,56.98631621,16.70410889,603.78272129,-0.00000378,-0.00000383,
1000000.00000000,19.00000000,22.62406707,203.00000000,0.00000000,542.38802229,670.35744908,542.38802229,670.35744908,13.77088324,526.13965994,8.62787587,132.96579619,13.71817430,512.57040314,-0.00000248,-0.00000248,
1000000.00000000,2.00000000,16.53348446,192.00000000,0.00000000,528.66518502,694.47041959,528.66518502,694.47041959,19.01044887,506.43972813,3.35803397,139.60689948,19.05161581,529.21228075,-0.00000322,-0.00000324,
1000000.00000000,20.00000000,17.84393239,153.00000000,0.00000000,557.11786891,685.34816300,557.11786891,685.34816300,16.89207518,536.33177271,5.44534796,113.85660851,17.05508151,545.11409000,-0.00000389,-0.00000388,
1000000.00000000,3.00000000,26.45450783,213.00000000,0.00000000,567.50102918,690.29072423,567.50102918,690.29072423,17.01066690,546.81151850,5.41859647,100.78949600,16.88961929,563.41144913,-0.00000368,-0.00000378,
1000000.00000000,4.00000000,18.39804482,156.00000000,0.00000000,430.96374660,671.24628155,430.96374660,671.24628155,16.85726197,412.33901525,5.55401782,248.06505600,16.74832923,399.14355426,-0.00000177,-0.00000174,
1000000.00000000,5.00000000,18.39254427,175.00000000,0.00000000,304.29527200,667.02574446,304.29527200,667.02574446,15.79825977,287.49908333,6.40731003,378.19822806,16.28183539,265.16213470,-0.00000100,-0.00000098,
1000000.00000000,6.00000000,21.53957462,134.00000000,0.00000000,307.49744841,685.50465707,307.49744841,685.50465707,11.77646755,294.75748175,10.68318504,360.63729605,11.51427598,301.70205652,-0.00000096,-0.00000097,
1000000.00000000,7.00000000,21.22093487,133.00000000,0.00000000,327.99913075,670.45541336,327.99913075,670.45541336,11.01173523,315.53622919,11.37414069,345.93296101,10.99124699,300.73763557,-0.00000145,-0.00000142,
1000000.00000000,8.00000000,25.23779583,199.00000000,0.00000000,500.92941942,687.69898890,500.92941942,687.69898890,19.42669464,478.82671102,2.95223352,171.27316100,19.43623098,491.34346455,-0.00000268,-0.00000269,
1000000.00000000,9.00000000,17.90729928,131.00000000,0.00000000,238.42975205,689.65275890,238.42975205,689.65275890,10.78342172,226.63367015,11.62398249,426.86441686,10.67635703,239.45396612,-0.00000101,-0.00000103,
100000.00000000,1.00000000,14.55708766,210.00000000,0.00000000,612.20155859,637.72679980,612.20155859,637.72679980,15.83238156,558.76889863,6.69262291,26.54889355,16.08272539,551.42434860,-0.00037600,-0.00036978,
100000.00000000,10.00000000,11.63199782,163.00000000,0.00000000,257.11322620,654.95713368,257.11322620,654.95713368,13.48979731,232.56561228,9.01268923,391.76230738,13.52957746,229.69511696,-0.00011058,-0.00010957,
100000.00000000,11.00000000,22.50420499,243.00000000,0.00000000,622.04972839,655.61588988,622.04972839,655.61588988,20.06584590,565.09586344,2.63623518,11.79318653,19.75416275,584.81847919,-0.00036888,-0.00036614,
100000.00000000,12.00000000,18.38750052,254.00000000,0.00000000,438.13086848,640.13355133,438.13086848,640.13355133,9.91651476,408.18007773,12.64042972,202.50728655,9.91149831,394.77917152,-0.00020034,-0.00020295,
100000.00000000,13.00000000,29.08594656,205.00000000,0.00000000,520.19407703,647.23279487,520.19407703,647.23279487,17.31150993,476.61436751,5.16408065,120.11448748,17.47736724,477.47862002,-0.00026268,-0.00026998,
100000.00000000,14.00000000,16.54673123,178.00000000,0.00000000,492.97430709,659.34829415,492.97430709,659.34829415,17.15668452,444.47591498,5.64495598,144.58829231,16.61335162,460.96683768,-0.00031342,-0.00031535,
100000.00000000,15.00000000,40.32381630,250.00000000,0.00000000,495.59622102,655.26935646,495.59622102,655.26935646,16.51057884,445.32659321,6.19958085,140.11118621,16.27214037,458.76851507,-0.00033759,-0.00033918,
100000.00000000,16.00000000,15.91281867,220.00000000,0.00000000,320.15638435,654.18065480,320.15638435,654.18065480,17.32204079,290.65242183,5.09546858,330.69510810,17.53135398,288.95560976,-0.00012182,-0.00011903,
100000.00000000,17.00000000,26.71137404,253.00000000,0.00000000,493.26944397,656.46582091,493.26944397,656.46582091,19.38693540,448.84676105,3.36740094,144.67169024,18.75483874,464.60837332,-0.00025036,-0.00025064,
100000.00000000,18.00000000,19.91734648,244.00000000,0.00000000,580.07792766,651.38500343,580.07792766,651.38500343,16.45601090,531.77677984,6.02825986,53.91444346,16.77482379,542.37098523,-0.00031845,-0.00032296,
100000.00000000,19.00000000,30.16243720,255.00000000,0.00000000,520.15701777,638.72794079,520.15701777,638.72794079,13.89107305,483.36175097,8.65966943,122.90774118,13.84313299,470.45266712,-0.00022904,-0.00022865,
100000.00000000,2.00000000,20.56040239,245.00000000,0.00000000,502.36895805,660.34001809,502.36895805,660.34001809,19.10752074,456.18444962,3.41481651,133.05476462,19.14750608,477.40144781,-0.00027077,-0.00027321,
100000.00000000,20.00000000,32.26443911,237.00000000,0.00000000,524.35651592,653.92923090,524.35651592,653.92923090,17.05125629,474.17045914,5.51316498,115.48663536,17.22092469,482.69214182,-0.00033135,-0.00033016,
100000.00000000,3.00000000,30.79041219,223.00000000,0.00000000,536.88814325,655.72149754,536.88814325,655.72149754,17.14155927,488.64801502,5.49804567,98.85267377,17.01504920,502.39135296,-0.00031099,-0.00031964,
100000.00000000,4.00000000,45.96405745,295.00000000,0.00000000,415.82510369,645.13214559,415.82510369,645.13214559,16.90573977,383.18799836,5.60105949,236.05483731,16.79834904,371.24597279,-0.00015731,-0.00015432,
100000.00000000,5.00000000,15.70871115,224.00000000,0.00000000,295.49418373,651.83113765,295.49418373,651.83113765,15.79626316,270.44951847,6.43791182,370.77530582,16.27744578,249.30998255,-0.00009248,-0.00009030,
100000.00000000,6.00000000,14.16105509,164.00000000,0.00000000,299.15502693,667.26282297,299.15502693,667.26282297,11.80358675,278.38889709,10.69519525,350.96866130,11.54098665,285.05424522,-0.00008963,-0.00009004,
100000.00000000,7.00000000,28.76077580,232.00000000,0.00000000,316.09623619,646.15339824,316.09623619,646.15339824,11.05609563,292.76699419,11.46037754,332.53734481,11.03596330,279.12027368,-0.00012273,-0.00011999,
100000.00000000,8.00000000,24.77281189,184.00000000,0.00000000,478.16239837,654.57829189,478.16239837,654.57829189,19.58747421,434.84657066,2.94934750,161.62853544,19.60221122,446.50990991,-0.00023728,-0.00023888,
100000.00000000,9.00000000,15.29038048,139.00000000,0.00000000,229.71375477,671.08726038,229.71375477,671.08726038,10.85524198,209.69618846,11.62743908,417.67059461,10.74894818,221.68364313,-0.00009162,-0.00009357,
10000.00000000,1.00000000,18.75395274,246.00000000,0.00000000,415.64362465,451.54896913,415.64362465,451.54896913,16.52788357,267.89189462,7.02482765,31.32905490,16.74319138,267.32764881,-0.01312238,-0.01291242,
10000.00000000,10.00000000,17.70587564,207.00000000,0.00000000,192.74815241,518.68514154,192.74815241,518.68514154,14.08663437,131.17206648,9.22617804,318.17992853,14.12984107,130.02420676,-0.00474895,-0.00471250,
10000.00000000,11.00000000,41.20631051,256.00000000,0.00000000,430.46276718,461.51183653,430.46276718,461.51183653,21.21964509,281.41000561,2.43164865,15.35553933,20.83152165,294.75641085,-0.01278331,-0.01281367,
10000.00000000,12.00000000,25.36009622,292.00000000,0.00000000,326.61165199,474.91282067,326.61165199,474.91282067,10.02141921,237.09994446,13.44590007,144.23971558,10.01144924,227.42721459,-0.00794903,-0.00797885,
10000.00000000,13.00000000,35.21699357,278.00000000,0.00000000,372.82699414,464.00817199,372.82699414,464.00817199,18.00471877,251.21600594,5.20972768,87.20242048,18.18799836,247.63487563,-0.01036063,-0.01057731,
10000.00000000,14.00000000,24.75578737,208.00000000,0.00000000,337.92069461,498.30111580,337.92069461,498.30111580,17.58110014,220.35468147,6.22031127,145.04116753,17.07819646,228.96116601,-0.00999849,-0.01010003,
10000.00000000,15.00000000,38.44778967,273.00000000,0.00000000,327.40406483,482.07984293,327.40406483,482.07984293,17.46259146,202.84857513,6.33953926,140.85388440,17.24447229,209.65375594,-0.01070929,-0.01079882,
10000.00000000,16.00000000,14.20162249,190.00000000,0.00000000,248.42276980,509.85713521,248.42276980,509.85713521,17.50230525,177.23716613,5.46260292,255.54676371,17.67111665,178.44960418,-0.00536833,-0.00527270,
10000.00000000,17.00000000,53.93052816,271.00000000,0.00000000,355.56154803,472.59372780,355.56154803,472.59372780,19.94479792,238.48281166,3.60209198,104.05547819,19.25897151,248.26644396,-0.00971339,-0.00974107,
10000.00000000,18.00000000,24.94311357,304.00000000,0.00000000,408.75439584,461.05970376,408.75439584,461.05970376,16.67115518,275.75290374,6.76163236,38.75793604,16.99538715,280.60425236,-0.01163303,-0.01179405,
10000.00000000,19.00000000,38.66896009,270.00000000,0.00000000,389.16655536,462.67851885,389.16655536,462.67851885,14.59025753,279.81007940,8.78219545,73.73135130,14.56873099,271.35330749,-0.00947662,-0.00942429,
10000.00000000,2.00000000,32.17913866,269.00000000,0.00000000,353.20938940,474.60151924,353.20938940,474.60151924,19.55144177,229.84990594,3.73716021,103.45604405,19.57859002,242.86175225,-0.01038080,-0.01049680,
10000.00000000,20.00000000,25.20932436,222.00000000,0.00000000,360.79065196,494.68916220,360.79065196,494.68916220,17.70460620,238.48330341,5.84949804,121.24517644,17.89940957,245.57197879,-0.01046027,-0.01041231,
10000.00000000,3.00000000,29.78967881,244.00000000,0.00000000,378.24649501,476.07989814,378.24649501,476.07989814,17.64358897,255.71203059,5.90029195,86.02286781,17.48311475,259.14739584,-0.01048909,-0.01075262,
10000.00000000,4.00000000,46.30410480,263.00000000,0.00000000,321.17106711,490.04588632,321.17106711,490.04588632,17.08393669,232.65180632,5.88376527,170.41754071,16.98999363,226.33902202,-0.00714353,-0.00704156,
10000.00000000,5.00000000,27.59278965,304.00000000,0.00000000,237.18150880,552.34803792,237.18150880,552.34803792,15.70684930,175.61236440,6.63841634,323.07461837,16.16626325,161.93474900,-0.00458623,-0.00445340,
10000.00000000,6.00000000,19.62331891,222.00000000,0.00000000,242.25484022,543.71136916,242.25484022,543.71136916,11.99479485,184.47017511,10.78842462,285.78572269,11.72844791,189.39019582,-0.00457899,-0.00460186,
10000.00000000,7.00000000,38.18993878,231.00000000,0.00000000,242.96273165,502.36751750,242.96273165,502.36751750,11.33924904,176.79096831,11.92985561,256.76675621,11.32113843,168.51652969,-0.00548325,-0.00538332,
10000.00000000,8.00000000,32.15463161,310.00000000,0.00000000,347.75297817,473.42177204,347.75297817,473.42177204,20.35825451,235.23345106,2.94362963,115.08152156,20.40578113,242.00162348,-0.00921613,-0.00929892,
10000.00000000,9.00000000,15.53870773,182.00000000,0.00000000,172.85511382,551.75696633,172.85511382,551.75696633,11.35702477,117.40888945,11.64945919,359.09157595,11.25683760,124.77292633,-0.00440892,-0.00449862,
1000.00000000,1.00000000,16.09289670,241.00000000,0.00000000,140.01612833,185.77383128,140.01612833,185.77383128,15.76620324,41.37419121,7.47070760,37.50400447,15.87139500,43.18280588,-0.08287573,-0.08174492,
1000.00000000,10.00000000,17.36542940,166.00000000,0.00000000,80.17775459,290.95631184,80.17775459,290.95631184,15.04837838,27.22160646,9.19698153,201.97311841,15.10798346,26.93273063,-0.03790777,-0.03774550,
1000.00000000,11.00000000,20.60205889,222.00000000,0.00000000,156.51926198,183.66677101,156.51926198,183.66677101,20.56802259,50.37443556,2.27917558,21.40434988,20.15208014,53.26811521,-0.08557680,-0.08656305,
1000.00000000,12.00000000,14.68318868,222.00000000,0.00000000,136.50614856,223.36136239,136.50614856,223.36136239,10.04824091,58.52693512,14.06126599,75.26088019,10.01603858,56.72351160,-0.06793097,-0.06729967,
1000.00000000,13.00000000,66.58507705,281.00000000,0.00000000,143.45756406,199.73025758,143.45756406,199.73025758,17.13489748,53.34136415,5.28018816,51.46505675,17.29753588,52.20922073,-0.07298130,-0.07347826,
1000.00000000,14.00000000,27.27243590,166.00000000,0.00000000,131.59067737,270.84856596,131.59067737,270.84856596,16.06849158,50.49013024,6.87104978,130.69869427,15.82744466,51.78832273,-0.06503206,-0.06566305,
1000.00000000,15.00000000,27.59106064,251.00000000,0.00000000,113.29017429,245.81944202,113.29017429,245.81944202,17.02277982,34.60806484,6.44683826,124.91333619,16.89748255,35.44409045,-0.06165933,-0.06211769,
1000.00000000,16.00000000,11.43311501,157.00000000,0.00000000,112.81272408,264.48747637,112.81272408,264.48747637,16.11264737,45.84861355,5.96946378,144.71862099,16.16183279,46.89741417,-0.05085146,-0.05074014,
1000.00000000,17.00000000,28.70431280,272.00000000,0.00000000,141.08177618,202.67107546,141.08177618,202.67107546,18.81651895,53.19286797,3.88933799,55.22450051,18.13912144,55.97521473,-0.06907239,-0.06944290,
1000.00000000,18.00000000,21.82166839,255.00000000,0.00000000,150.69032225,184.07346534,150.69032225,184.07346534,15.22950147,51.37850320,7.64394865,23.75049626,15.45917933,52.33716802,-0.08408232,-0.08488267,
1000.00000000,19.00000000,26.14616060,246.00000000,0.00000000,161.18607050,191.27204818,161.18607050,191.27204818,15.25798172,65.36423218,8.41655394,23.59345833,15.27209457,64.42106841,-0.08056386,-0.07956887,
1000.00000000,2.00000000,24.30284977,284.00000000,0.00000000,125.51116427,207.10487780,125.51116427,207.10487780,18.43645942,37.27874392,4.24764715,73.17446095,18.39835697,40.36448215,-0.06979596,-0.07091993,
1000.00000000,20.00000000,21.48941493,183.00000000,0.00000000,143.43091990,268.04029879,143.43091990,268.04029879,16.49729568,56.82093571,6.12504535,114.94060173,16.60674050,60.30679222,-0.07011269,-0.07006112,
1000.00000000,3.00000000,25.18373203,212.00000000,0.00000000,150.44406622,221.24350846,150.44406622,221.24350846,16.07081157,58.82610712,6.35205577,64.68820567,15.80622137,57.75539815,-0.07554715,-0.07664163,
1000.00000000,4.00000000,48.03121495,199.00000000,0.00000000,141.37832667,226.97664265,141.37832667,226.97664265,15.72316025,58.97340516,6.19880618,81.00676072,15.66938911,58.01403858,-0.06668176,-0.06608765,
1000.00000000,5.00000000,16.53070784,213.00000000,0.00000000,112.08098172,362.38167500,112.08098172,362.38167500,14.06440940,48.10050298,6.98882388,247.06275583,14.39529524,45.48179430,-0.04991607,-0.04845301,
1000.00000000,6.00000000,23.61232519,214.00000000,0.00000000,114.22932864,280.84210988,114.22932864,280.84210988,12.27649400,50.76443295,10.72865807,153.99259852,11.99929491,52.76999329,-0.05118840,-0.05135157,
1000.00000000,7.00000000,20.37995625,166.00000000,0.00000000,103.86023440,257.06569327,103.86023440,257.06569327,11.77408072,40.48913699,12.20204455,144.19004748,11.75776659,37.99037609,-0.05159702,-0.05092546,
1000.00000000,8.00000000,32.39612651,240.00000000,0.00000000,140.36463843,204.14800308,140.36463843,204.14800308,19.62785714,53.04930850,2.97501388,59.19865830,19.71224452,54.00540776,-0.06768747,-0.06825668,
1000.00000000,9.00000000,16.13148308,144.00000000,0.00000000,64.06704080,331.05834444,64.06704080,331.05834444,12.45804775,15.44229933,11.60057147,253.09055480,12.37778127,17.09827119,-0.03616669,-0.03689117,
100.00000000,1.00000000,9.20583844,146.00000000,0.00000000,33.64854276,73.05330735,33.64854276,73.05330735,11.09748539,2.42641385,7.34134363,31.67447398,11.15003307,2.86024478,-0.20124644,-0.20027212,
100.00000000,10.00000000,15.84661722,124.00000000,0.00000000,27.82192718,188.93915245,27.82192718,188.93915245,13.81315242,2.62966504,7.58110857,153.55669006,13.86882479,2.64624085,-0.11379110,-0.11286288,
100.00000000,11.00000000,17.86086893,149.00000000,0.00000000,41.32323345,64.32327998,41.32323345,64.32327998,15.03057393,3.08333862,2.42454991,19.91138792,14.90250213,3.80254367,-0.23209321,-0.23282296,
100.00000000,12.00000000,13.30851936,161.00000000,0.00000000,36.43233612,124.69602400,36.43233612,124.69602400,9.03901560,5.20512358,12.83231007,75.56741341,8.97817555,5.29436552,-0.22188197,-0.22023759,
100.00000000,13.00000000,21.74532485,182.00000000,0.00000000,40.36270628,83.27842129,40.36270628,83.27842129,11.68147470,5.36783913,5.22800094,37.38369953,11.77398141,5.63348699,-0.23313392,-0.23259252,
100.00000000,14.00000000,11.18598366,127.00000000,0.00000000,37.22752808,162.79932712,37.22752808,162.79932712,10.80863943,4.90288811,6.55360771,118.67383932,10.94263762,5.17664498,-0.21516001,-0.21452597,
100.00000000,15.00000000,22.10581708,163.00000000,0.00000000,32.33179545,152.63600326,32.33179545,152.63600326,12.17121969,3.34979228,6.25133002,113.90337676,12.12581512,3.62176950,-0.16810783,-0.16733712,
100.00000000,16.00000000,8.73629522,125.00000000,0.00000000,34.69389884,154.74926103,34.69389884,154.74926103,11.42625737,4.52826876,5.61864708,114.19628041,11.41860161,4.73250029,-0.18739373,-0.18783232,
100.00000000,17.00000000,16.68103456,164.00000000,0.00000000,41.97927868,72.63085718,41.97927868,72.63085718,13.26399960,5.77341901,3.66949232,26.69547315,12.92342965,6.30392232,-0.22941860,-0.23038540,
100.00000000,18.00000000,14.70743752,175.00000000,0.00000000,36.88379853,66.10621841,36.88379853,66.10621841,11.19859079,3.22514590,7.04573413,21.72992507,11.25978963,3.32996544,-0.22460062,-0.22740804,
100.00000000,19.00000000,27.35436225,194.00000000,0.00000000,43.98654651,82.47939995,43.98654651,82.47939995,12.78765361,5.34727411,6.92564148,31.50693391,12.81840565,5.61079393,-0.25851619,-0.25617625,
100.00000000,2.00000000,17.89261675,181.00000000,0.00000000,34.27599971,96.89893045,34.27599971,96.89893045,13.01395524,2.94353163,4.31584010,57.67267264,12.90925213,3.29062449,-0.18318513,-0.18710541,
100.00000000,20.00000000,18.95089531,150.00000000,0.00000000,40.10513291,154.48052799,40.10513291,154.48052799,11.72441309,4.90930138,5.86029696,107.50261509,11.74753264,5.85313169,-0.23471418,-0.23516952,
100.00000000,3.00000000,17.09316802,139.00000000,0.00000000,40.20222634,131.79156986,40.20222634,131.79156986,10.58582283,4.93771153,6.26537834,85.66003695,10.37165738,4.74875592,-0.24678692,-0.24745741,
100.00000000,4.00000000,17.02782249,135.00000000,0.00000000,40.41219446,96.19772441,40.41219446,96.19772441,11.38405986,5.51238796,5.74563128,50.19719685,11.35028179,5.45799431,-0.23515747,-0.23446620,
100.00000000,5.00000000,11.57896376,131.00000000,0.00000000,33.01535932,302.10306980,33.01535932,302.10306980,9.62325547,4.22838386,7.13662020,262.33806284,9.72363122,3.94386724,-0.19163720,-0.18960888,
100.00000000,6.00000000,11.21623635,116.00000000,0.00000000,34.84670069,148.58452817,34.84670069,148.58452817,10.85663335,5.01525932,9.01621040,104.27195360,10.60559473,5.76160443,-0.18974808,-0.18929165,
100.00000000,7.00000000,23.20564795,131.00000000,0.00000000,29.60908655,143.94325414,29.60908655,143.94325414,11.12755203,2.87356313,10.99936288,103.86125269,11.11798271,2.54929525,-0.15607971,-0.15415361,
100.00000000,8.00000000,25.57600212,159.00000000,0.00000000,42.50983385,75.07027231,42.50983385,75.07027231,14.10943140,5.63577113,3.13729876,29.18557931,14.14147740,5.77514345,-0.22764631,-0.22830773,
100.00000000,9.00000000,11.07025456,113.00000000,0.00000000,19.78996039,256.67151321,19.78996039,256.67151321,11.58822260,0.58003175,10.59395885,225.92293436,11.53110729,0.84419066,-0.07621706,-0.07779322,
10.00000000,1.00000000,5.35735703,65.00000000,0.00000000,10.52627924,39.26010693,10.52627924,39.26010693,5.87056911,0.03543920,6.97057958,21.43256633,6.08454601,0.30685832,-0.46202709,-0.44655567,
10.00000000,10.00000000,7.20203352,69.00000000,0.00000000,12.29060480,166.43782750,12.29060480,166.43782750,7.81241404,0.05259586,6.00973490,148.08961477,7.86689150,0.10319395,-0.44255949,-0.43683924,
10.00000000,11.00000000,6.38334966,77.00000000,0.00000000,13.53727040,26.63633638,13.53727040,26.63633638,7.47756229,0.04262405,5.27087793,7.19326542,7.64214750,0.65088370,-0.60170841,-0.58791618,
10.00000000,12.00000000,5.52815056,74.00000000,0.00000000,10.98562083,138.66774281,10.98562083,138.66774281,6.13974199,0.11533996,12.09564998,115.49407641,6.41800983,0.21958863,-0.47305389,-0.44404180,
10.00000000,13.00000000,18.62279248,101.00000000,0.00000000,11.89351279,104.18281247,11.89351279,104.18281247,6.19697500,0.08510826,6.73373907,85.30045596,6.31981458,0.27971385,-0.56114295,-0.55490890,
10.00000000,14.00000000,4.79981613,56.00000000,0.00000000,10.98746473,176.81237505,10.98746473,176.81237505,5.63327749,0.11623717,6.39549661,159.17085642,5.96175294,0.21376625,-0.52379501,-0.50705028,
10.00000000,15.00000000,13.33660674,74.00000000,0.00000000,11.57911494,107.33906794,11.57911494,107.33906794,7.10297146,0.07135791,7.58531035,88.11247662,7.05429947,0.15512055,-0.44047856,-0.44318610,
10.00000000,16.00000000,8.12502527,58.00000000,0.00000000,11.42709921,159.89918657,11.42709921,159.89918657,6.44139429,0.10981201,5.57139674,142.85652065,6.32754781,0.16824828,-0.48758929,-0.49754731,
10.00000000,17.00000000,18.39665532,79.00000000,0.00000000,13.20382763,33.70112013,13.20382763,33.70112013,6.95676831,0.14334047,4.03029144,16.26523142,7.07816304,0.36795758,-0.61037188,-0.59594767,
10.00000000,18.00000000,6.46634650,71.00000000,0.00000000,11.97941397,32.14729354,11.97941397,32.14729354,7.42811118,0.05346314,6.24874822,13.81043469,7.42011563,0.06996139,-0.44978397,-0.45980336,
10.00000000,19.00000000,13.84628892,90.00000000,0.00000000,13.39531408,161.75156421,13.39531408,161.75156421,7.42571362,0.08387046,5.21583690,142.98162701,7.10028880,0.27681322,-0.58857300,-0.61769983,
10.00000000,2.00000000,10.43780589,78.00000000,0.00000000,11.88784864,120.33794171,11.88784864,120.33794171,6.95573889,0.05482378,4.39369181,103.64166074,7.02926525,0.44564785,-0.48772860,-0.48276761,
10.00000000,20.00000000,22.16206360,73.00000000,0.00000000,12.36461312,123.13598916,12.36461312,123.13598916,6.84793033,0.07857061,9.01261870,101.22721959,7.01031359,0.56191504,-0.54381122,-0.53239222,
10.00000000,3.00000000,10.97572827,69.00000000,0.00000000,11.06295471,158.34548683,11.06295471,158.34548683,5.46735084,0.10260277,6.54598718,140.69312423,5.29092435,0.20640883,-0.54930011,-0.56090422,
10.00000000,4.00000000,8.96003056,76.00000000,0.00000000,12.23284435,55.55960121,12.23284435,55.55960121,6.52111451,0.13821175,6.46207840,36.79297236,6.48940153,0.26088903,-0.55735181,-0.55542599,
10.00000000,5.00000000,5.88117290,66.00000000,0.00000000,10.30833016,320.71288481,10.30833016,320.71288481,5.98591470,0.07790187,7.85202923,302.52362852,6.11986155,0.08601950,-0.42445136,-0.41313460,
10.00000000,6.00000000,7.51435065,67.00000000,0.00000000,11.29264569,179.76912576,11.29264569,179.76912576,6.17412740,0.12021762,6.63286801,161.82114565,5.98586276,0.24472028,-0.49983007,-0.50845291,
10.00000000,7.00000000,9.69971728,70.00000000,0.00000000,11.42558537,113.44709729,11.42558537,113.44709729,7.49238469,0.04687730,10.90077990,91.14942426,7.37622426,0.02548986,-0.38863234,-0.39951790,
10.00000000,8.00000000,10.09267354,81.00000000,0.00000000,13.94306348,40.06375650,13.94306348,40.06375650,7.78151946,0.11007369,5.13531574,20.69918127,7.72893216,0.36987159,-0.60514703,-0.61304557,
10.00000000,9.00000000,7.31971264,57.00000000,0.00000000,9.39628398,332.13704655,9.39628398,332.13704655,6.16078608,0.01785300,8.43024900,314.29478344,6.05033834,0.05667363,-0.32176449,-0.33050021,
1.00000000,1.00000000,7.52434134,101.00000000,0.00000000,2.85256229,57.25857628,2.85256229,57.25857628,0.83694876,0.00029098,8.75875075,15.13818837,5.15537316,25.49446045,-2.01532255,-2.71180356,
1.00000000,10.00000000,9.03631473,96.00000000,0.00000000,3.62656301,171.36792921,3.62656301,171.36792921,1.10318990,0.00059880,43.57128963,95.85951358,3.86805654,24.61805988,-2.52277431,-3.45100958,
1.00000000,11.00000000,8.32513642,103.00000000,0.00000000,3.72225667,29.65487738,3.72225667,29.65487738,1.13135105,0.00081433,17.46435231,0.98854489,1.55854464,7.05678029,-2.59009130,-2.58665525,
1.00000000,12.00000000,8.72566843,112.00000000,0.00000000,3.14926540,205.83799745,3.14926540,205.83799745,1.05916613,0.00131167,12.61519539,185.78198131,2.23806634,3.37714072,-2.08878761,-1.82561369,
1.00000000,13.00000000,19.25818944,117.00000000,0.00000000,3.25123721,159.86425701,3.25123721,159.86425701,1.03413795,0.00142743,10.56491803,132.65886665,1.73966157,12.86816301,-2.21567183,-2.03264776,
1.00000000,14.00000000,14.58340526,68.00000000,0.00000000,3.23677011,222.11677120,3.23677011,222.11677120,1.19269864,0.00105576,6.31824276,210.27585758,2.06329816,1.71531878,-2.04301571,-1.74405391,
1.00000000,15.00000000,9.71239018,83.00000000,0.00000000,3.81446011,157.00983292,3.81446011,157.00983292,1.46715741,0.00073529,59.06352505,58.37577282,4.65101833,31.76753550,-2.34656742,-3.15198123,
1.00000000,16.00000000,4.43362308,48.00000000,0.00000000,3.49444876,198.50517797,3.49444876,198.50517797,1.23143951,0.00086975,6.23322181,188.27367670,1.56412621,0.28990021,-2.26213950,-2.14425304,
1.00000000,17.00000000,16.20834351,97.00000000,0.00000000,3.53291649,21.42895732,3.53291649,21.42895732,1.03716779,0.00242051,6.16061704,8.10781529,2.11355625,2.65370754,-2.49332819,-2.39326121,
1.00000000,18.00000000,14.87921500,117.00000000,0.00000000,4.09809263,922.89046086,4.09809263,922.89046086,1.64955237,0.00093261,6.54119622,4.63007746,3.71181417,904.94555217,-2.44760765,-3.06182083,
1.00000000,19.00000000,10.37684417,89.00000000,0.00000000,4.15169864,16103.35203817,4.15169864,16103.35203817,1.50258032,0.00042735,16.41650161,8579.75494326,336.13193123,7160.91564425,-2.64869097,-10.13301782,
1.00000000,2.00000000,12.18725109,108.00000000,0.00000000,3.35524812,148.42484465,3.35524812,148.42484465,0.95894967,0.00029082,6.22752109,133.25188098,5.74743012,0.05099378,-2.39600763,-3.14701867,
1.00000000,20.00000000,18.82780957,96.00000000,0.00000000,3.41497510,141.44413083,3.41497510,141.44413083,1.02879769,0.00096417,51.33149958,65.91821877,5.46701903,15.65956900,-2.38521324,-3.06782445,
1.00000000,3.00000000,7.30359578,62.00000000,0.00000000,3.17756397,16224.58151530,3.17756397,16224.58151530,1.13681927,0.00071940,29.60222769,4348.58269847,322.45580797,11513.82412200,-2.04002530,-10.11665917,
1.00000000,4.00000000,12.81317449,79.00000000,0.00000000,3.42454594,37.44524643,3.42454594,37.44524643,1.12829794,0.00202139,14.18441883,16.70654337,3.64367135,0.45330534,-2.29422661,-2.45730753,
1.00000000,5.00000000,5.94452119,90.00000000,0.00000000,3.32220262,384.55856487,3.32220262,384.55856487,1.32348360,0.00039439,9.72223072,332.82859894,2.82733317,36.89024496,-1.99832463,-2.29015708,
1.00000000,6.00000000,4.61785412,50.00000000,0.00000000,3.38679554,230.29099367,3.38679554,230.29099367,1.19835699,0.00143872,6.37730451,213.25769630,1.24904374,7.07984953,-2.18699983,-2.32709958,
1.00000000,7.00000000,20.12660432,68.00000000,0.00000000,3.84855791,10021.22640393,3.84855791,10021.22640393,1.39506973,0.00049298,31.44606531,6068.36955918,244.24233003,3668.11196095,-2.45299520,-9.05648846,
1.00000000,8.00000000,13.34338236,82.00000000,0.00000000,3.96707926,361.41963654,3.96707926,361.41963654,1.26128900,0.00082150,33.19754311,94.01702960,1.73443104,229.09270395,-2.70496876,-3.37792885,
1.00000000,9.00000000,7.52195835,48.00000000,0.00000000,3.17708641,3102.64980158,3.17708641,3102.64980158,1.24179774,0.00039219,9.35292397,1262.14897218,5.01809365,1823.18936052,-1.93489648,-2.94045128,
20.00000000,1.00000000,6.21146441,91.00000000,0.00000000,14.33433858,46.10513386,14.33433858,46.10513386,7.57023756,0.14441822,7.05628776,24.48510777,7.65853212,0.34156716,-0.33098414,-0.32818195,
20.00000000,10.00000000,11.29216456,78.00000000,0.00000000,15.57631866,171.09544130,15.57631866,171.09544130,10.20130549,0.20343316,5.95175478,149.53788490,10.19715083,0.24770377,-0.25857900,-0.25804735,
20.00000000,11.00000000,10.46862650,97.00000000,0.00000000,18.41391961,34.47729544,18.41391961,34.47729544,9.94189171,0.17372802,3.71544329,11.78295852,10.02603335,0.75874566,-0.41491499,-0.40970573,
20.00000000,12.00000000,21.00046849,101.00000000,0.00000000,14.95619437,127.10396231,14.95619437,127.10396231,7.46724347,0.41491645,12.16079699,99.97015710,7.45753655,0.50842338,-0.35370172,-0.35035241,
20.00000000,13.00000000,20.70647216,111.00000000,0.00000000,16.64010176,85.16748560,16.64010176,85.16748560,7.88433715,0.36857696,5.91010544,62.39480927,7.93849430,0.55077554,-0.41935938,-0.41866505,
20.00000000,14.00000000,10.35461545,71.00000000,0.00000000,15.41938247,162.90151603,15.41938247,162.90151603,7.22844032,0.41076333,6.37447371,140.84855790,7.50328801,0.54059818,-0.38900894,-0.38172991,
20.00000000,15.00000000,26.72161126,95.00000000,0.00000000,15.20140216,121.61942235,15.20140216,121.61942235,8.67582568,0.27266747,6.63990688,99.72649291,8.62241553,0.36986859,-0.31264545,-0.31303692,
20.00000000,16.00000000,5.23320556,68.00000000,0.00000000,15.46498434,150.54763721,15.46498434,150.54763721,8.08766725,0.38492687,5.49751848,129.50592989,8.01040902,0.47143758,-0.34961951,-0.35311711,
20.00000000,17.00000000,12.36739445,100.00000000,0.00000000,18.25089318,40.31332115,18.25089318,40.31332115,9.01601093,0.50345310,3.75504213,18.19357579,8.92446584,0.74084932,-0.43657146,-0.43496940,
20.00000000,18.00000000,6.94573903,91.00000000,0.00000000,15.79238024,39.51168027,15.79238024,39.51168027,8.78297289,0.20619813,6.43450844,17.12537895,8.79109816,0.24157977,-0.34016046,-0.34595575,
20.00000000,19.00000000,13.01605606,92.00000000,0.00000000,18.39685974,122.28361228,18.39685974,122.28361228,9.20410379,0.34777831,5.55442544,98.17739819,9.19958497,0.57017822,-0.44224888,-0.43910127,
20.00000000,2.00000000,10.76673412,89.00000000,0.00000000,15.84214679,99.32880482,15.84214679,99.32880482,8.87722958,0.21450994,4.29063352,79.08471571,8.81042921,0.30948913,-0.33752036,-0.34167686,
20.00000000,20.00000000,7.38927293,96.00000000,0.00000000,16.89928269,129.87802748,16.89928269,129.87802748,8.60737459,0.32891540,6.78394466,105.66329918,8.72017237,0.83757332,-0.39814963,-0.39365190,
20.00000000,3.00000000,13.45797706,83.00000000,0.00000000,15.77997666,146.59555743,15.77997666,146.59555743,7.00929539,0.37284728,6.39484002,124.51156761,6.95824269,0.38069380,-0.41989170,-0.41751067,
20.00000000,4.00000000,12.88289475,94.00000000,0.00000000,16.90828786,64.13662569,16.90828786,64.13662569,8.22720741,0.47029254,5.93159413,41.28898406,8.18792177,0.55859330,-0.41053940,-0.40847662,
20.00000000,5.00000000,6.14192295,85.00000000,0.00000000,13.92945461,317.49108213,13.92945461,317.49108213,7.15071832,0.30065976,7.54297598,296.05151706,7.19135215,0.27309634,-0.32390383,-0.32160703,
20.00000000,6.00000000,11.48144817,80.00000000,0.00000000,15.41392663,154.37344530,15.41392663,154.37344530,7.89921785,0.41955447,7.21230502,131.68159370,7.67075229,0.63739374,-0.35475772,-0.35857003,
20.00000000,7.00000000,11.68439865,83.00000000,0.00000000,14.51885712,120.03933443,14.51885712,120.03933443,9.08870986,0.18365990,10.34702809,95.25943864,9.10199688,0.14725545,-0.26232437,-0.25918077,
20.00000000,8.00000000,13.66853309,115.00000000,0.00000000,18.93569260,44.58098220,18.93569260,44.58098220,9.85907090,0.43845976,3.93932292,21.48896486,9.84246850,0.60974890,-0.43190810,-0.43502385,
20.00000000,9.00000000,9.65557885,72.00000000,0.00000000,11.74796294,293.79411720,11.74796294,293.79411720,8.09594893,0.04982188,8.89029925,273.09050403,8.02694750,0.11278135,-0.18010961,-0.18367925,
2.00000000,1.00000000,5.77091098,75.00000000,0.00000000,4.54208982,36.79484277,4.54208982,36.79484277,1.67311372,0.00111303,7.59342726,18.04157114,2.82081966,5.25496499,-1.43393154,-1.54202986,
2.00000000,10.00000000,8.13965034,84.00000000,0.00000000,5.70490614,192.57253174,5.70490614,192.57253174,2.23104224,0.00148982,17.91749234,133.40422076,2.85509687,34.78220946,-1.73618704,-1.80675615,
2.00000000,11.00000000,8.15964746,79.00000000,0.00000000,5.88486385,22.97671720,5.88486385,22.97671720,2.23076039,0.00208223,12.89712637,1.47323717,2.64124899,2.43445447,-1.82601062,-1.76532510,
2.00000000,12.00000000,10.80895758,87.00000000,0.00000000,4.88597382,189.01490134,4.88597382,189.01490134,1.95383937,0.00478990,12.49637913,169.32628071,3.27347707,1.51665564,-1.46367228,-1.20105439,
2.00000000,13.00000000,11.99787068,87.00000000,0.00000000,5.10086189,144.79191995,5.10086189,144.79191995,1.96437535,0.00388968,9.56503412,126.65354540,2.74348739,3.04226119,-1.56629843,-1.39379592,
2.00000000,14.00000000,5.10055614,57.00000000,0.00000000,4.90433148,213.51145179,4.90433148,213.51145179,2.12705517,0.00450246,6.40934583,201.12543256,2.81082429,0.71726965,-1.38638692,-1.22428973,
2.00000000,15.00000000,26.92181206,88.00000000,0.00000000,5.70229199,81.70374715,5.70229199,81.70374715,2.61667504,0.00289343,24.95680752,48.69263895,2.83088196,1.78417099,-1.54136176,-1.71962386,
2.00000000,16.00000000,3.88230252,37.00000000,0.00000000,5.33338049,192.89999679,5.33338049,192.89999679,2.30477205,0.00397472,5.99656020,181.44476267,2.39084962,0.05273084,-1.51231686,-1.50754674,
2.00000000,17.00000000,8.84697175,87.00000000,0.00000000,5.62100669,24.82942833,5.62100669,24.82942833,2.06965549,0.00770519,5.43095245,11.81555659,3.16160139,1.30655162,-1.77182300,-1.55738315,
2.00000000,18.00000000,6.64728284,86.00000000,0.00000000,6.04640843,176.67410007,6.04640843,176.67410007,2.89385119,0.00264803,6.56229991,4.61270165,3.62659797,157.60467912,-1.57495460,-2.13391071,
2.00000000,19.00000000,21.58727336,68.00000000,0.00000000,6.27473344,12382.95355354,6.27473344,12382.95355354,2.80459684,0.00206532,13.23902481,5846.54330353,292.88896078,6211.56881057,-1.73403564,-9.35672692,
2.00000000,2.00000000,11.68861651,89.00000000,0.00000000,5.34051546,157.84219523,5.34051546,157.84219523,2.01696355,0.00135163,5.46175723,145.03756013,3.33751377,0.67197453,-1.66110014,-1.66669479,
2.00000000,20.00000000,14.85725617,93.00000000,0.00000000,5.40857415,122.98913061,5.40857415,122.98913061,2.03634484,0.00284047,30.65196223,81.65057888,2.37296007,4.93166227,-1.68469442,-1.69098358,
2.00000000,3.00000000,6.82340074,57.00000000,0.00000000,4.83871852,12651.97586945,4.83871852,12651.97586945,2.07100569,0.00344257,20.55933121,2664.54848125,271.73827461,9676.81616814,-1.38213513,-9.15680712,
2.00000000,4.00000000,10.38046503,74.00000000,0.00000000,5.34299489,39.94609650,5.34299489,39.94609650,2.08694105,0.00730107,10.61371827,22.70404244,2.97256860,0.36242071,-1.62437638,-1.64667324,
2.00000000,5.00000000,5.74267530,73.00000000,0.00000000,4.93479916,352.86312027,4.93479916,352.86312027,2.27630039,0.00212712,9.01256589,335.67479927,2.97305370,2.57444558,-1.32818582,-1.31412792,
2.00000000,6.00000000,5.36113501,47.00000000,0.00000000,5.16367265,216.49867148,5.16367265,216.49867148,2.22298687,0.00547851,6.35906521,203.91030904,2.20844985,1.02587994,-1.46760363,-1.49748372,
2.00000000,7.00000000,13.72533965,69.00000000,0.00000000,5.80209342,4245.82484972,5.80209342,4245.82484972,2.65108695,0.00173542,20.54592728,1942.83114859,147.32590589,2121.07093069,-1.57463553,-7.02546863,
2.00000000,8.00000000,10.58345342,91.00000000,0.00000000,6.20888720,120.87577212,6.20888720,120.87577212,2.44094109,0.00283510,16.83386672,46.52519651,2.08936932,51.24738057,-1.88255550,-2.08997950,
2.00000000,9.00000000,4.85635495,47.00000000,0.00000000,4.72551579,1029.96825239,4.72551579,1029.96825239,2.20972649,0.00131033,8.99051629,680.71443632,2.21867421,334.62806358,-1.25723949,-1.70828100,
50.00000000,1.00000000,8.81075978,128.00000000,0.00000000,22.65023485,58.84616300,22.65023485,58.84616300,9.61008513,0.78593408,7.21260285,28.69042962,9.67542970,1.07119324,-0.24508431,-0.24393015,
50.00000000,10.00000000,15.45006180,111.00000000,0.00000000,21.30401019,178.67455217,21.30401019,178.67455217,12.62226049,0.97040255,6.81957287,150.53248963,12.65524124,1.01309087,-0.15422694,-0.15308315,
50.00000000,11.00000000,10.16755772,113.00000000,0.00000000,28.49400010,48.96763643,28.49400010,48.96763643,13.01421252,0.97535782,2.72250518,17.20409268,12.98219555,1.58703761,-0.29008860,-0.28943611,
50.00000000,12.00000000,9.36414123,125.00000000,0.00000000,24.15173138,120.54950473,24.15173138,120.54950473,8.49763200,1.89184569,12.46848049,83.95903336,8.44167991,2.00568184,-0.27524507,-0.27349258,
50.00000000,13.00000000,23.94972229,150.00000000,0.00000000,27.15520861,75.34369027,27.15520861,75.34369027,9.99936394,1.91836203,5.36637723,42.55397384,10.07084713,2.15049083,-0.30474965,-0.30404002,
50.00000000,14.00000000,8.34773064,98.00000000,0.00000000,25.08194158,156.44408397,25.08194158,156.44408397,9.28324343,1.83359700,6.42880745,124.63088522,9.47927414,2.04213565,-0.27930202,-0.27725963,
50.00000000,15.00000000,15.81254005,134.00000000,0.00000000,22.84999882,138.61893606,22.84999882,138.61893606,10.64028792,1.26827830,6.27468952,109.39928471,10.59298170,1.45199655,-0.21882865,-0.21799967,
50.00000000,16.00000000,10.87053466,102.00000000,0.00000000,24.05088550,147.51449902,24.05088550,147.51449902,10.03194047,1.70034195,5.51130870,117.79400663,10.00141412,1.84863095,-0.24637206,-0.24718277,
50.00000000,17.00000000,16.13532186,150.00000000,0.00000000,28.91442562,54.66480141,28.91442562,54.66480141,11.49781452,2.21689620,3.63488861,21.96846583,11.25692191,2.56482001,-0.30399430,-0.30479410,
50.00000000,18.00000000,16.87459660,127.00000000,0.00000000,24.67802974,52.00159626,24.67802974,52.00159626,10.18419319,1.06245363,6.76286110,20.26885466,10.22325826,1.12968241,-0.26862766,-0.27233880,
50.00000000,19.00000000,28.72837186,139.00000000,0.00000000,29.56738090,85.61154795,29.56738090,85.61154795,11.37914805,1.82337234,6.31822537,49.59972214,11.41158335,2.07412699,-0.32729721,-0.32415780,
50.00000000,2.00000000,13.26783228,149.00000000,0.00000000,24.03688331,89.58801373,24.03688331,89.58801373,11.25785306,1.05485239,4.28333008,60.95688635,11.15957340,1.23618614,-0.23448356,-0.23904076,
50.00000000,20.00000000,18.89221215,123.00000000,0.00000000,26.99592359,140.78995476,26.99592359,140.78995476,10.43364900,1.69563541,5.95342227,107.13680730,10.48295299,2.37124627,-0.29733278,-0.29691052,
50.00000000,3.00000000,20.56568551,121.00000000,0.00000000,26.42535634,133.52536129,26.42535634,133.52536129,9.03730185,1.75499626,6.27405114,101.04122103,8.89188687,1.68858121,-0.31266116,-0.31259242,
50.00000000,4.00000000,30.23686695,117.00000000,0.00000000,27.21850034,79.12646838,27.21850034,79.12646838,10.11823933,2.05433094,5.69898984,46.27269257,10.08919624,2.07577486,-0.30091860,-0.29979630,
50.00000000,5.00000000,8.67772818,108.00000000,0.00000000,22.24521143,307.63108074,22.24521143,307.63108074,8.48644132,1.48374984,7.26764659,278.28216631,8.54781496,1.35359222,-0.24550041,-0.24359721,
50.00000000,6.00000000,10.76285434,105.00000000,0.00000000,24.08970302,142.54652226,24.08970302,142.54652226,9.79730530,1.86052448,8.20838582,110.00455123,9.55472798,2.33739400,-0.24863746,-0.24882926,
50.00000000,7.00000000,14.52092743,106.00000000,0.00000000,21.03656999,131.15328619,21.03656999,131.15328619,10.50116184,0.96343933,10.60239033,99.77192202,10.49944180,0.82904409,-0.19143938,-0.18900976,
50.00000000,8.00000000,15.36705923,122.00000000,0.00000000,29.51940271,57.55373408,29.51940271,57.55373408,12.30967407,2.10328856,3.32529837,24.52664188,12.32142616,2.22042689,-0.30212880,-0.30319882,
50.00000000,9.00000000,10.34904313,98.00000000,0.00000000,15.54306994,263.40465963,15.54306994,263.40465963,10.38529710,0.19726554,9.90394252,237.76491871,10.33070281,0.34694375,-0.09921015,-0.10116304,
5.00000000,1.00000000,4.49852633,74.00000000,0.00000000,7.63837983,35.35205415,7.63837983,35.35205415,3.80694329,0.00807479,7.00610152,19.68027544,4.47842161,0.80276414,-0.76467235,-0.67689829,
5.00000000,10.00000000,8.85037494,63.00000000,0.00000000,9.30467642,161.90588726,9.30467642,161.90588726,5.06737009,0.01239793,7.96441263,144.27527039,5.42657720,0.26805647,-0.84498168,-0.79431411,
5.00000000,11.00000000,27.52148843,68.00000000,0.00000000,9.80767846,22.05694731,9.80767846,22.05694731,4.93034659,0.01031531,7.83944664,3.58268116,5.26842992,0.71905720,-0.97340331,-0.92946648,
5.00000000,12.00000000,5.72097969,74.00000000,0.00000000,8.03218052,155.94289520,8.03218052,155.94289520,4.10261489,0.02923470,12.32565479,135.10891603,5.13776171,0.22915694,-0.78006619,-0.62828114,
5.00000000,13.00000000,9.96932602,71.00000000,0.00000000,8.51294556,127.90379724,8.51294556,127.90379724,4.18823655,0.01866185,7.91029993,110.83142868,4.66291673,0.48368124,-0.86120943,-0.80309413,
5.00000000,14.00000000,4.73651075,50.00000000,0.00000000,7.89962277,193.99114917,7.89962277,193.99114917,4.04944917,0.02992538,6.43673286,179.31904261,4.46428292,0.15451092,-0.76404964,-0.72331597,
5.00000000,15.00000000,19.43320656,72.00000000,0.00000000,8.83142344,91.48097238,8.83142344,91.48097238,5.14170394,0.01693964,10.37845274,72.01243347,5.16318464,0.24191987,-0.73455597,-0.73699633,
5.00000000,16.00000000,3.98807406,46.00000000,0.00000000,8.46489187,173.48516747,8.46489187,173.48516747,4.62986125,0.02812105,5.70426776,159.27764488,4.50161562,0.07423381,-0.76138191,-0.78548108,
5.00000000,17.00000000,8.15055346,77.00000000,0.00000000,9.47010415,28.83815797,9.47010415,28.83815797,4.61181886,0.03840325,4.52113352,14.25118368,5.24320700,0.42069287,-0.96397641,-0.88038818,
5.00000000,18.00000000,6.28392625,71.00000000,0.00000000,9.20775509,26.14109706,9.20775509,26.14109706,5.50884868,0.01351233,6.19677304,9.83592282,5.33109162,0.83429939,-0.73707882,-0.78860204,
5.00000000,19.00000000,11.31478858,73.00000000,0.00000000,9.88815831,387.57513377,9.88815831,387.57513377,5.43400376,0.01811572,5.44584010,196.35524586,11.75427559,163.35121392,-0.88720777,-2.13371166,
5.00000000,2.00000000,7.08650875,79.00000000,0.00000000,8.80674029,141.98330492,8.80674029,141.98330492,4.65254958,0.01205812,4.69398872,127.50211679,5.24598208,0.76432203,-0.82842652,-0.75537906,
5.00000000,20.00000000,9.82711363,73.00000000,0.00000000,9.00488597,118.08895679,9.00488597,118.08895679,4.57695361,0.01713523,14.78737728,93.29098320,4.87459447,0.91048562,-0.88215943,-0.84510324,
5.00000000,3.00000000,8.27541494,56.00000000,0.00000000,7.86253012,278.96084242,7.86253012,278.96084242,3.92769808,0.02513923,6.57279863,130.56046121,5.65712113,128.00906482,-0.78193856,-1.63227933,
5.00000000,4.00000000,9.08057618,66.00000000,0.00000000,8.84708988,48.25677923,8.84708988,48.25677923,4.44821921,0.03809621,7.54127716,31.55707120,4.63210652,0.23445620,-0.87215489,-0.85837363,
5.00000000,5.00000000,4.84913969,66.00000000,0.00000000,7.71847929,327.70205805,7.71847929,327.70205805,4.31886070,0.01713435,8.26369998,311.50925710,4.80873939,0.06680553,-0.67649685,-0.61071121,
5.00000000,6.00000000,5.19806719,53.00000000,0.00000000,8.26795874,199.34309447,8.26795874,199.34309447,4.38282655,0.03199713,6.39098894,184.58692544,4.27853875,0.17951591,-0.77062701,-0.78142509,
5.00000000,7.00000000,7.21181059,57.00000000,0.00000000,8.90257146,115.92088962,8.90257146,115.92088962,5.38510359,0.01128560,13.44085072,83.48127668,4.95669294,8.05131935,-0.70123645,-1.19814999,
5.00000000,8.00000000,10.83608103,74.00000000,0.00000000,10.20861431,40.86058629,10.20861431,40.86058629,5.29099406,0.02356834,7.90347153,22.17300116,5.18494402,0.60919557,-0.97881038,-0.99799480,
5.00000000,9.00000000,6.33471680,45.00000000,0.00000000,7.26180862,387.19753703,7.26180862,387.19753703,4.29974237,0.00599206,8.48892997,371.26318178,4.02704862,0.24801666,-0.59121484,-0.63407200,