alpha,seed,kish[0],relkish[0],test_kish[0],test_relkish[0],
inf,1.00000000,0.00001785,1.00000000,0.00003625,1.00000000,
0.00000000,1.00000000,0.02253508,1262.32520375,0.68949170,19018.93917638,alpha,seed,kish[0],relkish[0],test_kish[0],test_relkish[0],
inf,10.00000000,0.00001792,1.00000000,0.00003599,1.00000000,
0.00000000,10.00000000,0.02706331,1510.51161755,0.35694304,9918.01924071,alpha,seed,kish[0],relkish[0],test_kish[0],test_relkish[0],
inf,11.00000000,0.00001792,1.00000000,0.00003596,1.00000000,
0.00000000,11.00000000,1.00000000,55794.00000000,1.00000000,27806.00000000,
0.01000000,1.00000000,0.01570950,879.98352604,0.36981651,10201.01874782,
0.01000000,10.00000000,0.02396336,1337.49108269,0.34981546,9719.97231612,
0.01000000,11.00000000,0.04054396,2262.10984583,0.61758650,17172.61017435,
0.01000000,12.00000000,0.03672437,2055.09559254,0.99987691,27636.59791664,
0.01000000,13.00000000,0.03912064,2180.62383396,0.53777398,14981.84518076,
0.01000000,14.00000000,0.04562093,2538.62244984,0.98279713,27473.11105306,
0.01000000,15.00000000,0.07087152,3920.39980809,0.60169854,17017.83992878,
0.01000000,16.00000000,0.05928587,3285.38557902,0.99999428,28183.83875891,
0.01000000,17.00000000,0.03127898,1751.05965683,0.91598317,25297.62320040,
0.01000000,18.00000000,0.04421763,2445.05833254,0.57095453,16160.29691856,
0.01000000,19.00000000,0.05319303,2964.71346185,0.99992634,27862.94734141,alpha,seed,kish[0],relkish[0],test_kish[0],test_relkish[0],
inf,12.00000000,0.00001787,1.00000000,0.00003618,1.00000000,
0.00000000,12.00000000,1.00000000,55960.00000000,1.00000000,27640.00000000,
0.01000000,2.00000000,0.02020269,1125.97671951,0.48775513,13591.78437795,
0.01000000,20.00000000,0.02660604,1488.31507923,0.89644617,24796.59754213,alpha,seed,kish[0],relkish[0],test_kish[0],test_relkish[0],
inf,13.00000000,0.00001794,1.00000000,0.00003590,1.00000000,
0.00000000,13.00000000,1.00000000,55741.00000000,1.00000000,27859.00000000,
0.01000000,3.00000000,0.03431997,1924.01203699,1.00000000,27539.00000000,alpha,seed,kish[0],relkish[0],test_kish[0],test_relkish[0],
inf,14.00000000,0.00001797,1.00000000,0.00003577,1.00000000,
0.00000000,14.00000000,1.00000000,55646.00000000,1.00000000,27954.00000000,
0.01000000,4.00000000,0.03412626,1904.48414793,0.97209342,27017.39244244,alpha,seed,kish[0],relkish[0],test_kish[0],test_relkish[0],
inf,15.00000000,0.00001808,1.00000000,0.00003536,1.00000000,
0.00000000,15.00000000,1.00000000,55317.00000000,1.00000000,28283.00000000,
0.01000000,5.00000000,0.04625121,2570.45721001,0.42463188,11899.88388455,alpha,seed,kish[0],relkish[0],test_kish[0],test_relkish[0],
inf,16.00000000,0.00001805,1.00000000,0.00003548,1.00000000,
0.00000000,16.00000000,1.00000000,55416.00000000,1.00000000,28184.00000000,
0.01000000,6.00000000,0.04750579,2613.00826249,0.22770114,6511.34181147,alpha,seed,kish[0],relkish[0],test_kish[0],test_relkish[0],
inf,17.00000000,0.00001786,1.00000000,0.00003621,1.00000000,
0.00000000,17.00000000,1.00000000,55982.00000000,1.00000000,27618.00000000,
0.01000000,7.00000000,0.07092677,3935.37179722,0.98492081,27691.04849834,alpha,seed,kish[0],relkish[0],test_kish[0],test_relkish[0],
inf,18.00000000,0.00001808,1.00000000,0.00003533,1.00000000,
0.00000000,18.00000000,1.00000000,55296.00000000,1.00000000,28304.00000000,
0.01000000,8.00000000,0.06135541,3417.31233002,0.82668990,23067.12818962,alpha,seed,kish[0],relkish[0],test_kish[0],test_relkish[0],
inf,19.00000000,0.00001794,1.00000000,0.00003589,1.00000000,
0.00000000,19.00000000,1.00000000,55735.00000000,1.00000000,27865.00000000,
0.01000000,9.00000000,0.05038074,2806.96312290,0.59146373,16492.96618560,alpha,seed,kish[0],relkish[0],test_kish[0],test_relkish[0],
inf,2.00000000,0.00001794,1.00000000,0.00003589,1.00000000,
0.00000000,2.00000000,1.00000000,55734.00000000,1.00000000,27866.00000000,alpha,seed,kish[0],relkish[0],test_kish[0],test_relkish[0],
inf,20.00000000,0.00001788,1.00000000,0.00003615,1.00000000,
0.00000000,20.00000000,1.00000000,55939.00000000,1.00000000,27661.00000000,alpha,seed,kish[0],relkish[0],test_kish[0],test_relkish[0],
inf,3.00000000,0.00001784,1.00000000,0.00003631,1.00000000,
0.00000000,3.00000000,1.00000000,56061.00000000,1.00000000,27539.00000000,alpha,seed,kish[0],relkish[0],test_kish[0],test_relkish[0],
inf,4.00000000,0.00001792,1.00000000,0.00003598,1.00000000,
0.00000000,4.00000000,1.00000000,55807.00000000,1.00000000,27793.00000000,alpha,seed,kish[0],relkish[0],test_kish[0],test_relkish[0],
inf,5.00000000,0.00001799,1.00000000,0.00003568,1.00000000,
0.00000000,5.00000000,1.00000000,55576.00000000,1.00000000,28024.00000000,alpha,seed,kish[0],relkish[0],test_kish[0],test_relkish[0],
inf,6.00000000,0.00001818,1.00000000,0.00003497,1.00000000,
0.00000000,6.00000000,1.00000000,55004.00000000,1.00000000,28596.00000000,alpha,seed,kish[0],relkish[0],test_kish[0],test_relkish[0],
inf,7.00000000,0.00001802,1.00000000,0.00003557,1.00000000,
0.00000000,7.00000000,1.00000000,55485.00000000,1.00000000,28115.00000000,alpha,seed,kish[0],relkish[0],test_kish[0],test_relkish[0],
inf,8.00000000,0.00001795,1.00000000,0.00003584,1.00000000,
0.00000000,8.00000000,1.00000000,55697.00000000,1.00000000,27903.00000000,alpha,seed,kish[0],relkish[0],test_kish[0],test_relkish[0],
inf,9.00000000,0.00001795,1.00000000,0.00003586,1.00000000,
0.00000000,9.00000000,1.00000000,55715.00000000,1.00000000,27885.00000000,
0.10000000,1.00000000,0.00768392,430.42221803,0.17085317,4712.81375750,
0.10000000,10.00000000,0.01317293,735.23416404,0.30445155,8459.49067083,
0.10000000,11.00000000,0.01551820,865.82230552,0.04293417,1193.82740912,
0.10000000,12.00000000,0.01167173,653.15010995,0.30806161,8514.82288699,
0.10000000,13.00000000,0.01225268,682.97679463,0.05472709,1524.64188964,
0.10000000,14.00000000,0.01193729,664.26246339,0.06174536,1726.02976290,
0.10000000,15.00000000,0.02342417,1295.75453686,0.26945374,7620.96009827,
0.10000000,16.00000000,0.01480984,820.70212551,0.34123299,9617.31062550,
0.10000000,17.00000000,0.01028178,575.59439011,0.55666446,15373.95908733,
0.10000000,18.00000000,0.02412396,1333.95874042,0.18338089,5190.41283809,
0.10000000,19.00000000,0.02667256,1486.59509819,0.99952738,27851.83043666,
0.10000000,2.00000000,0.01031627,574.96710797,0.27431139,7643.96121070,
0.10000000,20.00000000,0.01263087,706.55827876,0.70316121,19450.14215552,
0.10000000,3.00000000,0.00864463,484.62679097,0.99998178,27538.49821378,
0.10000000,4.00000000,0.01047409,584.52730493,0.17240581,4791.67468499,
0.10000000,5.00000000,0.02054882,1142.02111799,0.34444042,9652.59829852,
0.10000000,6.00000000,0.01215496,668.57118959,0.03661067,1046.91874253,
0.10000000,7.00000000,0.02984286,1655.83114065,0.29278326,8231.60142583,
0.10000000,8.00000000,0.02111195,1175.87251518,0.28880391,8058.49557915,
0.10000000,9.00000000,0.01330578,741.33141145,0.07003148,1952.82786831,
1000000.00000000,1.00000000,0.00001785,1.00000880,0.00003625,1.00000866,
1000000.00000000,10.00000000,0.00001792,1.00000247,0.00003599,1.00000245,
1000000.00000000,11.00000000,0.00001792,1.00000888,0.00003596,1.00000880,
1000000.00000000,12.00000000,0.00001787,1.00000461,0.00003618,1.00000468,
1000000.00000000,13.00000000,0.00001794,1.00000614,0.00003590,1.00000632,
1000000.00000000,14.00000000,0.00001797,1.00000741,0.00003577,1.00000745,
1000000.00000000,15.00000000,0.00001808,1.00000785,0.00003536,1.00000788,
1000000.00000000,16.00000000,0.00001805,1.00000272,0.00003548,1.00000265,
1000000.00000000,17.00000000,0.00001786,1.00000548,0.00003621,1.00000548,
1000000.00000000,18.00000000,0.00001808,1.00000754,0.00003533,1.00000764,
1000000.00000000,19.00000000,0.00001794,1.00000495,0.00003589,1.00000494,
1000000.00000000,2.00000000,0.00001794,1.00000642,0.00003589,1.00000647,
1000000.00000000,20.00000000,0.00001788,1.00000777,0.00003615,1.00000773,
1000000.00000000,3.00000000,0.00001784,1.00000734,0.00003631,1.00000755,
1000000.00000000,4.00000000,0.00001792,1.00000353,0.00003598,1.00000347,
1000000.00000000,5.00000000,0.00001799,1.00000199,0.00003568,1.00000195,
1000000.00000000,6.00000000,0.00001818,1.00000192,0.00003497,1.00000193,
1000000.00000000,7.00000000,0.00001802,1.00000290,0.00003557,1.00000283,
1000000.00000000,8.00000000,0.00001795,1.00000534,0.00003584,1.00000538,
1000000.00000000,9.00000000,0.00001795,1.00000202,0.00003586,1.00000207,
100000.00000000,1.00000000,0.00001787,1.00073726,0.00003628,1.00072498,
100000.00000000,10.00000000,0.00001792,1.00021789,0.00003600,1.00021590,
100000.00000000,11.00000000,0.00001794,1.00072329,0.00003599,1.00071836,
100000.00000000,12.00000000,0.00001788,1.00039345,0.00003619,1.00039824,
100000.00000000,13.00000000,0.00001795,1.00051692,0.00003591,1.00053104,
100000.00000000,14.00000000,0.00001798,1.00061266,0.00003580,1.00061675,
100000.00000000,15.00000000,0.00001809,1.00066006,0.00003538,1.00066339,
100000.00000000,16.00000000,0.00001805,1.00024018,0.00003549,1.00023472,
100000.00000000,17.00000000,0.00001787,1.00049207,0.00003623,1.00049272,
100000.00000000,18.00000000,0.00001810,1.00062443,0.00003535,1.00063323,
100000.00000000,19.00000000,0.00001795,1.00045071,0.00003590,1.00044985,
100000.00000000,2.00000000,0.00001795,1.00053263,0.00003591,1.00053756,
100000.00000000,20.00000000,0.00001789,1.00064767,0.00003618,1.00064534,
100000.00000000,3.00000000,0.00001785,1.00060878,0.00003633,1.00062560,
100000.00000000,4.00000000,0.00001792,1.00031056,0.00003599,1.00030475,
100000.00000000,5.00000000,0.00001800,1.00018290,0.00003569,1.00017854,
100000.00000000,6.00000000,0.00001818,1.00017738,0.00003498,1.00017819,
100000.00000000,7.00000000,0.00001803,1.00024198,0.00003558,1.00023665,
100000.00000000,8.00000000,0.00001796,1.00046639,0.00003586,1.00046961,
100000.00000000,9.00000000,0.00001795,1.00018121,0.00003587,1.00018503,
10000.00000000,1.00000000,0.00001827,1.02362044,0.00003710,1.02324705,
10000.00000000,10.00000000,0.00001807,1.00866972,0.00003630,1.00860549,
10000.00000000,11.00000000,0.00001834,1.02304099,0.00003680,1.02315053,
10000.00000000,12.00000000,0.00001813,1.01433632,0.00003670,1.01433701,
10000.00000000,13.00000000,0.00001828,1.01883389,0.00003658,1.01917491,
10000.00000000,14.00000000,0.00001829,1.01767597,0.00003641,1.01788902,
10000.00000000,15.00000000,0.00001842,1.01897090,0.00003603,1.01915240,
10000.00000000,16.00000000,0.00001822,1.00986510,0.00003583,1.00970064,
10000.00000000,17.00000000,0.00001818,1.01757072,0.00003685,1.01763873,
10000.00000000,18.00000000,0.00001846,1.02093319,0.00003608,1.02120665,
10000.00000000,19.00000000,0.00001825,1.01725694,0.00003650,1.01714061,
10000.00000000,2.00000000,0.00001828,1.01886232,0.00003657,1.01909709,
10000.00000000,20.00000000,0.00001821,1.01850690,0.00003682,1.01843019,
10000.00000000,3.00000000,0.00001817,1.01873666,0.00003701,1.01918268,
10000.00000000,4.00000000,0.00001816,1.01318277,0.00003645,1.01301000,
10000.00000000,5.00000000,0.00001815,1.00852008,0.00003598,1.00826204,
10000.00000000,6.00000000,0.00001834,1.00853720,0.00003527,1.00858049,
10000.00000000,7.00000000,0.00001820,1.01007885,0.00003592,1.00990534,
10000.00000000,8.00000000,0.00001825,1.01666682,0.00003644,1.01682844,
10000.00000000,9.00000000,0.00001810,1.00817823,0.00003616,1.00834013,
1000.00000000,1.00000000,0.00002025,1.13439139,0.00004107,1.13296634,
1000.00000000,10.00000000,0.00001902,1.06165389,0.00003820,1.06144765,
1000.00000000,11.00000000,0.00002046,1.14143081,0.00004111,1.14312065,
1000.00000000,12.00000000,0.00001987,1.11197634,0.00004018,1.11059073,
1000.00000000,13.00000000,0.00002009,1.11968976,0.00004020,1.11985302,
1000.00000000,14.00000000,0.00001985,1.10446112,0.00003955,1.10546201,
1000.00000000,15.00000000,0.00001984,1.09733305,0.00003882,1.09796592,
1000.00000000,16.00000000,0.00001959,1.08579910,0.00003853,1.08580938,
1000.00000000,17.00000000,0.00001987,1.11261240,0.00004031,1.11336376,
1000.00000000,18.00000000,0.00002059,1.13875572,0.00004028,1.14001585,
1000.00000000,19.00000000,0.00002036,1.13462700,0.00004065,1.13274076,
1000.00000000,2.00000000,0.00001997,1.11305227,0.00004002,1.11526724,
1000.00000000,20.00000000,0.00001992,1.11454323,0.00004030,1.11483652,
1000.00000000,3.00000000,0.00002007,1.12530262,0.00004091,1.12673801,
1000.00000000,4.00000000,0.00001995,1.11360371,0.00004004,1.11269615,
1000.00000000,5.00000000,0.00001953,1.08523622,0.00003864,1.08274785,
1000.00000000,6.00000000,0.00001975,1.08638534,0.00003800,1.08663056,
1000.00000000,7.00000000,0.00001959,1.08681107,0.00003861,1.08564435,
1000.00000000,8.00000000,0.00001993,1.10990036,0.00003981,1.11083281,
1000.00000000,9.00000000,0.00001901,1.05897394,0.00003802,1.06020226,
100.00000000,1.00000000,0.00002383,1.33479598,0.00004837,1.33413986,
100.00000000,10.00000000,0.00002136,1.19202995,0.00004284,1.19043699,
100.00000000,11.00000000,0.00002528,1.41068672,0.00005073,1.41052329,
100.00000000,12.00000000,0.00002488,1.39235771,0.00005026,1.38905790,
100.00000000,13.00000000,0.00002554,1.42343996,0.00005102,1.42125251,
100.00000000,14.00000000,0.00002471,1.37506354,0.00004914,1.37373896,
100.00000000,15.00000000,0.00002316,1.28130592,0.00004525,1.27987176,
100.00000000,16.00000000,0.00002410,1.33568167,0.00004743,1.33664973,
100.00000000,17.00000000,0.00002524,1.41295247,0.00005123,1.41488743,
100.00000000,18.00000000,0.00002511,1.38841499,0.00004926,1.39420121,
100.00000000,19.00000000,0.00002652,1.47789778,0.00005287,1.47309472,
100.00000000,2.00000000,0.00002355,1.31270302,0.00004738,1.32040717,
100.00000000,20.00000000,0.00002543,1.42244491,0.00005147,1.42365105,
100.00000000,3.00000000,0.00002592,1.45282764,0.00005272,1.45186482,
100.00000000,4.00000000,0.00002572,1.43547994,0.00005159,1.43391666,
100.00000000,5.00000000,0.00002425,1.34771065,0.00004795,1.34380469,
100.00000000,6.00000000,0.00002433,1.33833758,0.00004680,1.33818215,
100.00000000,7.00000000,0.00002285,1.26804505,0.00004496,1.26397901,
100.00000000,8.00000000,0.00002526,1.40702590,0.00005048,1.40846278,
100.00000000,9.00000000,0.00002010,1.12009584,0.00004026,1.12274082,
10.00000000,1.00000000,0.00004949,2.77242404,0.00007878,2.17317632,
10.00000000,10.00000000,0.00004803,2.68088333,0.00008795,2.44387032,
10.00000000,11.00000000,0.00005621,3.13611531,0.00010294,2.86236366,
10.00000000,12.00000000,0.00007400,4.14124256,0.00007549,2.08648670,
10.00000000,13.00000000,0.00005103,2.84456839,0.00009359,2.60720981,
10.00000000,14.00000000,0.00004452,2.47725844,0.00008195,2.29088044,
10.00000000,15.00000000,0.00004109,2.27283488,0.00007937,2.24493523,
10.00000000,16.00000000,0.00004147,2.29837124,0.00008331,2.34811837,
10.00000000,17.00000000,0.00005795,3.24437785,0.00009960,2.75077012,
10.00000000,18.00000000,0.00004341,2.40036902,0.00008839,2.50166649,
10.00000000,19.00000000,0.00005016,2.79557410,0.00018232,5.08024123,
10.00000000,2.00000000,0.00004924,2.74461519,0.00008970,2.49948638,
10.00000000,20.00000000,0.00005396,3.01823045,0.00009703,2.68381030,
10.00000000,3.00000000,0.00004417,2.47625299,0.00012740,3.50849899,
10.00000000,4.00000000,0.00005154,2.87612945,0.00010584,2.94164144,
10.00000000,5.00000000,0.00004244,2.35862622,0.00007278,2.03948429,
10.00000000,6.00000000,0.00004351,2.39323212,0.00008456,2.41801702,
10.00000000,7.00000000,0.00003999,2.21875335,0.00009576,2.69220772,
10.00000000,8.00000000,0.00005435,3.02702301,0.00010747,2.99884613,
10.00000000,9.00000000,0.00003305,1.84118097,0.00006807,1.89821170,
1.00000000,1.00000000,0.00303043,169.75235336,0.03102315,855.74259167,
1.00000000,10.00000000,0.00300389,167.65939446,0.02415561,671.18775909,
1.00000000,11.00000000,0.00274762,153.30068477,0.00604128,167.98395209,
1.00000000,12.00000000,0.00484991,271.40123175,0.00293731,81.18730886,
1.00000000,13.00000000,0.00272244,151.75131117,0.00188350,52.47248290,
1.00000000,14.00000000,0.00167820,93.38499648,0.00090130,25.19484903,
1.00000000,15.00000000,0.00274471,151.82889769,0.02136241,604.19292568,
1.00000000,16.00000000,0.00259902,144.02713961,0.00209486,59.04142864,
1.00000000,17.00000000,0.00268565,150.34790824,0.00444558,122.77792212,
1.00000000,18.00000000,0.00289080,159.84977056,0.02206115,624.41873418,
1.00000000,19.00000000,0.00248638,138.57835816,0.98491383,27444.62380421,
1.00000000,2.00000000,0.00344120,191.79182470,0.03535844,985.29816115,
1.00000000,20.00000000,0.00368040,205.87778269,0.02763204,764.32991652,
1.00000000,3.00000000,0.00113934,63.87253878,0.98460747,27115.10523362,
1.00000000,4.00000000,0.00224098,125.06254604,0.00636988,177.03817124,
1.00000000,5.00000000,0.00400859,222.78134709,0.01212828,339.88289677,
1.00000000,6.00000000,0.00173939,95.67334746,0.00452503,129.39787523,
1.00000000,7.00000000,0.00236934,131.46283870,0.73309163,20610.87113127,
1.00000000,8.00000000,0.00317102,176.61634238,0.01698851,474.03049772,
1.00000000,9.00000000,0.00116249,64.76801866,0.03458632,964.43963216,
20.00000000,1.00000000,0.00003015,1.68913116,0.00006062,1.67220668,
20.00000000,10.00000000,0.00002854,1.59301577,0.00005753,1.59843316,
20.00000000,11.00000000,0.00003569,1.99152528,0.00007027,1.95380147,
20.00000000,12.00000000,0.00003108,1.73924704,0.00006180,1.70806573,
20.00000000,13.00000000,0.00003516,1.95961460,0.00007011,1.95322832,
20.00000000,14.00000000,0.00003319,1.84670890,0.00006445,1.80154598,
20.00000000,15.00000000,0.00002963,1.63915727,0.00005808,1.64275349,
20.00000000,16.00000000,0.00003147,1.74402354,0.00006238,1.75798852,
20.00000000,17.00000000,0.00003603,2.01696295,0.00007194,1.98694664,
20.00000000,18.00000000,0.00003068,1.69648365,0.00006084,1.72200436,
20.00000000,19.00000000,0.00003686,2.05425628,0.00007411,2.06495830,
20.00000000,2.00000000,0.00003126,1.74213709,0.00006308,1.75789731,
20.00000000,20.00000000,0.00003415,1.91029462,0.00006759,1.86972880,
20.00000000,3.00000000,0.00003435,1.92586280,0.00006958,1.91614059,
20.00000000,4.00000000,0.00003462,1.93230215,0.00006965,1.93585129,
20.00000000,5.00000000,0.00003009,1.67209897,0.00005924,1.66001399,
20.00000000,6.00000000,0.00003239,1.78166544,0.00006285,1.79731205,
20.00000000,7.00000000,0.00002817,1.56279811,0.00005528,1.55409122,
20.00000000,8.00000000,0.00003565,1.98542554,0.00007166,1.99949004,
20.00000000,9.00000000,0.00002465,1.37357453,0.00004962,1.38351826,
2.00000000,1.00000000,0.00180492,101.10452274,0.00610685,168.45146066,
2.00000000,10.00000000,0.00161825,90.32086599,0.00307609,85.47231167,
2.00000000,11.00000000,0.00114853,64.08086246,0.00158544,44.08468995,
2.00000000,12.00000000,0.00274313,153.50579924,0.00119043,32.90352200,
2.00000000,13.00000000,0.00114997,64.10034822,0.00065727,18.31100688,
2.00000000,14.00000000,0.00050966,28.36028990,0.00037038,10.35355521,
2.00000000,15.00000000,0.00112283,62.11146657,0.00319120,90.25674813,
2.00000000,16.00000000,0.00081147,44.96826517,0.00099005,27.90343666,
2.00000000,17.00000000,0.00138743,77.67134615,0.00098415,27.18031032,
2.00000000,18.00000000,0.00113917,62.99160260,0.01155153,326.95457964,
2.00000000,19.00000000,0.00083874,46.74701655,0.86023424,23970.42706697,
2.00000000,2.00000000,0.00176431,98.33206447,0.00379706,105.80893646,
2.00000000,20.00000000,0.00160062,89.53734386,0.00275253,76.13783186,
2.00000000,3.00000000,0.00034887,19.55807567,0.83270146,22931.76545826,
2.00000000,4.00000000,0.00107496,59.99021102,0.00238613,66.31774742,
2.00000000,5.00000000,0.00154118,85.65268377,0.00251744,70.54885862,
2.00000000,6.00000000,0.00055402,30.47315128,0.00111518,31.88967449,
2.00000000,7.00000000,0.00080748,44.80283363,0.43832171,12323.41481533,
2.00000000,8.00000000,0.00151395,84.32272699,0.00384371,107.25100309,
2.00000000,9.00000000,0.00037285,20.77311910,0.00792058,220.86535041,
50.00000000,1.00000000,0.00002549,1.42806368,0.00005172,1.42663535,
50.00000000,10.00000000,0.00002290,1.27813965,0.00004595,1.27673476,
50.00000000,11.00000000,0.00002778,1.54985987,0.00005556,1.54497672,
50.00000000,12.00000000,0.00002692,1.50636121,0.00005436,1.50245030,
50.00000000,13.00000000,0.00002856,1.59212783,0.00005707,1.58978222,
50.00000000,14.00000000,0.00002722,1.51461772,0.00005398,1.50888101,
50.00000000,15.00000000,0.00002505,1.38547293,0.00004895,1.38443395,
50.00000000,16.00000000,0.00002638,1.46174747,0.00005196,1.46448518,
50.00000000,17.00000000,0.00002831,1.58504868,0.00005743,1.58600977,
50.00000000,18.00000000,0.00002676,1.47958883,0.00005256,1.48777429,
50.00000000,19.00000000,0.00002965,1.65280734,0.00005903,1.64491433,
50.00000000,2.00000000,0.00002558,1.42561847,0.00005149,1.43471968,
50.00000000,20.00000000,0.00002796,1.56428627,0.00005646,1.56178245,
50.00000000,3.00000000,0.00002864,1.60536356,0.00005813,1.60084218,
50.00000000,4.00000000,0.00002842,1.58578353,0.00005694,1.58254779,
50.00000000,5.00000000,0.00002630,1.46162553,0.00005200,1.45722747,
50.00000000,6.00000000,0.00002672,1.46983128,0.00005150,1.47273732,
50.00000000,7.00000000,0.00002419,1.34213751,0.00004754,1.33663698,
50.00000000,8.00000000,0.00002834,1.57833861,0.00005668,1.58168062,
50.00000000,9.00000000,0.00002096,1.16802140,0.00004201,1.17153691,
5.00000000,1.00000000,0.00038482,21.55598785,0.00019061,5.25785961,
5.00000000,10.00000000,0.00027581,15.39395877,0.00024028,6.67638495,
5.00000000,11.00000000,0.00020537,11.45845689,0.00023578,6.55608643,
5.00000000,12.00000000,0.00073159,40.93970917,0.00014447,3.99315576,
5.00000000,13.00000000,0.00019814,11.04462003,0.00016789,4.67726340,
5.00000000,14.00000000,0.00008192,4.55857782,0.00012821,3.58399272,
5.00000000,15.00000000,0.00016149,8.93329230,0.00022273,6.29954777,
5.00000000,16.00000000,0.00008678,4.80915769,0.00017237,4.85802649,
5.00000000,17.00000000,0.00027758,15.53975013,0.00019721,5.44642771,
5.00000000,18.00000000,0.00016520,9.13485466,0.00049223,13.93211437,
5.00000000,19.00000000,0.00011539,6.43102259,0.03456181,963.06470684,
5.00000000,2.00000000,0.00031680,17.65675227,0.00020137,5.61148992,
5.00000000,20.00000000,0.00025460,14.24194207,0.00026949,7.45424302,
5.00000000,3.00000000,0.00007747,4.34295030,0.01814210,499.61528445,
5.00000000,4.00000000,0.00019652,10.96734889,0.00033585,9.33438437,
5.00000000,5.00000000,0.00022954,12.75705299,0.00016258,4.55609516,
5.00000000,6.00000000,0.00008544,4.69976159,0.00015654,4.47642614,
5.00000000,7.00000000,0.00011121,6.17039724,0.00554616,155.93024808,
5.00000000,8.00000000,0.00024943,13.89226696,0.00034577,9.64790226,
5.00000000,9.00000000,0.00006300,3.51003864,0.00020510,5.71911328,