alpha,beta,seed,sin alpha,cos alpha,sin zeta,cos zeta,
inf,0.01000000,1.00000000,20.37230314,27.53845225,15.28968673,-52.62663556,
inf,0.01000000,10.00000000,1.71454578,3.87944921,4.93873133,-18.86159418,
inf,0.01000000,11.00000000,2.54615872,3.60665072,-0.22760942,-4.42589587,
inf,0.01000000,12.00000000,2.95510312,1.76821603,-1.70149859,-7.05148792,
inf,0.01000000,13.00000000,1.93982975,1.67304310,-0.48541789,-3.38507177,
inf,0.01000000,14.00000000,2.72863125,5.04883631,-0.53428684,-8.30937997,
inf,0.01000000,15.00000000,3.14935924,4.66219530,0.10176875,-5.67787897,
inf,0.01000000,16.00000000,2.50649030,-2.65376533,-0.58571424,-1.77442643,
inf,0.01000000,17.00000000,1.57065610,1.02060060,-0.24305838,-2.85116368,
inf,0.01000000,18.00000000,0.59967962,2.31555034,0.69921754,-5.42255174,
inf,0.01000000,19.00000000,2.57729405,1.67677987,-1.17092468,-6.24870538,
inf,0.01000000,2.00000000,1.66980360,0.93496546,-0.74347907,-3.55910605,
inf,0.01000000,20.00000000,1.30300073,2.79514016,0.43772670,-2.78356227,
inf,0.01000000,3.00000000,1.58845228,2.68580481,-0.44932709,-5.27758149,
inf,0.01000000,4.00000000,3.29961396,2.89820722,-0.47364279,-5.20909535,
inf,0.01000000,5.00000000,1.13822467,1.53994343,0.53224416,-2.64118522,
inf,0.01000000,6.00000000,2.28194073,4.06898554,0.05089813,-8.20328384,
inf,0.01000000,7.00000000,16.34469412,21.82850891,7.94905665,-27.30251836,
inf,0.01000000,8.00000000,2.05400435,1.60698307,-0.50800220,-3.86587757,
inf,0.01000000,9.00000000,4.49084723,2.94645073,-2.94205047,-10.05188000,
inf,0.10000000,1.00000000,27.12325861,35.38398737,19.57963235,-70.35695059,
inf,0.10000000,10.00000000,1.67008400,3.67376326,4.86540654,-18.64804089,
inf,0.10000000,11.00000000,2.54552999,3.60592016,-0.22756616,-4.42489896,
inf,0.10000000,12.00000000,2.95340104,1.76811779,-1.69970884,-7.04639476,
inf,0.10000000,13.00000000,1.93967206,1.67298254,-0.48527927,-3.38473630,
inf,0.10000000,14.00000000,2.65759328,4.89813396,-0.52916538,-7.95550012,
inf,0.10000000,15.00000000,3.13230930,4.66901509,0.11231327,-5.64885228,
inf,0.10000000,16.00000000,2.48742805,-2.67075419,-0.57611267,-1.63754703,
inf,0.10000000,17.00000000,1.56984905,1.02048033,-0.24215955,-2.85076569,
inf,0.10000000,18.00000000,0.59783627,2.31823503,0.70152576,-5.42534903,
inf,0.10000000,19.00000000,2.57368288,1.67570437,-1.16930859,-6.24276875,
inf,0.10000000,2.00000000,1.66974599,0.93450312,-0.74347872,-3.55926173,
inf,0.10000000,20.00000000,1.30283526,2.79387873,0.43784110,-2.78321799,
inf,0.10000000,3.00000000,1.56556433,2.67532207,-0.42936359,-5.23061778,
inf,0.10000000,4.00000000,3.31403433,2.26888164,-0.81736944,-5.31678901,
inf,0.10000000,5.00000000,1.13876475,1.53728510,0.53102596,-2.63620717,
inf,0.10000000,6.00000000,2.28045672,4.06820606,0.05140029,-8.19526422,
inf,0.10000000,7.00000000,10.91993661,13.40167631,4.51062050,-16.10213135,
inf,0.10000000,8.00000000,2.00539588,1.68473863,-0.44731439,-3.97297982,
inf,0.10000000,9.00000000,4.53567322,2.93572538,-2.97517621,-10.11279768,
inf,1000000.00000000,1.00000000,0.00808753,0.00136088,-0.00117043,0.00923778,
inf,1000000.00000000,10.00000000,0.00376945,0.00291274,0.00034038,0.00454706,
inf,1000000.00000000,11.00000000,0.00978319,0.00394931,0.00012629,0.00593516,
inf,1000000.00000000,12.00000000,0.00910517,0.00535826,0.00034569,0.00564842,
inf,1000000.00000000,13.00000000,0.01131050,0.00177835,-0.00071656,0.00763607,
inf,1000000.00000000,14.00000000,0.01087992,0.00454161,0.00005301,0.00936988,
inf,1000000.00000000,15.00000000,0.00712388,0.00214586,-0.00058388,0.00871408,
inf,1000000.00000000,16.00000000,0.00171397,0.00352295,0.00100036,0.00365167,
inf,1000000.00000000,17.00000000,0.00782135,0.00545074,0.00109986,0.00513477,
inf,1000000.00000000,18.00000000,0.00846311,0.00217350,-0.00012741,0.00388440,
inf,1000000.00000000,19.00000000,0.00589998,0.00430767,0.00024662,0.00777269,
inf,1000000.00000000,2.00000000,0.00633477,0.00353210,0.00071643,0.00229562,
inf,1000000.00000000,20.00000000,0.00897921,0.00318089,-0.00120483,0.01150224,
inf,1000000.00000000,3.00000000,0.00960937,0.00084967,-0.00137393,0.01142249,
inf,1000000.00000000,4.00000000,0.00831966,0.00471401,0.00079427,0.00469203,
inf,1000000.00000000,5.00000000,0.00898168,0.00338985,-0.00101758,0.01129483,
inf,1000000.00000000,6.00000000,0.00956235,0.00438818,0.00046432,0.00664802,
inf,1000000.00000000,7.00000000,0.00854909,0.00533639,0.00062291,0.00540181,
inf,1000000.00000000,8.00000000,0.00567420,0.00342472,0.00024262,0.00693715,
inf,1000000.00000000,9.00000000,0.00508606,0.00408802,0.00098634,0.00083254,
inf,100000.00000000,1.00000000,0.07877833,0.01290233,-0.01211126,0.08600882,
inf,100000.00000000,10.00000000,0.03693769,0.02669982,0.00277637,0.04215017,
inf,100000.00000000,11.00000000,0.09566907,0.03480651,-0.00153583,0.05283646,
inf,100000.00000000,12.00000000,0.08860625,0.04807971,0.00124505,0.05109730,
inf,100000.00000000,13.00000000,0.11003921,0.01697666,-0.00892694,0.06955720,
inf,100000.00000000,14.00000000,0.10673176,0.03945075,-0.00215186,0.08400086,
inf,100000.00000000,15.00000000,0.06911606,0.01889984,-0.00626028,0.07991096,
inf,100000.00000000,16.00000000,0.01678306,0.03298422,0.00944601,0.03452047,
inf,100000.00000000,17.00000000,0.07709192,0.04845928,0.00895212,0.04711782,
inf,100000.00000000,18.00000000,0.08308223,0.01970481,-0.00291237,0.03491480,
inf,100000.00000000,19.00000000,0.05751204,0.03921982,0.00174885,0.07183798,
inf,100000.00000000,2.00000000,0.06347599,0.03256974,0.00511298,0.02193047,
inf,100000.00000000,20.00000000,0.08681688,0.02866466,-0.01243187,0.10540368,
inf,100000.00000000,3.00000000,0.09289685,0.00824524,-0.01360611,0.10532446,
inf,100000.00000000,4.00000000,0.08167656,0.04249842,0.00558919,0.04201876,
inf,100000.00000000,5.00000000,0.08662513,0.02950256,-0.01003054,0.10243576,
inf,100000.00000000,6.00000000,0.09341337,0.03893665,0.00269344,0.05977974,
inf,100000.00000000,7.00000000,0.08386218,0.04676925,0.00378288,0.04849111,
inf,100000.00000000,8.00000000,0.05526410,0.03104830,0.00216532,0.06427557,
inf,100000.00000000,9.00000000,0.05006723,0.03709923,0.00803442,0.00672130,
inf,10000.00000000,1.00000000,0.50457634,0.07790142,-0.11135152,0.36867906,
inf,10000.00000000,10.00000000,0.29278676,0.13481487,-0.01385111,0.20497814,
inf,10000.00000000,11.00000000,0.57104693,0.14039405,-0.09014914,0.14283168,
inf,10000.00000000,12.00000000,0.51882626,0.22993080,-0.05845197,0.17352298,
inf,10000.00000000,13.00000000,0.60520659,0.09502243,-0.11355668,0.21443332,
inf,10000.00000000,14.00000000,0.59533923,0.13290371,-0.07855428,0.22395575,
inf,10000.00000000,15.00000000,0.44613381,0.08099721,-0.06730987,0.33150524,
inf,10000.00000000,16.00000000,0.13498495,0.19499941,0.06304802,0.21709139,
inf,10000.00000000,17.00000000,0.47261234,0.17146309,0.00662860,0.16525775,
inf,10000.00000000,18.00000000,0.52957678,0.08289782,-0.08946304,0.09480310,
inf,10000.00000000,19.00000000,0.38624792,0.18249471,-0.02178755,0.31893110,
inf,10000.00000000,2.00000000,0.46395515,0.17020646,-0.05090356,0.09010057,
inf,10000.00000000,20.00000000,0.51034139,0.12543307,-0.10473397,0.42279700,
inf,10000.00000000,3.00000000,0.52772887,0.05742342,-0.09517461,0.40619702,
inf,10000.00000000,4.00000000,0.50730827,0.18892934,-0.04273319,0.11796111,
inf,10000.00000000,5.00000000,0.50377787,0.08398629,-0.06172618,0.36754308,
inf,10000.00000000,6.00000000,0.53573144,0.15216742,-0.04075630,0.18000533,
inf,10000.00000000,7.00000000,0.52378725,0.18259880,-0.05771989,0.14069917,
inf,10000.00000000,8.00000000,0.37907610,0.12041769,-0.00055011,0.27917405,
inf,10000.00000000,9.00000000,0.37647163,0.17738470,-0.02269940,-0.00123672,
inf,1000.00000000,1.00000000,1.20856696,0.41023620,-0.37177423,-0.34378188,
inf,1000.00000000,10.00000000,0.91878194,0.31826838,-0.18472090,-0.88955692,
inf,1000.00000000,11.00000000,1.26338103,0.49440032,-0.36523347,-1.06380525,
inf,1000.00000000,12.00000000,1.14825064,0.68472052,-0.30853855,-0.67120884,
inf,1000.00000000,13.00000000,1.37340972,0.41436179,-0.53108895,-0.37764588,
inf,1000.00000000,14.00000000,1.13733244,0.56289623,-0.15412360,-0.79973782,
inf,1000.00000000,15.00000000,1.05193925,0.49319914,-0.19398663,-0.73171545,
inf,1000.00000000,16.00000000,0.47287176,0.21986721,0.18428850,0.26835269,
inf,1000.00000000,17.00000000,1.04359885,0.14351846,-0.07785650,-0.19846116,
inf,1000.00000000,18.00000000,1.28795721,0.22142520,-0.47939191,-1.28360806,
inf,1000.00000000,19.00000000,1.08842866,0.41764893,-0.26863910,-0.73003622,
inf,1000.00000000,2.00000000,1.26150474,0.46769734,-0.45906458,-0.85843183,
inf,1000.00000000,20.00000000,1.14036179,0.34742435,-0.38326430,0.24810371,
inf,1000.00000000,3.00000000,1.14153491,0.53673712,-0.24753627,-0.33251343,
inf,1000.00000000,4.00000000,1.21312483,0.58853472,-0.32447934,-1.34053059,
inf,1000.00000000,5.00000000,1.10840019,-0.00808602,-0.14565362,-0.15903025,
inf,1000.00000000,6.00000000,1.04786333,0.49531798,-0.11918637,-0.72227343,
inf,1000.00000000,7.00000000,1.19234040,0.53964957,-0.29986034,-1.04840411,
inf,1000.00000000,8.00000000,1.05842593,-0.00342037,-0.15746432,-0.22566714,
inf,1000.00000000,9.00000000,1.10834924,0.34039397,-0.40566796,-0.59262409,
inf,100.00000000,1.00000000,1.28433241,2.32144539,0.59897109,-3.43700893,
inf,100.00000000,10.00000000,-1.64919340,-1.11967600,4.16484036,-6.87492744,
inf,100.00000000,11.00000000,1.35202598,1.44860549,-0.29069306,-3.06656804,
inf,100.00000000,12.00000000,1.64987519,1.27464496,-0.84651850,-4.45678715,
inf,100.00000000,13.00000000,1.65245099,1.15861082,-0.57809536,-3.07434680,
inf,100.00000000,14.00000000,1.86942926,3.41186850,-0.27610600,-5.33694404,
inf,100.00000000,15.00000000,0.99862732,1.60777178,0.11426621,-3.03884465,
inf,100.00000000,16.00000000,0.96843981,-0.33313971,0.08340532,-0.58052186,
inf,100.00000000,17.00000000,1.43642379,0.95295898,-0.19069856,-1.92704575,
inf,100.00000000,18.00000000,0.89156983,1.71374353,0.13728805,-4.89612796,
inf,100.00000000,19.00000000,1.42757439,1.22204929,-0.52043163,-4.40021015,
inf,100.00000000,2.00000000,1.55591928,0.92135296,-0.66375639,-3.32351168,
inf,100.00000000,20.00000000,1.05270240,2.13890103,0.26707540,-2.68008487,
inf,100.00000000,3.00000000,1.04069608,1.89191284,-0.03975814,-5.03030317,
inf,100.00000000,4.00000000,2.06721059,1.24983234,-0.76507207,-3.86696433,
inf,100.00000000,5.00000000,1.35352431,0.66913813,0.01212288,-1.67127139,
inf,100.00000000,6.00000000,0.70470644,2.27567649,0.82687878,-4.14896796,
inf,100.00000000,7.00000000,1.17356202,1.65696113,-0.00293365,-2.96427233,
inf,100.00000000,8.00000000,1.55603330,0.98827052,-0.42098748,-2.97079178,
inf,100.00000000,9.00000000,0.92001759,1.34440161,-0.02773070,-3.08679752,
inf,10.00000000,1.00000000,24.14676291,32.41497121,18.89948331,-63.65138380,
inf,10.00000000,10.00000000,2.29754658,5.98612930,4.30935306,-15.46951958,
inf,10.00000000,11.00000000,1.66555762,2.22967210,-0.27250447,-3.25689713,
inf,10.00000000,12.00000000,2.86018070,1.72403690,-1.60105557,-6.70049018,
inf,10.00000000,13.00000000,1.95407933,1.66987649,-0.50103020,-3.35072239,
inf,10.00000000,14.00000000,2.72964975,4.48527853,-0.64233851,-8.01544296,
inf,10.00000000,15.00000000,1.59920685,2.83157309,0.11568359,-3.25534696,
inf,10.00000000,16.00000000,1.79057561,-0.82209064,-0.17074962,-1.14751521,
inf,10.00000000,17.00000000,1.43044134,1.50096411,-0.11515946,-2.74765390,
inf,10.00000000,18.00000000,0.62459904,2.25528188,0.72086436,-5.52236663,
inf,10.00000000,19.00000000,2.12422156,1.51367308,-0.97726287,-5.57133724,
inf,10.00000000,2.00000000,1.66241729,0.92233458,-0.74207797,-3.55548796,
inf,10.00000000,20.00000000,1.22811649,2.66295407,0.40379035,-2.73436679,
inf,10.00000000,3.00000000,1.52393917,2.62338804,-0.41089925,-5.16111892,
inf,10.00000000,4.00000000,3.15254772,2.59273287,-0.57453693,-5.05064428,
inf,10.00000000,5.00000000,1.21707604,1.37698820,0.41693141,-2.44991861,
inf,10.00000000,6.00000000,1.06980326,2.71895853,0.48080670,-5.47540010,
inf,10.00000000,7.00000000,20.14441845,26.46820841,10.86890309,-37.65444467,
inf,10.00000000,8.00000000,2.02712223,1.65286313,-0.47894861,-3.90279597,
inf,10.00000000,9.00000000,4.38730178,2.89068137,-2.87094588,-9.78006056,
inf,1.00000000,1.00000000,26.80158796,37.21738890,21.22710449,-74.52118374,
inf,1.00000000,10.00000000,2.24118734,5.48073752,4.81385643,-20.62662101,
inf,1.00000000,11.00000000,2.53897513,3.59883618,-0.22697858,-4.41421367,
inf,1.00000000,12.00000000,2.93776341,1.76644583,-1.68325363,-6.99883619,
inf,1.00000000,13.00000000,1.93809904,1.67237771,-0.48389870,-3.38138631,
inf,1.00000000,14.00000000,2.86498921,4.55736768,-0.83157443,-8.54452111,
inf,1.00000000,15.00000000,1.61427785,2.86118640,0.10517402,-3.29030437,
inf,1.00000000,16.00000000,2.31178973,-2.47614496,-0.44332715,-1.42181951,
inf,1.00000000,17.00000000,1.56179613,1.01602482,-0.23300867,-2.84712725,
inf,1.00000000,18.00000000,0.57066962,2.31786349,0.73081099,-5.45124205,
inf,1.00000000,19.00000000,2.53681277,1.66495139,-1.15269871,-6.18246016,
inf,1.00000000,2.00000000,1.67091224,0.94030642,-0.74450211,-3.56032063,
inf,1.00000000,20.00000000,1.30668961,2.78121743,0.43819737,-2.78209907,
inf,1.00000000,3.00000000,2.28599089,3.38720277,-0.48869090,-6.43062991,
inf,1.00000000,4.00000000,2.87278914,2.86758675,-0.36151722,-4.75469269,
inf,1.00000000,5.00000000,1.12936347,1.64037839,0.55457625,-2.76852380,
inf,1.00000000,6.00000000,2.26244840,4.09564598,0.07373396,-8.06643673,
inf,1.00000000,7.00000000,14.40344398,19.35095923,7.23794349,-24.96418157,
inf,1.00000000,8.00000000,1.99946480,1.70975778,-0.44576709,-3.94450568,
inf,1.00000000,9.00000000,4.44521990,2.91713632,-2.90055664,-9.88507830,
inf,20.00000000,1.00000000,17.62136503,23.04276421,12.81043572,-42.61341119,
inf,20.00000000,10.00000000,2.03092960,5.32386331,3.87363046,-13.98635951,
inf,20.00000000,11.00000000,1.48294115,1.76580786,-0.30425693,-3.14558093,
inf,20.00000000,12.00000000,2.78477192,1.73179772,-1.55300350,-6.56788319,
inf,20.00000000,13.00000000,1.76844214,1.26985671,-0.63075966,-3.31117044,
inf,20.00000000,14.00000000,2.50996928,4.70905321,-0.55434805,-7.67421602,
inf,20.00000000,15.00000000,1.16130193,2.03144464,0.08445337,-2.96240311,
inf,20.00000000,16.00000000,1.21996859,-0.90216431,-0.06090510,-1.00745945,
inf,20.00000000,17.00000000,1.44414040,1.40332917,-0.12278590,-2.85152074,
inf,20.00000000,18.00000000,0.60993268,2.21456906,0.64734962,-5.36481328,
inf,20.00000000,19.00000000,1.83697898,1.36818969,-0.84154770,-5.19470184,
inf,20.00000000,2.00000000,1.64626048,0.93170733,-0.72978652,-3.51786680,
inf,20.00000000,20.00000000,1.19408855,2.56833287,0.36767879,-2.71755670,
inf,20.00000000,3.00000000,1.48524046,2.58338019,-0.40099370,-5.09120746,
inf,20.00000000,4.00000000,3.02231264,2.40261083,-0.62333942,-4.91857058,
inf,20.00000000,5.00000000,1.23133733,1.34380171,0.39312214,-2.36969348,
inf,20.00000000,6.00000000,1.03251136,2.66062909,0.51388812,-5.38127840,
inf,20.00000000,7.00000000,1.31539844,2.22784512,0.16740496,-2.94880106,
inf,20.00000000,8.00000000,1.96440185,1.62621569,-0.42478597,-3.71304805,
inf,20.00000000,9.00000000,4.26378974,2.84151936,-2.77121663,-9.47437152,
inf,2.00000000,1.00000000,25.10282734,34.29564184,19.11863566,-67.96775973,
inf,2.00000000,10.00000000,2.55715698,6.26355142,5.74806285,-21.96660363,
inf,2.00000000,11.00000000,2.53176667,3.59081719,-0.22631345,-4.40247071,
inf,2.00000000,12.00000000,2.92265343,1.76320600,-1.66733234,-6.95117208,
inf,2.00000000,13.00000000,1.93635897,1.67170580,-0.48237631,-3.37767191,
inf,2.00000000,14.00000000,2.67166702,4.80494780,-0.52549129,-7.83360875,
inf,2.00000000,15.00000000,1.61674954,2.86689302,0.10534348,-3.29726396,
inf,2.00000000,16.00000000,2.16933137,-2.15035998,-0.36243651,-1.22907539,
inf,2.00000000,17.00000000,1.55305977,1.00240402,-0.22265330,-2.84029607,
inf,2.00000000,18.00000000,0.57343952,2.33359211,0.74968374,-5.46947862,
inf,2.00000000,19.00000000,2.49376831,1.65214130,-1.13349590,-6.11322110,
inf,2.00000000,2.00000000,1.66961115,0.93984764,-0.74372429,-3.55786777,
inf,2.00000000,20.00000000,1.30560134,2.78015210,0.43877191,-2.78015992,
inf,2.00000000,3.00000000,1.58397044,2.65446234,-0.44155541,-5.24171563,
inf,2.00000000,4.00000000,3.25914187,2.31671466,-0.79311010,-5.42709058,
inf,2.00000000,5.00000000,1.11701834,1.74498209,0.60499897,-3.05539417,
inf,2.00000000,6.00000000,2.25478708,4.06055986,0.05533167,-8.04765808,
inf,2.00000000,7.00000000,10.81135202,14.29570220,5.15821546,-18.84549703,
inf,2.00000000,8.00000000,1.99390513,1.69821031,-0.44253324,-3.90596586,
inf,2.00000000,9.00000000,4.42772649,2.91825323,-2.89795368,-9.86526215,
inf,50.00000000,1.00000000,1.29145421,2.38784648,0.64654886,-3.58054645,
inf,50.00000000,10.00000000,0.32354157,2.10332465,1.64998221,-5.22454486,
inf,50.00000000,11.00000000,1.40954995,1.53899125,-0.32620164,-3.11255719,
inf,50.00000000,12.00000000,1.85441576,1.32926852,-1.05582164,-5.06899677,
inf,50.00000000,13.00000000,1.71953273,1.20411165,-0.61541059,-3.22492116,
inf,50.00000000,14.00000000,2.29201843,3.88508821,-0.44753998,-6.51874877,
inf,50.00000000,15.00000000,1.07505700,1.81837508,0.09632858,-2.98578200,
inf,50.00000000,16.00000000,1.08122358,-0.54070052,0.02982544,-0.81308601,
inf,50.00000000,17.00000000,1.41988004,1.33731552,-0.10726745,-2.28289302,
inf,50.00000000,18.00000000,0.70606748,2.05532939,0.47277570,-5.11359807,
inf,50.00000000,19.00000000,1.59482510,1.28844881,-0.67109254,-4.81776828,
inf,50.00000000,2.00000000,1.60984399,0.92776108,-0.70409565,-3.44354567,
inf,50.00000000,20.00000000,1.12370502,2.37314457,0.31385570,-2.68370544,
inf,50.00000000,3.00000000,1.36412325,2.29915943,-0.36691423,-5.00674080,
inf,50.00000000,4.00000000,2.16661614,1.22306128,-0.86897653,-4.09925293,
inf,50.00000000,5.00000000,1.34530218,1.02630731,0.21555440,-2.01021429,
inf,50.00000000,6.00000000,0.95884355,2.54544999,0.57195184,-5.07869071,
inf,50.00000000,7.00000000,1.22232766,1.89555480,0.06416698,-2.94802585,
inf,50.00000000,8.00000000,1.89115034,1.49334739,-0.37852816,-3.38317343,
inf,50.00000000,9.00000000,1.48163835,1.74238743,-0.56257717,-3.31110902,
inf,5.00000000,1.00000000,20.49275061,28.45282184,15.80737619,-55.04269645,
inf,5.00000000,10.00000000,2.90622051,6.63016068,6.20602738,-23.92140768,
inf,5.00000000,11.00000000,2.50993836,3.56633621,-0.22446047,-4.36687687,
inf,5.00000000,12.00000000,2.90382735,1.75740547,-1.64753454,-6.88331807,
inf,5.00000000,13.00000000,1.79232823,1.33424805,-0.62480781,-3.31349377,
inf,5.00000000,14.00000000,2.69728959,4.62302475,-0.55466242,-7.96384681,
inf,5.00000000,15.00000000,2.84923550,4.43126122,0.13386629,-5.16286790,
inf,5.00000000,16.00000000,1.22554516,-2.02896614,-0.02380423,-0.65285294,
inf,5.00000000,17.00000000,1.47400749,1.48577654,-0.16049072,-2.98174812,
inf,5.00000000,18.00000000,0.55302684,2.34518405,0.78400629,-5.48951984,
inf,5.00000000,19.00000000,2.34374851,1.60561442,-1.06815262,-5.88212497,
inf,5.00000000,2.00000000,1.66589226,0.93860150,-0.74149993,-3.55161940,
inf,5.00000000,20.00000000,1.29848267,2.77708642,0.44450296,-2.76995642,
inf,5.00000000,3.00000000,2.41127102,3.48843331,-0.44869260,-6.53488007,
inf,5.00000000,4.00000000,3.22249416,2.72975156,-0.53167675,-5.12988282,
inf,5.00000000,5.00000000,1.13976214,1.60048519,0.53436205,-2.69245415,
inf,5.00000000,6.00000000,2.19969103,4.04104240,0.09487024,-7.81889581,
inf,5.00000000,7.00000000,11.10207073,14.60425584,5.23832842,-18.83068249,
inf,5.00000000,8.00000000,1.98862040,1.69124468,-0.43953404,-3.88160784,
inf,5.00000000,9.00000000,4.37975251,2.82963820,-2.92658996,-9.78606770,